                 Temp.  Temp.  Temp.  Hum.   Punt   Vel.   Dir.   Rec.  Vel.  Dir.  Sens.   Índ.   Índ.                  Int. Graus D.Graus D.  Temp.  Hum. Rosada  In.Cal.  EMC     Dens.    Mostr   Tx   Recep.  Int.
  Data    Hora    Ext.   Màx.   Mín.  Ext. Rosada   Vent   Vent   Vent  Màx.  Màx.  Tèrm.  Calor   THW    Bar    Pluja   Pluja  Calor    Fred    Int.  Int.   Int.   Int.    Int.  Int.Aire    Vent   Vent   ISS   Arc.
-------------------------------------------------------------------------------------------------------------------------------------------------------------------------------------------------------------------------
30/07/26   0:15   23.1   23.2   22.9    86   20.6    0.0    ---   0.00   0.0   ---   23.1   24.3   24.3  1018.3   0.00    0.0    0.000   0.049   27.3    47   15.0   27.3    8.63   1.1614     348     1    100.0   15 
30/07/26   0:30   22.8   22.9   22.7    86   20.4    0.0    ---   0.00   0.0   ---   22.8   24.1   24.1  1018.1   0.00    0.0    0.000   0.047   27.5    49   15.8   27.7    8.92   1.1595     350     1    100.0   15 
30/07/26   0:45   22.8   22.9   22.7    87   20.6    0.0    ---   0.00   0.0   ---   22.8   24.1   24.1  1018.0   0.00    0.0    0.000   0.047   27.6    51   16.6   27.9    9.32   1.1580     351     1    100.0   15 
30/07/26   1:00   22.9   22.9   22.9    86   20.4    0.0     SO   0.00   4.8    SO   22.9   24.1   24.1  1018.0   0.00    0.0    0.000   0.047   27.7    53   17.3   28.3    9.61   1.1565     350     1    100.0   15 
30/07/26   1:15   22.9   22.9   22.8    86   20.4    0.0      O   0.00   4.8     O   22.9   24.1   24.1  1017.9   0.00    0.0    0.000   0.047   27.8    55   17.9   28.6    9.85   1.1552     352     1    100.0   15 
30/07/26   1:30   22.8   22.8   22.7    87   20.5    0.0     SO   0.00   3.2    SO   22.8   24.1   24.1  1017.9   0.00    0.0    0.000   0.046   27.8    56   18.2   28.7   10.05   1.1545     351     1    100.0   15 
30/07/26   1:45   22.7   22.7   22.6    87   20.4    0.0     SO   0.00   4.8    SO   22.7   23.9   23.9  1017.8   0.00    0.0    0.000   0.045   27.8    57   18.5   28.8   10.19   1.1540     351     1    100.0   15 
30/07/26   2:00   22.5   22.6   22.4    88   20.4    0.0    OSO   0.00   4.8     O   22.5   23.7   23.7  1017.7   0.00    0.0    0.000   0.043   27.8    58   18.8   28.9   10.35   1.1535     351     1    100.0   15 
30/07/26   2:15   22.4   22.4   22.3    88   20.3    0.0      O   0.00   4.8     O   22.4   23.6   23.6  1017.6   0.00    0.0    0.000   0.042   27.8    59   19.1   29.0   10.55   1.1529     352     1    100.0   15 
30/07/26   2:30   22.2   22.3   22.2    88   20.1    0.0    OSO   0.00   4.8   OSO   22.2   23.3   23.3  1017.6   0.00    0.0    0.000   0.041   27.8    59   19.1   29.0   10.55   1.1529     350     1    100.0   15 
30/07/26   2:45   22.1   22.2   22.1    88   20.0    0.0    OSO   0.00   3.2    NO   22.1   23.2   23.2  1017.6   0.00    0.0    0.000   0.039   27.8    60   19.3   29.0   10.75   1.1527     351     1    100.0   15 
30/07/26   3:00   21.9   22.1   21.8    87   19.7    0.0    OSO   0.00   4.8    SO   21.9   23.1   23.1  1017.4   0.00    0.0    0.000   0.038   27.8    60   19.3   29.0   10.75   1.1526     351     1    100.0   15 
30/07/26   3:15   21.7   21.8   21.6    84   18.9    0.0    OSO   0.00   3.2   OSO   21.7   22.7   22.7  1017.3   0.00    0.0    0.000   0.035   27.7    60   19.2   28.9   10.75   1.1527     350     1    100.0   15 
30/07/26   3:30   21.6   21.7   21.6    81   18.2    0.0    OSO   0.00   3.2   OSO   21.6   22.4   22.4  1017.2   0.00    0.0    0.000   0.034   27.7    59   19.0   28.8   10.55   1.1530     352     1    100.0   15 
30/07/26   3:45   21.7   21.7   21.7    78   17.7    0.0    OSO   0.00   1.6   OSO   21.7   22.3   22.3  1017.1   0.00    0.0    0.000   0.035   27.6    58   18.6   28.6   10.35   1.1539     350     1    100.0   15 
30/07/26   4:00   21.7   21.7   21.7    75   17.1    0.0    OSO   0.00   3.2   OSO   21.7   22.2   22.2  1017.1   0.00    0.0    0.000   0.035   27.6    57   18.3   28.4   10.18   1.1547     350     1    100.0   15 
30/07/26   4:15   21.8   21.9   21.7    76   17.4    0.0    OSO   0.00   1.6   OSO   21.8   22.3   22.3  1017.1   0.00    0.0    0.000   0.036   27.4    56   17.9   28.2   10.05   1.1556     350     1    100.0   15 
30/07/26   4:30   21.9   21.9   21.8    75   17.3    0.0    OSO   0.00   3.2   OSO   21.9   22.4   22.4  1017.2   0.00    0.0    0.000   0.037   27.4    55   17.5   28.0    9.85   1.1564     352     1    100.0   15 
30/07/26   4:45   21.8   21.8   21.8    75   17.1    0.0    OSO   0.00   1.6   OSO   21.8   22.2   22.2  1017.2   0.00    0.0    0.000   0.036   27.4    55   17.5   28.0    9.85   1.1565     349     1    100.0   15 
30/07/26   5:00   21.8   21.8   21.8    75   17.1    0.0    ---   0.00   0.0   ---   21.8   22.2   22.2  1017.3   0.00    0.0    0.000   0.036   27.3    55   17.5   27.9    9.85   1.1569     350     1    100.0   15 
30/07/26   5:15   21.8   21.9   21.8    75   17.2    0.0    ---   0.00   0.0   ---   21.8   22.3   22.3  1017.3   0.00    0.0    0.000   0.036   27.3    55   17.4   27.8    9.85   1.1572     351     1    100.0   15 
30/07/26   5:30   21.9   22.1   21.9    74   17.1    0.0    ---   0.00   0.0   ---   21.9   22.4   22.4  1017.3   0.00    0.0    0.000   0.038   27.3    55   17.5   27.9    9.85   1.1569     352     1    100.0   15 
30/07/26   5:45   22.1   22.2   22.1    73   17.0    0.0    ---   0.00   0.0   ---   22.1   22.6   22.6  1017.3   0.00    0.0    0.000   0.039   27.4    55   17.5   28.0    9.85   1.1566     351     1    100.0   15 
30/07/26   6:00   22.3   22.4   22.2    73   17.2    0.0    ---   0.00   0.0   ---   22.3   22.8   22.8  1017.4   0.00    0.0    0.000   0.041   27.6    54   17.4   28.1    9.75   1.1563     351     1    100.0   15 
30/07/26   6:15   22.7   22.9   22.4    73   17.6    0.0    ---   0.00   0.0   ---   22.7   23.3   23.3  1017.4   0.00    0.0    0.000   0.045   27.8    54   17.6   28.4    9.75   1.1552     351     1    100.0   15 
30/07/26   6:30   23.1   23.3   22.9    73   18.0    0.0    ---   0.00   0.0   ---   23.1   24.0   24.0  1017.4   0.00    0.0    0.000   0.050   28.1    54   17.9   28.9    9.75   1.1537     351     1    100.0   15 
30/07/26   6:45   23.6   23.9   23.3    77   19.3    0.0    ---   0.00   0.0   ---   23.6   24.8   24.8  1017.4   0.00    0.0    0.000   0.055   28.3    56   18.7   29.4   10.05   1.1516     352     1    100.0   15 
30/07/26   7:00   24.2   24.4   24.0    77   19.9    0.0    ---   0.00   0.0   ---   24.2   25.6   25.6  1017.4   0.00    0.0    0.000   0.061   28.5    57   19.2   29.9   10.22   1.1500     350     1    100.0   15 
30/07/26   7:15   24.7   24.9   24.4    75   20.0    0.0    ---   0.00   0.0   ---   24.7   26.1   26.1  1017.6   0.00    0.0    0.000   0.067   28.8    57   19.4   30.4   10.23   1.1487     349     1    100.0   15 
30/07/26   7:30   25.2   25.4   25.0    74   20.3    0.0    ---   0.00   0.0   ---   25.2   26.6   26.6  1017.7   0.00    0.0    0.000   0.072   28.9    57   19.6   30.7   10.23   1.1480     351     1    100.0   15 
30/07/26   7:45   25.6   25.8   25.3    72   20.2    0.0    ---   0.00   0.0   ---   25.6   26.9   26.9  1017.6   0.00    0.0    0.000   0.076   29.1    57   19.7   30.8   10.24   1.1473     352     1    100.0   15 
30/07/26   8:00   26.1   26.4   25.8    72   20.7    0.0    ---   0.00   0.0   ---   26.1   27.6   27.6  1017.6   0.00    0.0    0.000   0.081   29.2    57   19.8   31.0   10.24   1.1467     351     1    100.0   15 
30/07/26   8:15   26.7   26.9   26.4    71   21.0    0.0    ---   0.00   0.0   ---   26.7   28.4   28.4  1017.6   0.00    0.0    0.000   0.087   29.3    57   19.9   31.2   10.25   1.1458     351     1    100.0   15 
30/07/26   8:30   27.3   27.6   26.9    68   20.9    0.0    ---   0.00   0.0   ---   27.3   29.0   29.0  1017.7   0.00    0.0    0.000   0.093   29.4    57   20.0   31.3   10.25   1.1456     351     1    100.0   15 
30/07/26   8:45   27.8   27.9   27.6    67   21.1    0.0      O   0.00   8.0    SO   27.8   29.8   29.8  1017.6   0.00    0.0    0.000   0.098   29.5    57   20.1   31.5   10.25   1.1449     352     1    100.0   15 
30/07/26   9:00   28.2   28.6   27.9    64   20.8    1.6    OSO   0.40   9.7    SO   28.2   30.2   30.2  1017.5   0.00    0.0    0.000   0.103   29.6    57   20.2   31.7   10.24   1.1442     351     1    100.0   15 
30/07/26   9:15   28.7   29.1   28.6    63   21.0    1.6    OSO   0.40   9.7   OSO   28.7   31.1   31.1  1017.5   0.00    0.0    0.000   0.108   29.7    57   20.3   31.9   10.23   1.1437     348     1    100.0   15 
30/07/26   9:30   29.4   29.9   29.1    59   20.6    1.6    OSO   0.40  11.3   SSE   29.4   31.7   31.7  1017.4   0.00    0.0    0.000   0.116   29.8    56   20.1   31.9   10.04   1.1434     351     1    100.0   15 
30/07/26   9:45   30.2   30.5   29.9    56   20.4    3.2      S   0.80  12.9   SSE   30.2   32.6   32.6  1017.3   0.00    0.0    0.000   0.123   29.9    56   20.2   32.2   10.03   1.1427     351     1    100.0   15 
30/07/26  10:00   30.8   31.2   30.5    53   20.1    3.2    SSE   0.80  12.9   SSO   30.8   33.2   33.2  1017.1   0.00    0.0    0.000   0.130   30.1    55   20.1   32.3    9.83   1.1421     352     1    100.0   15 
30/07/26  10:15   31.7   32.1   31.3    50   20.0    3.2     SO   0.80  14.5    SO   31.7   34.3   34.3  1016.9   0.00    0.0    0.000   0.139   29.9    50   18.4   31.2    9.05   1.1451     351     1    100.0   15 
30/07/26  10:30   32.2   32.6   32.1    46   19.1    3.2      S   0.80  12.9   SSE   32.2   34.3   34.3  1016.9   0.00    0.0    0.000   0.145   29.3    47   16.9   30.1    8.55   1.1497     350     1    100.0   15 
30/07/26  10:45   32.7   32.9   32.6    44   18.8    4.8      S   1.21  16.1    SO   32.7   34.6   34.6  1016.8   0.00    0.0    0.000   0.149   29.0    48   16.9   29.8    8.77   1.1508     351     1    100.0   15 
30/07/26  11:00   33.2   33.3   32.9    41   18.1    4.8    SSO   1.21  16.1   ESE   33.2   34.7   34.7  1016.7   0.00    0.0    0.000   0.155   29.0    46   16.2   29.7    8.45   1.1516     352     1    100.0   15 
30/07/26  11:15   33.3   33.5   33.2    38   17.0    6.4      S   1.61  19.3     S   33.3   34.2   34.2  1016.7   0.00    0.0    0.000   0.156   28.9    44   15.4   29.4    8.15   1.1531     350     1    100.0   15 
30/07/26  11:30   33.7   33.8   33.5    35   16.1    6.4      S   1.61  17.7     S   33.7   34.1   34.1  1016.7   0.00    0.0    0.000   0.160   28.8    45   15.7   29.3    8.27   1.1532     351     1    100.0   15 
30/07/26  11:45   34.0   34.2   33.8    34   15.9    6.4      S   1.61  20.9   SSE   34.0   34.4   34.4  1016.6   0.00    0.0    0.000   0.163   28.9    45   15.8   29.5    8.27   1.1525     351     1    100.0   15 
30/07/26  12:00   34.1   34.3   33.9    34   16.0    8.0      S   2.01  22.5     S   34.1   34.6   34.6  1016.7   0.00    0.0    0.000   0.164   28.9    44   15.4   29.4    8.15   1.1531     352     1    100.0   15 
30/07/26  12:15   33.9   34.2   33.7    35   16.3    8.0      S   2.01  24.1   SSE   33.9   34.5   34.5  1016.7   0.00    0.0    0.000   0.163   28.8    44   15.4   29.3    8.15   1.1534     350     1    100.0   15 
30/07/26  12:30   33.9   34.1   33.9    34   15.9    6.4      S   1.61  19.3    SE   33.9   34.4   34.4  1016.6   0.00    0.0    0.000   0.163   28.8    44   15.4   29.3    8.15   1.1532     350     1    100.0   15 
30/07/26  12:45   33.8   34.0   33.7    33   15.3    9.7    SSO   2.41  27.4     S   33.8   34.1   34.1  1016.6   0.00    0.0    0.000   0.161   28.8    44   15.3   29.2    8.15   1.1536     350     1    100.0   15 
30/07/26  13:00   33.9   34.0   33.8    34   15.8    8.0      S   2.01  20.9    SO   33.9   34.3   34.3  1016.5   0.00    0.0    0.000   0.162   28.8    44   15.3   29.2    8.15   1.1534     351     1    100.0   15 
30/07/26  13:15   33.8   33.9   33.6    34   15.7    8.0     SO   2.01  20.9    SO   33.8   34.2   34.2  1016.4   0.00    0.0    0.000   0.161   28.9    44   15.4   29.4    8.15   1.1528     351     1    100.0   15 
30/07/26  13:30   33.9   34.1   33.9    34   15.9    8.0      S   2.01  24.1    SO   33.9   34.4   34.4  1016.4   0.00    0.0    0.000   0.163   28.9    44   15.4   29.4    8.15   1.1527     351     1    100.0   15 
30/07/26  13:45   33.9   34.1   33.8    35   16.3    8.0    SSO   2.01  30.6   OSO   33.9   34.5   34.5  1016.2   0.00    0.0    0.000   0.163   28.9    44   15.4   29.4    8.15   1.1525     351     1    100.0   15 
30/07/26  14:00   33.8   34.0   33.7    34   15.8    8.0      S   2.01  24.1    SO   33.8   34.2   34.2  1016.3   0.00    0.0    0.000   0.161   28.9    43   15.1   29.4    7.97   1.1528     351     1    100.0   15 
30/07/26  14:15   33.7   33.8   33.6    35   16.1    8.0    SSO   2.01  20.9   SSO   33.7   34.1   34.1  1016.1   0.00    0.0    0.000   0.160   28.9    42   14.7   29.2    7.85   1.1533     350     1    100.0   15 
30/07/26  14:30   33.8   33.9   33.6    32   14.8    6.4     SO   1.61  22.5    SO   33.8   33.9   33.9  1015.8   0.00    0.0    0.000   0.161   29.0    42   14.8   29.3    7.85   1.1524     351     1    100.0   15 
30/07/26  14:45   33.6   33.7   33.5    33   15.1    6.4     SO   1.61  17.7   SSE   33.6   33.8   33.8  1015.8   0.00    0.0    0.000   0.159   28.9    42   14.7   29.2    7.85   1.1530     351     1    100.0   15 
30/07/26  15:00   33.7   33.9   33.4    33   15.2    4.8     SO   1.21  17.7   OSO   33.7   33.8   33.8  1015.8   0.00    0.0    0.000   0.160   28.9    41   14.4   29.2    7.67   1.1531     351     1    100.0   15 
30/07/26  15:15   33.6   33.8   33.4    34   15.6    4.8     SO   1.21  22.5   OSO   33.6   33.9   33.9  1015.7   0.00    0.0    0.000   0.159   28.9    42   14.7   29.3    7.85   1.1526     351     1    100.0   15 
30/07/26  15:30   33.6   33.9   33.1    33   15.1    6.4     SO   1.61  20.9    SO   33.6   33.8   33.8  1015.6   0.00    0.0    0.000   0.159   28.9    42   14.7   29.2    7.85   1.1527     352     1    100.0   15 
30/07/26  15:45   32.9   33.1   32.7    34   15.0    8.0     SO   2.01  19.3    SO   32.9   32.9   32.9  1015.5   0.00    0.0    0.000   0.152   28.8    42   14.6   29.2    7.85   1.1529     351     1    100.0   15 
30/07/26  16:00   32.7   32.9   32.6    35   15.3    6.4     SO   1.61  19.3    SO   32.7   32.8   32.8  1015.4   0.00    0.0    0.000   0.150   28.9    41   14.3   29.2    7.67   1.1530     351     1    100.0   15 
30/07/26  16:15   32.8   33.1   32.6    35   15.4    6.4    OSO   1.61  19.3   OSO   32.8   32.9   32.9  1015.4   0.00    0.0    0.000   0.151   28.8    43   15.0   29.2    7.97   1.1524     351     1    100.0   15 
30/07/26  16:30   32.5   32.6   32.3    35   15.1    6.4    OSO   1.61  24.1   OSO   32.5   32.6   32.6  1015.4   0.00    0.0    0.000   0.148   28.8    42   14.6   29.1    7.85   1.1531     352     1    100.0   15 
30/07/26  16:45   32.2   32.3   32.1    38   16.1    4.8     SO   1.21  16.1    SO   32.2   32.6   32.6  1015.3   0.00    0.0    0.000   0.145   28.9    41   14.3   29.2    7.67   1.1529     351     1    100.0   15 
30/07/26  17:00   32.1   32.3   31.9    39   16.4    4.8    SSO   1.21  17.7     O   32.1   32.6   32.6  1015.2   0.00    0.0    0.000   0.143   28.9    41   14.4   29.2    7.67   1.1525     351     1    100.0   15 
30/07/26  17:15   31.8   32.0   31.6    40   16.6    4.8     SO   1.21  16.1     S   31.8   32.4   32.4  1015.1   0.00    0.0    0.000   0.141   28.9    40   13.9   29.1    7.55   1.1531     351     1    100.0   15 
30/07/26  17:30   31.4   31.6   30.9    41   16.6    4.8    OSO   1.21  16.1     S   31.4   31.9   31.9  1015.1   0.00    0.0    0.000   0.136   28.9    40   14.0   29.1    7.55   1.1528     352     1    100.0   15 
30/07/26  17:45   30.7   30.9   30.6    44   17.0    4.8      S   1.21  17.7    SO   30.7   31.4   31.4  1015.2   0.00    0.0    0.000   0.128   28.9    40   13.9   29.1    7.55   1.1532     351     1    100.0   15 
30/07/26  18:00   30.4   30.6   30.1    46   17.5    4.8     SO   1.21  12.9   SSE   30.4   31.3   31.3  1015.2   0.00    0.0    0.000   0.126   28.7    41   14.2   28.9    7.68   1.1536     349     1    100.0   15 
30/07/26  18:15   30.0   30.1   29.8    47   17.5    3.2      S   0.80  12.9   OSO   30.0   30.8   30.8  1015.3   0.00    0.0    0.000   0.122   28.5    41   14.0   28.5    7.68   1.1548     351     1    100.0   15 
30/07/26  18:30   29.4   29.8   29.1    48   17.3    3.2    OSO   0.80  12.9    SO   29.4   30.3   30.3  1015.4   0.00    0.0    0.000   0.116   28.3    40   13.4   28.2    7.55   1.1561     351     1    100.0   15 
30/07/26  18:45   28.7   29.1   28.5    48   16.6    3.2    OSO   0.80  16.1    SO   28.7   29.4   29.4  1015.4   0.00    0.0    0.000   0.108   28.2    40   13.3   27.9    7.55   1.1570     351     1    100.0   15 
30/07/26  19:00   28.3   28.5   28.1    49   16.6    1.6     SO   0.40   9.7   SSO   28.3   28.9   28.9  1015.5   0.00    0.0    0.000   0.104   27.9    40   13.1   27.6    7.55   1.1581     350     1    100.0   15 
30/07/26  19:15   27.8   28.1   27.6    50   16.4    3.2    OSO   0.80  12.9     S   27.8   28.1   28.1  1015.6   0.00    0.0    0.000   0.098   27.8    39   12.6   27.4    7.41   1.1592     351     1    100.0   15 
30/07/26  19:30   27.4   27.6   27.2    52   16.7    1.6     SO   0.40  11.3   OSO   27.4   27.8   27.8  1015.7   0.00    0.0    0.000   0.095   27.9    39   12.7   27.6    7.40   1.1588     351     1    100.0   15 
30/07/26  19:45   27.0   27.2   26.8    53   16.6    1.6    OSO   0.40   6.4   OSO   27.0   27.3   27.3  1015.7   0.00    0.0    0.000   0.090   28.2    43   14.4   28.2    8.00   1.1560     352     1    100.0   15 
30/07/26  20:00   26.7   26.8   26.7    55   16.9    0.0    ---   0.00   0.0   ---   26.7   27.1   27.1  1015.8   0.00    0.0    0.000   0.087   28.4    45   15.4   28.8    8.29   1.1538     351     1    100.0   15 
30/07/26  20:15   26.6   26.7   26.4    57   17.3    0.0    ---   0.00   0.0   ---   26.6   27.1   27.1  1016.1   0.00    0.0    0.000   0.086   28.7    46   15.9   29.2    8.45   1.1526     351     1    100.0   15 
30/07/26  20:30   26.2   26.4   26.1    58   17.3    0.0    ---   0.00   0.0   ---   26.2   26.7   26.7  1016.3   0.00    0.0    0.000   0.082   28.7    48   16.6   29.4    8.78   1.1516     351     1    100.0   15 
30/07/26  20:45   25.9   26.1   25.7    59   17.3    0.0    ---   0.00   0.0   ---   25.9   26.4   26.4  1016.4   0.00    0.0    0.000   0.079   28.8    48   16.7   29.6    8.77   1.1515     351     1    100.0   15 
30/07/26  21:00   25.7   25.7   25.6    60   17.3    0.0    ---   0.00   0.0   ---   25.7   26.2   26.2  1016.5   0.00    0.0    0.000   0.076   28.8    49   17.0   29.6    8.87   1.1511     351     1    100.0   15 
30/07/26  21:15   25.5   25.6   25.3    63   17.9    0.0    ---   0.00   0.0   ---   25.5   26.2   26.2  1016.6   0.00    0.0    0.000   0.075   28.8    49   17.1   29.7    8.87   1.1510     351     1    100.0   15 
30/07/26  21:30   25.2   25.3   24.9    66   18.4    0.0    ---   0.00   0.0   ---   25.2   26.0   26.0  1016.7   0.00    0.0    0.000   0.071   28.8    50   17.4   29.8    9.07   1.1506     351     1    100.0   15 
30/07/26  21:45   24.8   24.9   24.7    68   18.5    0.0    ---   0.00   0.0   ---   24.8   25.7   25.7  1016.5   0.00    0.0    0.000   0.068   28.8    52   18.0   30.0    9.37   1.1495     351     1    100.0   15 
30/07/26  22:00   24.7   24.7   24.6    69   18.6    0.0    ---   0.00   0.0   ---   24.7   25.6   25.6  1016.4   0.00    0.0    0.000   0.066   28.8    52   18.0   30.0    9.37   1.1493     351     1    100.0   15 
30/07/26  22:15   24.5   24.6   24.4    71   18.9    0.0    ---   0.00   0.0   ---   24.5   25.6   25.6  1016.4   0.00    0.0    0.000   0.064   28.8    53   18.3   30.1    9.57   1.1489     351     1    100.0   15 
30/07/26  22:30   24.3   24.4   24.3    73   19.2    0.0    ---   0.00   0.0   ---   24.3   25.5   25.5  1016.5   0.00    0.0    0.000   0.063   28.8    54   18.6   30.2    9.75   1.1486     351     1    100.0   15 
30/07/26  22:45   24.2   24.3   24.2    74   19.3    0.0    ---   0.00   0.0   ---   24.2   25.4   25.4  1016.6   0.00    0.0    0.000   0.061   28.8    55   18.8   30.2    9.85   1.1485     351     1    100.0   15 
30/07/26  23:00   24.1   24.2   24.0    76   19.6    0.0    ---   0.00   0.0   ---   24.1   25.4   25.4  1016.6   0.00    0.0    0.000   0.060   28.8    56   19.1   30.3   10.05   1.1481     352     1    100.0   15 
30/07/26  23:15   23.9   24.0   23.8    78   19.8    0.0    ---   0.00   0.0   ---   23.9   25.2   25.2  1016.7   0.00    0.0    0.000   0.058   28.8    56   19.1   30.3   10.05   1.1481     351     1    100.0   15 
30/07/26  23:30   23.8   23.8   23.8    80   20.1    0.0    ---   0.00   0.0   ---   23.8   25.1   25.1  1016.7   0.00    0.0    0.000   0.057   28.8    57   19.4   30.4   10.23   1.1477     351     1    100.0   15 
30/07/26  23:45   23.7   23.8   23.7    81   20.3    0.0    ---   0.00   0.0   ---   23.7   25.1   25.1  1016.7   0.00    0.0    0.000   0.056   28.8    58   19.7   30.5   10.35   1.1472     351     1    100.0   15 
31/07/26  00:00   23.7   23.7   23.6    83   20.6    0.0    ---   0.00   0.0   ---   23.7   25.1   25.1  1016.6   0.00    0.0    0.000   0.056   28.7    59   19.9   30.5   10.55   1.1469     352     1    100.0   15 
31/07/26   0:15   23.6   23.7   23.5    83   20.5    0.0    ---   0.00   0.0   ---   23.6   24.9   24.9  1016.5   0.00    0.0    0.000   0.054   28.7    59   19.9   30.5   10.55   1.1469     347     1    100.0   15 
31/07/26   0:30   23.4   23.5   23.3    84   20.5    0.0    ---   0.00   0.0   ---   23.4   24.6   24.6  1016.6   0.00    0.0    0.000   0.053   28.7    60   20.2   30.6   10.75   1.1465     352     1    100.0   15 
31/07/26   0:45   23.2   23.3   23.1    85   20.6    0.0    ---   0.00   0.0   ---   23.2   24.4   24.4  1016.4   0.00    0.0    0.000   0.051   28.7    60   20.1   30.5   10.75   1.1466     351     1    100.0   15 
31/07/26   1:00   23.1   23.1   23.1    86   20.6    0.0    ---   0.00   0.0   ---   23.1   24.3   24.3  1016.4   0.00    0.0    0.000   0.049   28.6    61   20.4   30.6   10.95   1.1464     351     1    100.0   15 
31/07/26   1:15   23.0   23.1   23.0    87   20.7    0.0    ---   0.00   0.0   ---   23.0   24.3   24.3  1016.3   0.00    0.0    0.000   0.049   28.6    61   20.4   30.6   10.95   1.1464     351     1    100.0   15 
31/07/26   1:30   22.9   23.0   22.9    87   20.7    0.0    ---   0.00   0.0   ---   22.9   24.2   24.2  1016.4   0.00    0.0    0.000   0.048   28.6    62   20.6   30.6   11.08   1.1463     351     1    100.0   15 
31/07/26   1:45   22.8   22.9   22.7    86   20.3    0.0    ---   0.00   0.0   ---   22.8   24.0   24.0  1016.4   0.00    0.0    0.000   0.046   28.6    61   20.3   30.4   10.95   1.1467     351     1    100.0   15 
31/07/26   2:00   22.7   22.7   22.6    87   20.4    0.0    ---   0.00   0.0   ---   22.7   23.9   23.9  1016.4   0.00    0.0    0.000   0.045   28.5    61   20.2   30.3   10.95   1.1471     350     1    100.0   15 
31/07/26   2:15   22.7   22.7   22.6    88   20.6    0.0    ---   0.00   0.0   ---   22.7   23.9   23.9  1016.2   0.00    0.0    0.000   0.045   28.4    62   20.5   30.3   11.09   1.1467     351     1    100.0   15 
31/07/26   2:30   22.3   22.6   21.9    84   19.4    1.6     NO   0.40   6.4    NO   22.3   23.3   23.3  1016.2   0.00    0.0    0.000   0.041   28.4    60   19.9   30.1   10.75   1.1476     352     1    100.0   15 
31/07/26   2:45   21.9   22.0   21.9    82   18.7    1.6     NO   0.40   4.8    NO   21.9   22.8   22.8  1016.1   0.00    0.0    0.000   0.038   28.3    59   19.6   29.7   10.55   1.1484     350     1    100.0   15 
31/07/26   3:00   22.1   22.2   22.0    82   18.9    3.2     NO   0.80   4.8    NO   22.1   22.9   22.9  1015.9   0.00    0.0    0.000   0.039   28.2    59   19.4   29.6   10.55   1.1489     351     1    100.0   15 
31/07/26   3:15   22.3   22.3   22.2    81   18.9    3.2     NO   0.80   6.4    NO   22.3   23.1   23.1  1015.8   0.00    0.0    0.000   0.041   28.1    59   19.3   29.4   10.55   1.1493     351     1    100.0   15 
31/07/26   3:30   22.4   22.6   22.3    84   19.6    1.6     NO   0.40   4.8    NO   22.4   23.4   23.4  1015.7   0.00    0.0    0.000   0.043   28.1    59   19.3   29.3   10.55   1.1495     351     1    100.0   15 
31/07/26   3:45   22.6   22.7   22.5    84   19.8    0.0     NO   0.00   1.6    NO   22.6   23.7   23.7  1015.6   0.00    0.0    0.000   0.045   28.0    59   19.2   29.2   10.55   1.1497     350     1    100.0   15 
31/07/26   4:00   22.5   22.6   22.4    85   19.9    0.0     NO   0.00   3.2    NO   22.5   23.6   23.6  1015.7   0.00    0.0    0.000   0.043   28.0    60   19.5   29.3   10.75   1.1493     351     1    100.0   15 
31/07/26   4:15   22.4   22.4   22.4    86   19.9    0.0     NO   0.00   3.2    NO   22.4   23.5   23.5  1015.6   0.00    0.0    0.000   0.042   28.0    61   19.8   29.4   10.95   1.1489     350     1    100.0   15 
31/07/26   4:30   22.3   22.4   22.1    85   19.6    1.6     NO   0.40   4.8    NO   22.3   23.3   23.3  1015.6   0.00    0.0    0.000   0.041   27.9    61   19.7   29.4   10.95   1.1492     350     1    100.0   15 
31/07/26   4:45   22.0   22.2   21.9    85   19.4    3.2     NO   0.80   6.4    NO   22.0   23.0   23.0  1015.6   0.00    0.0    0.000   0.038   27.9    61   19.7   29.3   10.95   1.1495     352     1    100.0   15 
31/07/26   5:00   21.7   21.9   21.4    86   19.3    0.0     NO   0.00   1.6    NO   21.7   22.8   22.8  1015.6   0.00    0.0    0.000   0.035   27.8    61   19.6   29.1   10.95   1.1501     351     1    100.0   15 
31/07/26   5:15   21.4   21.4   21.4    87   19.1    0.0    ---   0.00   0.0   ---   21.4   22.4   22.4  1015.4   0.00    0.0    0.000   0.032   27.8    60   19.3   29.0   10.75   1.1503     351     1    100.0   15 
31/07/26   5:30   21.4   21.5   21.4    86   19.0    0.0    ---   0.00   0.0   ---   21.4   22.4   22.4  1015.5   0.00    0.0    0.000   0.032   27.8    60   19.3   29.0   10.75   1.1503     350     1    100.0   15 
31/07/26   5:45   21.7   21.9   21.4    85   19.0    0.0    ---   0.00   0.0   ---   21.7   22.7   22.7  1015.5   0.00    0.0    0.000   0.035   27.9    60   19.4   29.2   10.75   1.1497     352     1    100.0   15 
31/07/26   6:00   21.9   22.1   21.8    86   19.4    0.0    ---   0.00   0.0   ---   21.9   22.9   22.9  1015.4   0.00    0.0    0.000   0.037   28.0    60   19.5   29.3   10.75   1.1490     350     1    100.0   15 
31/07/26   6:15   22.3   22.4   22.1    82   19.1    0.0    ---   0.00   0.0   ---   22.3   23.2   23.2  1015.4   0.00    0.0    0.000   0.041   28.2    59   19.4   29.5   10.55   1.1486     351     1    100.0   15 
31/07/26   6:30   22.2   22.3   22.2    83   19.2    0.0    ---   0.00   0.0   ---   22.2   23.1   23.1  1015.7   0.00    0.0    0.000   0.041   28.3    59   19.6   29.7   10.55   1.1480     349     1    100.0   15 
31/07/26   6:45   22.4   22.8   22.3    82   19.2    0.0    ---   0.00   0.0   ---   22.4   23.4   23.4  1015.9   0.00    0.0    0.000   0.043   28.4    59   19.7   29.9   10.55   1.1477     351     1    100.0   15 
31/07/26   7:00   23.5   23.9   22.8    79   19.6    0.0    ---   0.00   0.0   ---   23.5   24.7   24.7  1015.8   0.00    0.0    0.000   0.054   28.6    59   19.8   30.2   10.55   1.1470     352     1    100.0   15 
31/07/26   7:15   24.3   24.6   23.9    79   20.4    0.0    ---   0.00   0.0   ---   24.3   25.8   25.8  1015.8   0.00    0.0    0.000   0.062   28.7    60   20.1   30.5   10.75   1.1459     351     1    100.0   15 
31/07/26   7:30   25.0   25.4   24.6    73   19.8    0.0    ESE   0.00   4.8     E   25.0   26.3   26.3  1015.7   0.00    0.0    0.000   0.069   28.8    59   20.0   30.7   10.55   1.1454     351     1    100.0   15 
31/07/26   7:45   25.9   26.4   25.4    70   20.0    0.0    ESE   0.00   4.8    SE   25.9   27.1   27.1  1015.3   0.00    0.0    0.000   0.079   28.9    59   20.1   30.8   10.55   1.1446     351     1    100.0   15 
31/07/26   8:00   26.7   26.9   26.4    69   20.6    0.0    ESE   0.00   8.0     E   26.7   28.2   28.2  1015.5   0.00    0.0    0.000   0.087   29.1    58   20.0   30.9   10.35   1.1444     352     1    100.0   15 
31/07/26   8:15   26.8   27.0   26.6    74   21.8    0.0    OSO   0.00   6.4   OSO   26.8   28.9   28.9  1015.5   0.00    0.0    0.000   0.089   29.2    59   20.4   31.4   10.55   1.1431     351     1    100.0   15 
31/07/26   8:30   26.6   26.6   26.5    73   21.3    1.6    OSO   0.40   8.0    SO   26.6   28.3   28.3  1015.6   0.00    0.0    0.000   0.086   29.4    60   20.9   31.9   10.75   1.1415     351     1    100.0   15 
31/07/26   8:45   26.7   26.8   26.6    73   21.5    1.6     SO   0.40   8.0    SO   26.7   28.6   28.6  1015.8   0.00    0.0    0.000   0.087   29.6    59   20.7   32.1   10.54   1.1413     351     1    100.0   15 
31/07/26   9:00   27.1   27.3   26.8    70   21.1    1.6     SO   0.40   9.7   OSO   27.1   28.8   28.8  1015.9   0.00    0.0    0.000   0.091   29.7    59   20.9   32.3   10.54   1.1408     352     1    100.0   15 
31/07/26   9:15   27.7   28.3   27.3    65   20.5    1.6    OSO   0.40  11.3     O   27.7   29.4   29.4  1015.9   0.00    0.0    0.000   0.098   29.8    58   20.7   32.3   10.34   1.1406     350     1    100.0   15 
31/07/26   9:30   28.6   28.9   28.3    62   20.6    1.6    OSO   0.40  11.3   OSO   28.6   30.7   30.7  1015.7   0.00    0.0    0.000   0.107   29.9    57   20.5   32.3   10.21   1.1404     351     1    100.0   15 
31/07/26   9:45   29.0   29.3   28.8    61   20.7    3.2    OSO   0.80  11.3     E   29.0   31.3   31.3  1015.5   0.00    0.0    0.000   0.111   30.2    56   20.4   32.6   10.02   1.1394     351     1    100.0   15 
31/07/26  10:00   29.7   30.1   29.3    58   20.6    3.2      S   0.80  12.9   SSE   29.7   32.1   32.1  1015.4   0.00    0.0    0.000   0.119   30.4    54   20.0   32.7    9.72   1.1391     351     1    100.0   15 
31/07/26  10:15   30.3   30.8   30.1    55   20.3    3.2      S   0.80  12.9     S   30.3   32.8   32.8  1015.3   0.00    0.0    0.000   0.125   30.1    50   18.5   31.4    9.05   1.1424     350     1    100.0   15 
31/07/26  10:30   31.1   31.2   30.8    54   20.7    1.6      S   0.40  11.3     S   31.1   33.7   33.7  1015.0   0.00    0.0    0.000   0.133   29.8    48   17.6   30.8    8.74   1.1445     351     1    100.0   15 
31/07/26  10:45   31.6   31.9   31.2    51   20.2    1.6    OSO   0.40  11.3    SO   31.6   34.3   34.3  1014.9   0.00    0.0    0.000   0.138   29.7    48   17.5   30.6    8.74   1.1452     351     1    100.0   15 
31/07/26  11:00   32.0   32.3   31.7    49   19.9    3.2     SO   0.80  12.9   OSO   32.0   34.6   34.6  1014.8   0.00    0.0    0.000   0.142   29.5    46   16.7   30.2    8.45   1.1469     351     1    100.0   15 
31/07/26  11:15   32.6   32.8   32.3    49   20.5    3.2    OSO   0.80  12.9   ONO   32.6   35.6   35.6  1014.7   0.00    0.0    0.000   0.149   29.2    44   15.7   29.7    8.15   1.1491     350     1    100.0   15 
31/07/26  11:30   32.8   32.9   32.6    48   20.3    4.8     SO   1.21  12.9    SO   32.8   35.7   35.7  1014.6   0.00    0.0    0.000   0.150   28.9    43   15.1   29.4    7.97   1.1508     350     1    100.0   15 
31/07/26  11:45   33.0   33.3   32.8    50   21.2    4.8      S   1.21  14.5     S   33.0   36.6   36.6  1014.4   0.00    0.0    0.000   0.153   28.8    44   15.4   29.3    8.15   1.1507     351     1    100.0   15 
31/07/26  12:00   33.4   33.6   33.3    49   21.3    3.2    SSO   0.80  12.9     O   33.4   37.3   37.3  1014.3   0.00    0.0    0.000   0.157   29.0    45   15.9   29.6    8.27   1.1493     351     1    100.0   15 
31/07/26  12:15   33.2   33.4   32.9    51   21.7    4.8      S   1.21  16.1     S   33.2   37.4   37.4  1014.3   0.00    0.0    0.000   0.155   29.0    45   15.9   29.6    8.27   1.1493     351     1    100.0   15 
31/07/26  12:30   33.1   33.2   32.9    51   21.6    4.8    SSE   1.21  16.1     S   33.1   37.1   37.1  1014.3   0.00    0.0    0.000   0.153   28.8    44   15.4   29.3    8.15   1.1505     351     1    100.0   15 
31/07/26  12:45   33.1   33.3   32.9    49   20.9    6.4    SSO   1.61  17.7   SSE   33.1   36.5   36.5  1014.1   0.00    0.0    0.000   0.153   28.8    44   15.3   29.2    8.15   1.1506     351     1    100.0   15 
31/07/26  13:00   33.1   33.2   32.8    50   21.2    6.4      S   1.61  16.1     S   33.1   36.7   36.7  1014.1   0.00    0.0    0.000   0.153   28.8    44   15.4   29.3    8.15   1.1503     351     1    100.0   15 
31/07/26  13:15   33.1   33.2   32.9    50   21.2    4.8    SSO   1.21  16.1    SE   33.1   36.7   36.7  1014.1   0.00    0.0    0.000   0.153   28.9    43   15.1   29.3    7.97   1.1505     351     1    100.0   15 
31/07/26  13:30   33.4   33.6   33.2    48   20.9    6.4    SSO   1.61  16.1   OSO   33.4   37.0   37.0  1014.0   0.00    0.0    0.000   0.157   28.9    43   15.1   29.3    7.97   1.1504     352     1    100.0   15 
31/07/26  13:45   33.1   33.4   32.8    48   20.6    6.4      S   1.61  17.7   SSE   33.1   36.3   36.3  1013.8   0.00    0.0    0.000   0.153   28.9    43   15.1   29.3    7.97   1.1501     351     1    100.0   15 
31/07/26  14:00   32.8   32.9   32.7    49   20.7    6.4      S   1.61  17.7     S   32.8   35.9   35.9  1013.7   0.00    0.0    0.000   0.150   28.9    43   15.1   29.3    7.97   1.1501     351     1    100.0   15 
31/07/26  14:15   32.8   33.0   32.7    46   19.7    4.8    SSO   1.21  16.1   OSO   32.8   35.4   35.4  1013.6   0.00    0.0    0.000   0.151   28.9    43   15.1   29.3    7.97   1.1500     351     1    100.0   15 
31/07/26  14:30   32.8   32.9   32.7    45   19.3    6.4      S   1.61  16.1    SO   32.8   35.2   35.2  1013.7   0.00    0.0    0.000   0.151   28.9    43   15.1   29.4    7.97   1.1497     352     1    100.0   15 
31/07/26  14:45   33.3   33.6   32.9    43   19.0    0.0     SO   0.00  12.9    SO   33.3   35.4   35.4  1013.6   0.00    0.0    0.000   0.156   29.1    42   14.8   29.4    7.85   1.1496     351     1    100.0   15 
31/07/26  15:00   33.5   33.7   33.1    44   19.6    1.6      S   0.40  17.7   SSE   33.5   36.1   36.1  1013.6   0.00    0.0    0.000   0.158   29.2    42   14.9   29.4    7.85   1.1491     350     1    100.0   15 
31/07/26  15:15   33.2   33.4   32.9    43   18.9    3.2      S   0.80  16.1     S   33.2   35.2   35.2  1013.4   0.00    0.0    0.000   0.155   29.3    41   14.7   29.4    7.66   1.1488     349     1    100.0   15 
31/07/26  15:30   32.7   33.3   32.3    44   18.8    6.4      S   1.61  17.7    SO   32.7   34.6   34.6  1013.3   0.00    0.0    0.000   0.149   29.3    41   14.7   29.4    7.66   1.1487     351     1    100.0   15 
31/07/26  15:45   32.4   32.6   32.2    43   18.3    6.4      S   1.61  17.7     S   32.4   34.0   34.0  1013.4   0.00    0.0    0.000   0.147   29.3    40   14.3   29.4    7.55   1.1490     351     1    100.0   15 
31/07/26  16:00   31.8   32.2   31.3    47   19.1    6.4      S   1.61  17.7     S   31.8   33.8   33.8  1013.7   0.00    0.0    0.000   0.140   29.3    40   14.3   29.4    7.55   1.1492     350     1    100.0   15 
31/07/26  16:15   31.0   31.3   30.8    50   19.4    6.4      S   1.61  16.1     S   31.0   32.8   32.8  1013.5   0.00    0.0    0.000   0.132   29.3    41   14.7   29.4    7.66   1.1488     349     1    100.0   15 
31/07/26  16:30   30.7   30.8   30.7    52   19.7    3.2      S   0.80  12.9    SO   30.7   32.9   32.9  1013.7   0.00    0.0    0.000   0.129   29.2    40   14.2   29.3    7.55   1.1501     350     1    100.0   15 
31/07/26  16:45   30.3   30.7   30.1    55   20.3    4.8      S   1.21  12.9    SO   30.3   32.8   32.8  1013.6   0.00    0.0    0.000   0.125   29.0    40   14.0   29.2    7.55   1.1508     352     1    100.0   15 
31/07/26  17:00   29.9   30.1   29.8    55   19.9    1.6    SSE   0.40  12.9   ESE   29.9   31.8   31.8  1012.8   0.00    0.0    0.000   0.120   28.9    41   14.3   29.2    7.67   1.1500     351     1    100.0   15 
31/07/26  17:15   30.2   30.3   30.0    56   20.4    4.8      S   1.21  12.9     S   30.2   32.6   32.6  1013.2   0.00    0.0    0.000   0.123   28.8    41   14.3   29.1    7.67   1.1507     351     1    100.0   15 
31/07/26  17:30   29.8   30.0   29.6    57   20.3    4.8    SSE   1.21  12.9   SSE   29.8   32.1   32.1  1013.1   0.00    0.0    0.000   0.119   28.7    40   13.7   28.7    7.55   1.1519     350     1    100.0   15 
31/07/26  17:45   29.6   29.7   29.4    55   19.6    3.2      S   0.80  12.9   SSE   29.6   31.3   31.3  1013.4   0.00    0.0    0.000   0.117   28.4    40   13.5   28.3    7.55   1.1532     352     1    100.0   15 
31/07/26  18:00   29.2   29.4   29.0    59   20.3    3.2      S   0.80  12.9   SSE   29.2   31.3   31.3  1013.2   0.00    0.0    0.000   0.113   28.2    39   13.0   27.9    7.39   1.1546     351     1    100.0   15 
31/07/26  18:15   28.9   29.1   28.6    59   20.1    3.2      S   0.80  11.3   SSE   28.9   30.8   30.8  1013.3   0.00    0.0    0.000   0.110   28.1    39   12.8   27.7    7.40   1.1555     350     1    100.0   15 
31/07/26  18:30   28.3   28.6   28.1    62   20.3    3.2    SSO   0.80   9.7   OSO   28.3   30.0   30.0  1013.5   0.00    0.0    0.000   0.104   28.0    40   13.1   27.7    7.55   1.1555     351     1    100.0   15 
31/07/26  18:45   27.9   28.1   27.7    64   20.4    3.2      S   0.80   8.0     S   27.9   29.6   29.6  1013.8   0.00    0.0    0.000   0.100   27.8    40   13.0   27.4    7.55   1.1567     351     1    100.0   15 
31/07/26  19:00   27.6   27.7   27.5    68   21.2    1.6      S   0.40   6.4   SSE   27.6   29.6   29.6  1014.0   0.00    0.0    0.000   0.097   27.8    39   12.6   27.3    7.41   1.1576     352     1    100.0   15 
31/07/26  19:15   27.3   27.5   27.0    72   21.8    1.6    SSO   0.40   8.0     S   27.3   29.4   29.4  1014.1   0.00    0.0    0.000   0.093   27.8    39   12.6   27.3    7.41   1.1577     351     1    100.0   15 
31/07/26  19:30   26.8   27.0   26.6    75   22.0    1.6    SSE   0.40   8.0   SSE   26.8   28.9   28.9  1014.1   0.00    0.0    0.000   0.088   27.8    38   12.2   27.3    7.25   1.1581     351     1    100.0   15 
31/07/26  19:45   26.4   26.6   26.4    75   21.7    0.0      S   0.00   4.8     S   26.4   28.3   28.3  1014.0   0.00    0.0    0.000   0.084   27.7    38   12.1   27.1    7.25   1.1586     351     1    100.0   15 
31/07/26  20:00   26.3   26.4   26.3    76   21.8    1.6     SO   0.40   6.4   ONO   26.3   28.2   28.2  1014.6   0.00    0.0    0.000   0.083   27.6    38   12.0   27.0    7.25   1.1598     352     1    100.0   15 
31/07/26  20:15   26.2   26.2   26.1    78   22.0    0.0      S   0.00   6.4     S   26.2   28.1   28.1  1014.5   0.00    0.0    0.000   0.082   27.7    52   17.0   28.2    9.41   1.1529     350     1    100.0   15 
31/07/26  20:30   26.1   26.1   26.1    79   22.2    0.0      S   0.00   3.2     S   26.1   28.1   28.1  1014.6   0.00    0.0    0.000   0.081   28.2    55   18.3   29.1    9.85   1.1494     349     1    100.0   15 
31/07/26  20:45   26.0   26.1   25.9    80   22.3    0.0      S   0.00   3.2     S   26.0   28.1   28.1  1014.8   0.00    0.0    0.000   0.080   28.4    59   19.7   29.9   10.55   1.1464     351     1    100.0   15 
31/07/26  21:00   25.8   25.9   25.6    80   22.1    0.0      S   0.00   1.6     S   25.8   27.8   27.8  1014.7   0.00    0.0    0.000   0.078   28.6    59   19.8   30.3   10.55   1.1454     351     1    100.0   15 
31/07/26  21:15   25.6   25.7   25.6    81   22.1    0.0    ---   0.00   0.0   ---   25.6   27.6   27.6  1015.0   0.00    0.0    0.000   0.076   28.7    60   20.2   30.6   10.75   1.1447     351     1    100.0   15 
31/07/26  21:30   25.6   25.6   25.6    81   22.1    0.0      S   0.00   1.6     S   25.6   27.6   27.6  1014.9   0.00    0.0    0.000   0.076   28.8    61   20.5   30.9   10.95   1.1438     350     1    100.0   15 
31/07/26  21:45   25.5   25.6   25.4    82   22.2    0.0      S   0.00   1.6     S   25.5   27.5   27.5  1015.0   0.00    0.0    0.000   0.075   28.8    63   21.0   31.2   11.27   1.1430     351     1    100.0   15 
31/07/26  22:00   25.4   25.4   25.4    83   22.3    0.0      S   0.00   1.6     S   25.4   27.5   27.5  1014.9   0.00    0.0    0.000   0.074   28.8    64   21.3   31.4   11.47   1.1425     351     1    100.0   15 
31/07/26  22:15   25.3   25.4   25.3    84   22.4    0.0      S   0.00   1.6     S   25.3   27.4   27.4  1014.9   0.00    0.0    0.000   0.073   28.8    65   21.5   31.5   11.67   1.1420     351     1    100.0   15 
31/07/26  22:30   25.3   25.3   25.2    85   22.6    0.0    ---   0.00   0.0   ---   25.3   27.4   27.4  1015.1   0.00    0.0    0.000   0.072   28.8    65   21.5   31.5   11.67   1.1422     351     1    100.0   15 
31/07/26  22:45   25.2   25.2   25.1    85   22.5    0.0    ---   0.00   0.0   ---   25.2   27.3   27.3  1015.0   0.00    0.0    0.000   0.071   28.8    64   21.3   31.4   11.47   1.1425     351     1    100.0   15 
31/07/26  23:00   25.1   25.1   25.1    85   22.4    0.0      S   0.00   3.2     S   25.1   27.2   27.2  1015.0   0.00    0.0    0.000   0.071   28.8    64   21.3   31.5   11.47   1.1423     350     1    100.0   15 
31/07/26  23:15   25.1   25.1   25.0    85   22.4    0.0      S   0.00   1.6     S   25.1   27.1   27.1  1015.1   0.00    0.0    0.000   0.070   28.8    64   21.3   31.5   11.47   1.1423     351     1    100.0   15 
31/07/26  23:30   25.1   25.1   25.0    85   22.4    0.0      S   0.00   1.6     S   25.1   27.1   27.1  1015.0   0.00    0.0    0.000   0.070   28.9    65   21.6   31.8   11.67   1.1415     350     1    100.0   15 
31/07/26  23:45   25.0   25.0   25.0    85   22.3    0.0    ENE   0.00   3.2     S   25.0   27.0   27.0  1014.9   0.00    0.0    0.000   0.069   28.9    65   21.6   31.8   11.67   1.1414     351     1    100.0   15 
