                 Temp.  Temp.  Temp.  Hum.   Punt   Vel.   Dir.   Rec.  Vel.  Dir.  Sens.   Índ.   Índ.                  Int. Graus D.Graus D.  Temp.  Hum. Rosada  In.Cal.  EMC     Dens.    Mostr   Tx   Recep.  Int.
  Data    Hora    Ext.   Màx.   Mín.  Ext. Rosada   Vent   Vent   Vent  Màx.  Màx.  Tèrm.  Calor   THW    Bar    Pluja   Pluja  Calor    Fred    Int.  Int.   Int.   Int.    Int.  Int.Aire    Vent   Vent   ISS   Arc.
-------------------------------------------------------------------------------------------------------------------------------------------------------------------------------------------------------------------------
25/07/26   0:15   25.2   25.2   25.2    80   21.5    0.0    ---   0.00   0.0   ---   25.2   26.9   26.9  1008.5   0.00    0.0    0.000   0.071   28.6    57   19.3   30.1   10.22   1.1391     349     1    100.0   15 
25/07/26   0:30   25.2   25.3   25.2    80   21.5    0.0    ---   0.00   0.0   ---   25.2   27.0   27.0  1008.5   0.00    0.0    0.000   0.072   28.7    58   19.6   30.3   10.35   1.1383     350     1    100.0   15 
25/07/26   0:45   25.3   25.3   25.3    79   21.4    0.0    ---   0.00   0.0   ---   25.3   27.0   27.0  1008.2   0.00    0.0    0.000   0.072   28.7    58   19.6   30.4   10.35   1.1377     351     1    100.0   15 
25/07/26   1:00   25.4   25.4   25.3    79   21.5    0.0    ---   0.00   0.0   ---   25.4   27.1   27.1  1008.1   0.00    0.0    0.000   0.073   28.7    57   19.4   30.3   10.22   1.1381     351     1    100.0   15 
25/07/26   1:15   25.3   25.4   25.3    79   21.4    0.0    ---   0.00   0.0   ---   25.3   27.1   27.1  1008.0   0.00    0.0    0.000   0.073   28.8    58   19.7   30.5   10.35   1.1372     351     1    100.0   15 
25/07/26   1:30   25.2   25.3   25.2    78   21.1    0.0    ---   0.00   0.0   ---   25.2   26.8   26.8  1007.9   0.00    0.0    0.000   0.072   28.8    58   19.7   30.5   10.35   1.1371     350     1    100.0   15 
25/07/26   1:45   25.2   25.2   25.1    77   20.8    0.0      E   0.00   3.2     E   25.2   26.7   26.7  1007.8   0.00    0.0    0.000   0.071   28.8    58   19.7   30.6   10.35   1.1367     351     1    100.0   15 
25/07/26   2:00   25.2   25.2   25.2    76   20.6    0.0      E   0.00   1.6     E   25.2   26.6   26.6  1007.8   0.00    0.0    0.000   0.071   28.8    58   19.7   30.6   10.35   1.1367     352     1    100.0   15 
25/07/26   2:15   25.2   25.3   25.2    77   20.9    0.0      E   0.00   3.2     E   25.2   26.8   26.8  1007.7   0.00    0.0    0.000   0.072   28.8    58   19.7   30.6   10.35   1.1366     350     1    100.0   15 
25/07/26   2:30   25.3   25.3   25.3    77   21.0    0.0    ---   0.00   0.0   ---   25.3   26.9   26.9  1007.7   0.00    0.0    0.000   0.073   28.8    58   19.7   30.6   10.35   1.1366     351     1    100.0   15 
25/07/26   2:45   25.3   25.3   25.3    77   21.0    0.0    ---   0.00   0.0   ---   25.3   26.9   26.9  1007.5   0.00    0.0    0.000   0.073   28.8    58   19.7   30.6   10.35   1.1364     351     1    100.0   15 
25/07/26   3:00   25.3   25.3   25.2    78   21.2    0.0      E   0.00   1.6     E   25.3   26.9   26.9  1007.5   0.00    0.0    0.000   0.072   28.8    58   19.7   30.6   10.35   1.1364     351     1    100.0   15 
25/07/26   3:15   25.2   25.2   25.1    77   20.8    0.0      E   0.00   3.2     E   25.2   26.7   26.7  1007.4   0.00    0.0    0.000   0.071   28.8    59   20.0   30.7   10.55   1.1358     351     1    100.0   15 
25/07/26   3:30   25.1   25.1   25.0    76   20.5    0.0    ---   0.00   0.0   ---   25.1   26.5   26.5  1007.6   0.00    0.0    0.000   0.070   28.8    59   20.0   30.7   10.55   1.1360     351     1    100.0   15 
25/07/26   3:45   25.0   25.1   24.9    77   20.7    0.0    ---   0.00   0.0   ---   25.0   26.5   26.5  1007.6   0.00    0.0    0.000   0.069   28.8    58   19.7   30.6   10.35   1.1365     351     1    100.0   15 
25/07/26   4:00   25.0   25.1   24.9    76   20.5    0.0      E   0.00   1.6     E   25.0   26.4   26.4  1007.6   0.00    0.0    0.000   0.069   28.8    58   19.7   30.6   10.35   1.1365     351     1    100.0   15 
25/07/26   4:15   24.9   25.0   24.8    79   21.0    0.0    ---   0.00   0.0   ---   24.9   26.6   26.6  1007.7   0.00    0.0    0.000   0.069   28.8    58   19.7   30.5   10.35   1.1369     351     1    100.0   15 
25/07/26   4:30   24.7   24.8   24.4    81   21.2    0.0    ---   0.00   0.0   ---   24.7   26.3   26.3  1007.8   0.00    0.0    0.000   0.066   28.7    60   20.2   30.6   10.75   1.1363     351     1    100.0   15 
25/07/26   4:45   24.3   24.4   24.2    81   20.9    1.6    ONO   0.40   4.8   SSO   24.3   25.9   25.9  1007.8   0.00    0.0    0.000   0.063   28.7    61   20.5   30.8   10.95   1.1359     351     1    100.0   15 
25/07/26   5:00   24.1   24.3   24.0    76   19.6    0.0    ONO   0.00   3.2   ONO   24.1   25.4   25.4  1007.9   0.00    0.0    0.000   0.060   28.6    60   20.1   30.4   10.75   1.1370     350     1    100.0   15 
25/07/26   5:15   24.0   24.1   23.9    73   18.9    0.0    ---   0.00   0.0   ---   24.0   25.1   25.1  1007.8   0.00    0.0    0.000   0.059   28.6    58   19.5   30.1   10.35   1.1382     351     1    100.0   15 
25/07/26   5:30   24.2   24.4   24.1    73   19.1    0.0    ---   0.00   0.0   ---   24.2   25.4   25.4  1007.9   0.00    0.0    0.000   0.061   28.6    58   19.5   30.1   10.35   1.1383     351     1    100.0   15 
25/07/26   5:45   24.4   24.5   24.3    73   19.2    0.0    ---   0.00   0.0   ---   24.4   25.6   25.6  1008.0   0.00    0.0    0.000   0.063   28.6    57   19.2   29.9   10.22   1.1388     351     1    100.0   15 
25/07/26   6:00   24.5   24.6   24.4    73   19.3    0.0    ---   0.00   0.0   ---   24.5   25.7   25.7  1008.0   0.00    0.0    0.000   0.064   28.7    57   19.3   30.2   10.22   1.1383     349     1    100.0   15 
25/07/26   6:15   24.7   24.8   24.6    72   19.3    0.0    ---   0.00   0.0   ---   24.7   25.9   25.9  1008.0   0.00    0.0    0.000   0.067   28.7    57   19.4   30.3   10.22   1.1380     351     1    100.0   15 
25/07/26   6:30   25.1   25.4   24.8    71   19.4    0.0    ---   0.00   0.0   ---   25.1   26.2   26.2  1008.0   0.00    0.0    0.000   0.070   28.8    56   19.2   30.3   10.05   1.1378     351     1    100.0   15 
25/07/26   6:45   25.7   25.9   25.4    65   18.6    0.0      E   0.00   4.8   ESE   25.7   26.6   26.6  1008.0   0.00    0.0    0.000   0.077   29.1    55   19.1   30.6    9.85   1.1371     351     1    100.0   15 
25/07/26   7:00   25.9   26.2   25.8    60   17.6    1.6      E   0.40   8.0     E   25.9   26.5   26.5  1008.0   0.00    0.0    0.000   0.079   29.1    53   18.6   30.4    9.56   1.1377     351     1    100.0   15 
25/07/26   7:15   26.7   27.1   26.2    58   17.7    1.6      E   0.40   8.0     E   26.7   27.3   27.3  1007.9   0.00    0.0    0.000   0.087   29.3    51   18.1   30.4    9.26   1.1378     351     1    100.0   15 
25/07/26   7:30   27.2   27.2   27.1    62   19.3    1.6    ENE   0.40   6.4   ENE   27.2   28.3   28.3  1007.9   0.00    0.0    0.000   0.092   29.5    52   18.6   30.8    9.35   1.1361     352     1    100.0   15 
25/07/26   7:45   27.4   27.7   27.2    62   19.5    1.6    ENE   0.40   6.4   ENE   27.4   28.7   28.7  1007.7   0.00    0.0    0.000   0.095   29.7    53   19.1   31.3    9.54   1.1343     351     1    100.0   15 
25/07/26   8:00   28.1   28.4   27.7    65   20.9    0.0      E   0.00   8.0     E   28.1   30.1   30.1  1007.6   0.00    0.0    0.000   0.101   29.9    56   20.2   32.2   10.03   1.1315     351     1    100.0   15 
25/07/26   8:15   28.6   28.8   28.4    63   20.8    0.0    ENE   0.00   6.4   ENE   28.6   30.7   30.7  1007.6   0.00    0.0    0.000   0.106   30.1    55   20.1   32.3    9.83   1.1311     350     1    100.0   15 
25/07/26   8:30   29.0   29.2   28.8    60   20.4    1.6    ENE   0.40   8.0     E   29.0   31.1   31.1  1007.5   0.00    0.0    0.000   0.111   30.0    56   20.3   32.3   10.03   1.1311     352     1    100.0   15 
25/07/26   8:45   29.2   29.3   29.1    60   20.7    1.6      S   0.40   6.4   SSO   29.2   31.5   31.5  1007.5   0.00    0.0    0.000   0.113   29.8    56   20.1   31.8   10.04   1.1323     351     1    100.0   15 
25/07/26   9:00   29.2   29.4   29.0    60   20.7    0.0     SO   0.00   6.4   OSO   29.2   31.5   31.5  1007.3   0.00    0.0    0.000   0.113   29.8    56   20.1   31.8   10.04   1.1320     350     1    100.0   15 
25/07/26   9:15   29.8   30.1   29.4    56   20.1    0.0    SSE   0.00   6.4   SSE   29.8   31.8   31.8  1007.3   0.00    0.0    0.000   0.119   29.8    55   19.8   31.8    9.84   1.1322     350     1    100.0   15 
25/07/26   9:30   30.1   30.4   29.9    53   19.5    1.6     SO   0.40   8.0    SO   30.1   31.9   31.9  1007.2   0.00    0.0    0.000   0.123   29.9    54   19.6   31.8    9.73   1.1320     351     1    100.0   15 
25/07/26   9:45   30.4   31.0   30.2    52   19.5    1.6    OSO   0.40   8.0   SSO   30.4   32.4   32.4  1007.1   0.00    0.0    0.000   0.126   30.2    53   19.6   32.2    9.52   1.1310     352     1    100.0   15 
25/07/26  10:00   31.4   31.8   31.0    47   18.8    1.6    ENE   0.40  16.1   ENE   31.4   33.2   33.2  1006.9   0.00    0.0    0.000   0.137   30.8    51   19.5   32.8    9.20   1.1288     351     1    100.0   15 
25/07/26  10:15   32.2   32.4   31.9    47   19.5    1.6    SSE   0.40  11.3   OSO   32.2   34.4   34.4  1006.8   0.00    0.0    0.000   0.145   31.2    50   19.5   33.1    9.05   1.1272     351     1    100.0   15 
25/07/26  10:30   32.4   32.6   32.2    46   19.3    3.2      S   0.80  14.5   OSO   32.4   34.6   34.6  1006.7   0.00    0.0    0.000   0.146   31.6    49   19.5   33.8    8.85   1.1257     351     1    100.0   15 
25/07/26  10:45   32.4   32.8   32.2    53   21.6    3.2    SSE   0.80  12.9     E   32.4   36.3   36.3  1006.6   0.00    0.0    0.000   0.147   31.9    46   18.9   33.9    8.36   1.1251     352     1    100.0   15 
25/07/26  11:00   32.7   32.9   32.2    55   22.5    4.8    SSE   1.21  16.1    SE   32.7   37.5   37.5  1006.4   0.00    0.0    0.000   0.150   31.6    42   17.1   32.4    7.77   1.1290     350     1    100.0   15 
25/07/26  11:15   31.5   32.2   31.2    59   22.5    4.8      S   1.21  16.1   SSE   31.5   35.7   35.7  1006.4   0.00    0.0    0.000   0.137   30.6    41   15.9   30.9    7.65   1.1342     351     1    100.0   15 
25/07/26  11:30   31.3   31.6   31.2    54   20.9    1.6    SSO   0.40  12.9   OSO   31.3   34.3   34.3  1006.2   0.00    0.0    0.000   0.135   30.3    41   15.6   30.6    7.65   1.1355     350     1    100.0   15 
25/07/26  11:45   31.8   32.0   31.6    55   21.6    4.8     SO   1.21  16.1   ESE   31.8   35.4   35.4  1006.3   0.00    0.0    0.000   0.140   30.2    41   15.5   30.4    7.65   1.1362     350     1    100.0   15 
25/07/26  12:00   31.9   32.0   31.6    54   21.4    8.0      S   2.01  22.5   OSO   31.9   35.4   35.4  1006.2   0.00    0.0    0.000   0.141   30.2    41   15.5   30.5    7.65   1.1358     351     1    100.0   15 
25/07/26  12:15   31.7   31.8   31.5    54   21.2    8.0    SSE   2.01  20.9   SSE   31.7   35.1   35.1  1006.2   0.00    0.0    0.000   0.139   30.2    42   15.9   30.6    7.82   1.1354     351     1    100.0   15 
25/07/26  12:30   32.0   32.2   31.8    52   20.9    8.0      S   2.01  20.9    SO   32.0   35.2   35.2  1006.2   0.00    0.0    0.000   0.142   30.1    41   15.4   30.3    7.65   1.1364     351     1    100.0   15 
25/07/26  12:45   31.9   32.2   31.7    50   20.2    4.8    SSO   1.21  19.3   SSE   31.9   34.7   34.7  1006.1   0.00    0.0    0.000   0.142   30.0    42   15.7   30.3    7.83   1.1364     351     1    100.0   15 
25/07/26  13:00   31.9   32.2   31.8    51   20.5    8.0      S   2.01  19.3    SO   31.9   34.9   34.9  1006.2   0.00    0.0    0.000   0.142   29.7    41   15.0   29.8    7.65   1.1386     352     1    100.0   15 
25/07/26  13:15   31.9   32.1   31.8    51   20.5    6.4     SO   1.61  19.3    SO   31.9   34.9   34.9  1006.1   0.00    0.0    0.000   0.142   29.4    41   14.8   29.6    7.65   1.1397     350     1    100.0   15 
25/07/26  13:30   31.9   32.1   31.7    52   20.8    8.0    SSO   2.01  25.7    SO   31.9   35.0   35.0  1006.1   0.00    0.0    0.000   0.141   29.2    40   14.2   29.3    7.55   1.1411     351     1    100.0   15 
25/07/26  13:45   31.9   32.0   31.7    51   20.5    8.0      S   2.01  20.9    SO   31.9   34.8   34.8  1006.0   0.00    0.0    0.000   0.141   29.2    42   15.0   29.5    7.85   1.1400     351     1    100.0   15 
25/07/26  14:00   31.5   31.8   31.4    50   19.8    8.0      S   2.01  24.1     S   31.5   33.9   33.9  1006.1   0.00    0.0    0.000   0.137   29.3    41   14.7   29.5    7.65   1.1400     352     1    100.0   15 
25/07/26  14:15   31.7   31.9   31.5    47   19.0    6.4      S   1.61  17.7   SSE   31.7   33.8   33.8  1006.0   0.00    0.0    0.000   0.139   29.3    40   14.3   29.4    7.55   1.1404     351     1    100.0   15 
25/07/26  14:30   31.8   31.9   31.6    48   19.4    6.4      S   1.61  16.1   SSE   31.8   34.1   34.1  1005.9   0.00    0.0    0.000   0.140   29.2    40   14.2   29.3    7.55   1.1408     351     1    100.0   15 
25/07/26  14:45   32.0   32.1   31.9    47   19.3    4.8    SSO   1.21  24.1    SO   32.0   34.2   34.2  1005.9   0.00    0.0    0.000   0.142   29.2    40   14.2   29.3    7.55   1.1411     351     1    100.0   15 
25/07/26  15:00   32.3   32.4   32.1    45   18.8    4.8    SSO   1.21  17.7   OSO   32.3   34.2   34.2  1005.8   0.00    0.0    0.000   0.145   29.1    40   14.1   29.2    7.55   1.1413     352     1    100.0   15 
25/07/26  15:15   32.6   32.8   32.3    41   17.6    4.8    SSO   1.21  14.5     S   32.6   33.7   33.7  1005.9   0.00    0.0    0.000   0.148   29.1    40   14.1   29.2    7.55   1.1413     350     1    100.0   15 
25/07/26  15:30   32.7   32.8   32.5    40   17.4    3.2      S   0.80  16.1     S   32.7   33.7   33.7  1005.9   0.00    0.0    0.000   0.150   29.0    42   14.8   29.3    7.85   1.1410     350     1    100.0   15 
25/07/26  15:45   32.8   33.1   32.4    41   17.8    1.6    OSO   0.40  14.5    SO   32.8   34.1   34.1  1006.2   0.00    0.0    0.000   0.150   28.9    41   14.3   29.2    7.67   1.1423     351     1    100.0   15 
25/07/26  16:00   32.8   32.9   32.6    42   18.2    1.6     SO   0.40  11.3    SO   32.8   34.3   34.3  1006.4   0.00    0.0    0.000   0.150   28.7    40   13.8   28.8    7.55   1.1438     351     1    100.0   15 
25/07/26  16:15   32.7   32.9   32.3    47   19.9    0.0    ENE   0.00   9.7   SSE   32.7   35.3   35.3  1006.7   0.00    0.0    0.000   0.149   28.6    40   13.7   28.6    7.55   1.1447     351     1    100.0   15 
25/07/26  16:30   31.5   32.3   30.7    59   22.5    1.6    SSE   0.40  11.3   ONO   31.5   35.7   35.7  1006.7   0.00    0.0    0.000   0.137   28.7    42   14.5   28.9    7.85   1.1433     351     1    100.0   15 
25/07/26  16:45   29.9   30.7   29.0    66   22.9    8.0    ENE   2.01  24.1   ESE   29.9   34.2   34.2  1006.6   0.00    0.0    0.000   0.121   28.7    43   14.9   29.1    7.98   1.1428     350     1    100.0   15 
25/07/26  17:00   28.4   28.9   27.9    70   22.4    9.7      E   2.41  25.7     E   28.4   31.4   31.4  1006.7   0.00    0.0    0.000   0.105   28.7    43   14.9   28.9    7.98   1.1431     351     1    100.0   15 
25/07/26  17:15   27.9   28.0   27.8    71   22.1    6.4    ENE   1.61  17.7     E   27.9   30.6   30.6  1007.0   0.00    0.0    0.000   0.100   28.8    43   15.0   29.2    7.97   1.1429     351     1    100.0   15 
25/07/26  17:30   27.7   27.9   27.4    72   22.2    8.0    ENE   2.01  20.9     E   27.7   30.2   30.2  1006.9   0.00    0.0    0.000   0.097   28.8    44   15.3   29.2    8.15   1.1424     351     1    100.0   15 
25/07/26  17:45   27.2   27.3   27.0    73   21.9    8.0    ESE   2.01  24.1     E   27.2   29.3   29.3  1007.1   0.00    0.0    0.000   0.092   28.8    44   15.3   29.2    8.15   1.1425     350     1    100.0   15 
25/07/26  18:00   26.9   27.0   26.7    73   21.6    6.4    ENE   1.61  24.1     E   26.9   28.8   28.8  1007.3   0.00    0.0    0.000   0.089   28.7    44   15.3   29.2    8.15   1.1430     351     1    100.0   15 
25/07/26  18:15   26.6   26.8   26.6    74   21.6    6.4      E   1.61  17.7   ENE   26.6   28.5   28.5  1007.4   0.00    0.0    0.000   0.086   28.7    44   15.2   29.1    8.15   1.1434     351     1    100.0   15 
25/07/26  18:30   26.3   26.6   26.1    75   21.5    6.4    ESE   1.61  22.5   ESE   26.3   28.1   28.1  1007.6   0.00    0.0    0.000   0.083   28.6    44   15.2   28.9    8.15   1.1439     352     1    100.0   15 
25/07/26  18:45   26.0   26.2   25.8    76   21.4    6.4      E   1.61  17.7   ENE   26.0   27.7   27.7  1007.5   0.00    0.0    0.000   0.080   28.6    45   15.5   28.9    8.28   1.1436     350     1    100.0   15 
25/07/26  19:00   25.7   25.8   25.6    77   21.3    8.0      E   2.01  20.9     E   25.7   27.3   27.3  1007.4   0.00    0.0    0.000   0.076   28.4    45   15.4   28.8    8.29   1.1440     351     1    100.0   15 
25/07/26  19:15   25.4   25.6   25.3    77   21.1    8.0    ENE   2.01  25.7   ENE   25.4   27.1   27.1  1007.5   0.00    0.0    0.000   0.074   28.3    46   15.6   28.7    8.45   1.1443     350     1    100.0   15 
25/07/26  19:30   25.3   25.4   25.3    78   21.2    3.2     NO   0.80  11.3   ENE   25.3   27.0   27.0  1008.2   0.00    0.0    0.000   0.073   28.2    44   14.8   28.3    8.15   1.1466     352     1    100.0   15 
25/07/26  19:45   25.2   25.4   24.9    79   21.3    4.8      E   1.21  17.7     E   25.2   26.9   26.9  1008.4   0.00    0.0    0.000   0.072   28.1    43   14.3   28.0    8.00   1.1480     351     1    100.0   15 
25/07/26  20:00   24.6   24.9   24.1    81   21.1    8.0    ENE   2.01  17.7   ENE   24.6   26.2   26.2  1008.5   0.00    0.0    0.000   0.065   27.9    43   14.2   27.8    8.00   1.1487     350     1    100.0   15 
25/07/26  20:15   23.7   24.1   23.3    81   20.2    4.8    ENE   1.21  16.1   ESE   23.7   25.0   25.0  1008.8   0.00    0.0    0.000   0.056   27.8    42   13.7   27.5    7.85   1.1503     351     1    100.0   15 
25/07/26  20:30   23.1   23.3   23.0    79   19.3    4.8    ENE   1.21  11.3   ENE   23.1   24.2   24.2  1009.1   0.00    0.0    0.000   0.050   27.7    42   13.6   27.4    7.85   1.1512     352     1    100.0   15 
25/07/26  20:45   23.1   23.1   23.0    80   19.4    3.2     NO   0.80   9.7   ONO   23.1   24.1   24.1  1009.4   0.00    0.0    0.000   0.049   27.6    43   13.9   27.3    8.02   1.1517     351     1    100.0   15 
25/07/26  21:00   22.9   23.0   22.9    79   19.1    1.6     NO   0.40   4.8   ENE   22.9   23.9   23.9  1009.5   0.00    0.0    0.000   0.048   27.6    45   14.6   27.4    8.32   1.1510     351     1    100.0   15 
25/07/26  21:15   22.8   22.9   22.7    79   18.9    1.6    ONO   0.40   4.8   ONO   22.8   23.7   23.7  1009.7   0.00    0.0    0.000   0.046   27.6    46   14.9   27.5    8.45   1.1507     350     1    100.0   15 
25/07/26  21:30   22.8   22.8   22.6    80   19.1    1.6    ONO   0.40   4.8   ONO   22.8   23.8   23.8  1009.8   0.00    0.0    0.000   0.046   27.5    46   14.8   27.4    8.45   1.1511     350     1    100.0   15 
25/07/26  21:45   22.2   22.6   22.1    81   18.8    3.2    ONO   0.80   6.4   ONO   22.2   23.1   23.1  1009.9   0.00    0.0    0.000   0.041   27.5    47   15.2   27.5    8.62   1.1509     350     1    100.0   15 
25/07/26  22:00   22.2   22.4   22.1    81   18.8    1.6     NO   0.40   4.8    NO   22.2   23.1   23.1  1010.2   0.00    0.0    0.000   0.041   27.4    48   15.5   27.5    8.82   1.1510     351     1    100.0   15 
25/07/26  22:15   22.6   22.6   22.4    80   18.9    1.6     NO   0.40   4.8    NO   22.6   23.4   23.4  1010.1   0.00    0.0    0.000   0.044   27.4    48   15.5   27.5    8.82   1.1509     350     1    100.0   15 
25/07/26  22:30   22.6   22.7   22.5    79   18.7    1.6     NO   0.40   4.8    NO   22.6   23.4   23.4  1010.0   0.00    0.0    0.000   0.044   27.4    49   15.7   27.5    8.92   1.1506     351     1    100.0   15 
25/07/26  22:45   22.7   22.7   22.6    77   18.4    1.6    ENE   0.40   4.8   NNE   22.7   23.5   23.5  1010.4   0.00    0.0    0.000   0.045   27.4    49   15.7   27.5    8.92   1.1511     352     1    100.0   15 
25/07/26  23:00   22.7   22.7   22.7    77   18.4    0.0    ENE   0.00   4.8   ENE   22.7   23.5   23.5  1010.3   0.00    0.0    0.000   0.045   27.3    50   16.0   27.5    9.13   1.1508     351     1    100.0   15 
25/07/26  23:15   22.7   22.7   22.6    78   18.6    0.0    ENE   0.00   3.2   ENE   22.7   23.6   23.6  1010.5   0.00    0.0    0.000   0.045   27.3    50   16.0   27.5    9.13   1.1511     351     1    100.0   15 
25/07/26  23:30   22.5   22.6   22.4    79   18.7    0.0    ONO   0.00   4.8   ONO   22.5   23.3   23.3  1010.6   0.00    0.0    0.000   0.043   27.5    52   16.8   27.9    9.42   1.1495     351     1    100.0   15 
25/07/26  23:45   22.3   22.4   22.3    80   18.7    0.0    ---   0.00   0.0   ---   22.3   23.2   23.2  1010.5   0.00    0.0    0.000   0.042   27.7    53   17.2   28.2    9.61   1.1481     352     1    100.0   15 
26/07/26  00:00   22.4   22.4   22.3    79   18.6    0.0    ONO   0.00   1.6   ONO   22.4   23.2   23.2  1010.6   0.00    0.0    0.000   0.042   27.7    54   17.6   28.4    9.75   1.1475     351     1    100.0   15 
26/07/26   0:15   22.1   22.3   22.0    80   18.5    0.0    ONO   0.00   1.6   ONO   22.1   22.9   22.9  1010.8   0.00    0.0    0.000   0.039   27.8    55   17.9   28.6    9.85   1.1470     349     1    100.0   15 
26/07/26   0:30   22.0   22.1   22.0    73   16.9    3.2    ONO   0.80   6.4    NO   22.0   22.4   22.4  1010.6   0.00    0.0    0.000   0.038   27.7    55   17.9   28.5    9.85   1.1471     349     1    100.0   15 
26/07/26   0:45   22.3   22.5   22.1    62   14.7    3.2     NO   0.80  11.3   NNO   22.3   22.4   22.4  1010.4   0.00    0.0    0.000   0.042   27.7    51   16.6   28.1    9.31   1.1489     351     1    100.0   15 
26/07/26   1:00   22.7   22.8   22.5    55   13.2    3.2     NO   0.80   9.7   OSO   22.7   22.6   22.6  1010.6   0.00    0.0    0.000   0.045   27.5    47   15.2   27.5    8.62   1.1516     351     1    100.0   15 
26/07/26   1:15   22.8   22.8   22.8    54   13.0    1.6     NO   0.40   8.0     O   22.8   22.8   22.8  1011.0   0.00    0.0    0.000   0.047   27.4    46   14.8   27.3    8.45   1.1528     352     1    100.0   15 
26/07/26   1:30   22.8   22.8   22.7    55   13.3    1.6     NO   0.40   4.8    NO   22.8   22.8   22.8  1010.9   0.00    0.0    0.000   0.046   27.4    45   14.4   27.2    8.32   1.1534     351     1    100.0   15 
26/07/26   1:45   22.6   22.7   22.5    54   12.8    0.0     NO   0.00   4.8    SO   22.6   22.4   22.4  1011.1   0.00    0.0    0.000   0.044   27.4    45   14.4   27.2    8.32   1.1536     351     1    100.0   15 
26/07/26   2:00   22.4   22.5   22.3    54   12.6    1.6     NO   0.40   9.7   NNO   22.4   22.2   22.2  1011.1   0.00    0.0    0.000   0.042   27.3    44   14.0   27.1    8.15   1.1543     351     1    100.0   15 
26/07/26   2:15   22.2   22.3   22.1    54   12.5    1.6    OSO   0.40  12.9   OSO   22.2   21.9   21.9  1011.0   0.00    0.0    0.000   0.041   27.3    43   13.6   26.9    8.03   1.1549     351     1    100.0   15 
26/07/26   2:30   21.8   22.1   21.6    55   12.4    4.8     NO   1.21  17.7   OSO   21.8   21.4   21.4  1010.9   0.00    0.0    0.000   0.036   27.2    43   13.5   26.8    8.03   1.1554     351     1    100.0   15 
26/07/26   2:45   21.5   21.7   21.4    56   12.4    3.2     NO   0.80  17.7   OSO   21.5   20.9   20.9  1011.1   0.00    0.0    0.000   0.033   27.0    43   13.4   26.7    8.04   1.1563     349     1    100.0   15 
26/07/26   3:00   21.2   21.4   21.1    57   12.4    3.2     NO   0.80  12.9   ONO   21.2   20.7   20.7  1011.3   0.00    0.0    0.000   0.030   26.9    43   13.3   26.6    8.04   1.1571     351     1    100.0   15 
26/07/26   3:15   21.2   21.2   21.1    58   12.6    3.2    NNO   0.80  16.1     O   21.2   20.6   20.6  1011.7   0.00    0.0    0.000   0.030   26.8    43   13.2   26.4    8.05   1.1582     351     1    100.0   15 
26/07/26   3:30   21.2   21.2   21.2    59   12.9    1.6    NNO   0.40   9.7     S   21.2   20.8   20.8  1011.9   0.00    0.0    0.000   0.030   26.7    44   13.5   26.4    8.15   1.1582     351     1    100.0   15 
26/07/26   3:45   21.1   21.2   20.9    59   12.7    3.2     NO   0.80  14.5   NNO   21.1   20.6   20.6  1012.0   0.00    0.0    0.000   0.028   26.7    44   13.4   26.4    8.15   1.1586     351     1    100.0   15 
26/07/26   4:00   20.9   20.9   20.8    61   13.1    1.6    ONO   0.40   8.0    SO   20.9   20.6   20.6  1011.9   0.00    0.0    0.000   0.027   26.6    44   13.4   26.3    8.15   1.1588     351     1    100.0   15 
26/07/26   4:15   20.6   20.8   20.4    62   13.0    0.0     NO   0.00   6.4   OSO   20.6   20.3   20.3  1012.0   0.00    0.0    0.000   0.023   26.6    44   13.3   26.3    8.15   1.1592     350     1    100.0   15 
26/07/26   4:30   20.2   20.4   19.9    63   12.9    3.2     NO   0.80   6.4   ONO   20.2   20.1   20.1  1011.9   0.00    0.0    0.000   0.019   26.4    45   13.5   26.2    8.36   1.1592     352     1    100.0   15 
26/07/26   4:45   19.7   19.9   19.5    64   12.7    3.2     NO   0.80   6.4    NO   19.7   19.7   19.7  1011.8   0.00    0.0    0.000   0.014   26.3    45   13.4   26.2    8.36   1.1596     351     1    100.0   15 
26/07/26   5:00   19.4   19.5   19.3    65   12.6    3.2     NO   0.80  11.3   NNO   19.4   19.4   19.4  1011.8   0.00    0.0    0.000   0.011   26.2    45   13.3   26.0    8.37   1.1605     351     1    100.0   15 
26/07/26   5:15   19.3   19.3   19.2    65   12.5    3.2     NO   0.80  11.3     O   19.3   19.2   19.2  1012.0   0.00    0.0    0.000   0.010   26.1    45   13.2   25.9    8.37   1.1612     351     1    100.0   15 
26/07/26   5:30   19.2   19.2   19.2    65   12.5    1.6    OSO   0.40   8.0   NNO   19.2   19.2   19.2  1012.0   0.00    0.0    0.000   0.009   26.1    45   13.2   25.9    8.37   1.1613     352     1    100.0   15 
26/07/26   5:45   19.2   19.2   19.2    65   12.5    3.2    OSO   0.80  11.3     O   19.2   19.2   19.2  1012.3   0.00    0.0    0.000   0.009   26.1    45   13.2   25.9    8.37   1.1613     351     1    100.0   15 
26/07/26   6:00   19.3   19.3   19.2    65   12.5    3.2     NO   0.80  12.9    SO   19.3   19.2   19.2  1012.3   0.00    0.0    0.000   0.010   26.2    45   13.3   26.0    8.37   1.1611     351     1    100.0   15 
26/07/26   6:15   19.4   19.5   19.3    64   12.4    3.2     NO   0.80  12.9   OSO   19.4   19.3   19.3  1012.5   0.00    0.0    0.000   0.011   26.2    45   13.3   26.0    8.37   1.1613     351     1    100.0   15 
