                 Temp.  Temp.  Temp.  Hum.   Punt   Vel.   Dir.   Rec.  Vel.  Dir.  Sens.   Índ.   Índ.                  Int. Graus D.Graus D.  Temp.  Hum. Rosada  In.Cal.  EMC     Dens.    Mostr   Tx   Recep.  Int.
  Data    Hora    Ext.   Màx.   Mín.  Ext. Rosada   Vent   Vent   Vent  Màx.  Màx.  Tèrm.  Calor   THW    Bar    Pluja   Pluja  Calor    Fred    Int.  Int.   Int.   Int.    Int.  Int.Aire    Vent   Vent   ISS   Arc.
-------------------------------------------------------------------------------------------------------------------------------------------------------------------------------------------------------------------------
29/07/26   0:15   22.8   22.8   22.8    92   21.4    0.0    OSO   0.00   1.6   OSO   22.8   24.2   24.2  1018.4   0.00    0.0    0.000   0.046   27.9    64   20.4   29.6   11.51   1.1514     349     1    100.0   15 
29/07/26   0:30   22.7   22.8   22.6    92   21.4    0.0    OSO   0.00   1.6   OSO   22.7   24.2   24.2  1018.3   0.00    0.0    0.000   0.046   27.9    65   20.7   29.7   11.71   1.1507     350     1    100.0   15 
29/07/26   0:45   22.6   22.7   22.6    92   21.2    0.0    OSO   0.00   3.2   OSO   22.6   24.1   24.1  1018.2   0.00    0.0    0.000   0.045   27.9    65   20.7   29.7   11.71   1.1506     351     1    100.0   15 
29/07/26   1:00   22.5   22.6   22.4    93   21.3    0.0    ONO   0.00   3.2   ONO   22.5   23.9   23.9  1018.1   0.00    0.0    0.000   0.043   27.9    66   20.9   29.9   11.91   1.1501     351     1    100.0   15 
29/07/26   1:15   22.4   22.5   22.3    93   21.2    0.0      O   0.00   3.2     O   22.4   23.8   23.8  1018.0   0.00    0.0    0.000   0.042   27.9    66   20.9   29.9   11.91   1.1500     350     1    100.0   15 
29/07/26   1:30   22.3   22.3   22.2    93   21.1    0.0      O   0.00   3.2   ONO   22.3   23.7   23.7  1017.9   0.00    0.0    0.000   0.041   27.9    66   20.9   29.9   11.91   1.1499     351     1    100.0   15 
29/07/26   1:45   22.1   22.2   22.0    93   20.9    0.0    ---   0.00   0.0   ---   22.1   23.5   23.5  1017.8   0.00    0.0    0.000   0.039   27.8    66   20.9   29.8   11.91   1.1501     351     1    100.0   15 
29/07/26   2:00   21.8   22.0   21.7    93   20.7    0.0      O   0.00   1.6     O   21.8   23.2   23.2  1017.6   0.00    0.0    0.000   0.036   27.8    66   20.9   29.8   11.91   1.1499     352     1    100.0   15 
29/07/26   2:15   21.5   21.7   21.3    92   20.1    0.0      O   0.00   1.6     O   21.5   22.8   22.8  1017.7   0.00    0.0    0.000   0.033   27.7    65   20.5   29.4   11.71   1.1510     350     1    100.0   15 
29/07/26   2:30   21.3   21.3   21.2    90   19.6    0.0      O   0.00   3.2     O   21.3   22.4   22.4  1017.7   0.00    0.0    0.000   0.031   27.7    64   20.2   29.3   11.51   1.1518     350     1    100.0   15 
29/07/26   2:45   21.3   21.4   21.2    88   19.2    1.6     NO   0.40   4.8     O   21.3   22.3   22.3  1017.7   0.00    0.0    0.000   0.031   27.6    63   19.9   29.1   11.32   1.1525     351     1    100.0   15 
29/07/26   3:00   21.3   21.4   21.2    84   18.5    0.0     NO   0.00   3.2    NO   21.3   22.1   22.1  1017.5   0.00    0.0    0.000   0.031   27.5    61   19.3   28.7   10.95   1.1537     352     1    100.0   15 
29/07/26   3:15   21.4   21.4   21.3    81   18.0    1.6     NO   0.40   4.8    NO   21.4   22.2   22.2  1017.6   0.00    0.0    0.000   0.032   27.4    60   18.9   28.4   10.75   1.1548     351     1    100.0   15 
29/07/26   3:30   21.6   21.9   21.4    76   17.2    0.0     NO   0.00   1.6    NO   21.6   22.1   22.1  1017.6   0.00    0.0    0.000   0.034   27.3    59   18.6   28.2   10.55   1.1555     351     1    100.0   15 
29/07/26   3:45   22.1   22.2   21.9    75   17.4    0.0    ---   0.00   0.0   ---   22.1   22.6   22.6  1017.6   0.00    0.0    0.000   0.039   27.2    58   18.2   28.0   10.35   1.1566     351     1    100.0   15 
29/07/26   4:00   21.7   22.1   21.3    78   17.7    0.0     NO   0.00   3.2    NO   21.7   22.3   22.3  1017.6   0.00    0.0    0.000   0.035   27.2    58   18.2   28.0   10.35   1.1566     351     1    100.0   15 
29/07/26   4:15   21.1   21.3   21.1    80   17.5    0.0      O   0.00   4.8   OSO   21.1   21.7   21.7  1017.7   0.00    0.0    0.000   0.029   27.2    57   17.9   27.8   10.17   1.1574     352     1    100.0   15 
29/07/26   4:30   21.2   21.3   21.0    78   17.2    0.0     NO   0.00   4.8    NO   21.2   21.7   21.7  1017.7   0.00    0.0    0.000   0.030   27.1    57   17.9   27.8   10.17   1.1576     350     1    100.0   15 
29/07/26   4:45   21.6   21.7   21.3    78   17.6    0.0      O   0.00   3.2     O   21.6   22.2   22.2  1017.7   0.00    0.0    0.000   0.034   27.0    57   17.8   27.6   10.16   1.1583     351     1    100.0   15 
29/07/26   5:00   21.6   21.7   21.5    78   17.6    0.0      O   0.00   3.2     O   21.6   22.2   22.2  1017.8   0.00    0.0    0.000   0.034   27.0    57   17.8   27.6   10.16   1.1584     351     1    100.0   15 
29/07/26   5:15   21.4   21.5   21.3    79   17.6    0.0      O   0.00   3.2     O   21.4   22.1   22.1  1017.9   0.00    0.0    0.000   0.032   26.9    58   18.0   27.6   10.35   1.1583     351     1    100.0   15 
29/07/26   5:30   21.2   21.3   21.2    80   17.6    0.0      O   0.00   4.8     O   21.2   21.8   21.8  1018.0   0.00    0.0    0.000   0.030   26.9    58   18.0   27.6   10.35   1.1584     351     1    100.0   15 
29/07/26   5:45   21.2   21.3   20.8    79   17.4    1.6     NO   0.40   6.4   ONO   21.2   21.7   21.7  1018.1   0.00    0.0    0.000   0.030   27.0    57   17.8   27.6   10.16   1.1587     350     1    100.0   15 
29/07/26   6:00   20.7   20.8   20.7    80   17.1    3.2     NO   0.80   6.4    NO   20.7   21.5   21.5  1018.0   0.00    0.0    0.000   0.025   27.1    57   17.8   27.7   10.16   1.1583     351     1    100.0   15 
29/07/26   6:15   21.2   21.6   20.8    80   17.6    0.0     NO   0.00   1.6    NO   21.2   21.8   21.8  1018.1   0.00    0.0    0.000   0.030   27.2    57   17.9   27.8   10.17   1.1579     351     1    100.0   15 
29/07/26   6:30   22.1   22.5   21.6    79   18.2    0.0    ---   0.00   0.0   ---   22.1   22.8   22.8  1018.3   0.00    0.0    0.000   0.039   27.3    57   18.1   28.1   10.17   1.1571     350     1    100.0   15 
29/07/26   6:45   22.8   23.1   22.5    79   18.9    0.0    ---   0.00   0.0   ---   22.8   23.7   23.7  1018.4   0.00    0.0    0.000   0.046   27.6    57   18.3   28.5   10.18   1.1558     351     1    100.0   15 
29/07/26   7:00   23.3   23.6   23.1    78   19.2    0.0    ---   0.00   0.0   ---   23.3   24.3   24.3  1018.4   0.00    0.0    0.000   0.052   27.9    58   18.9   29.0   10.35   1.1540     351     1    100.0   15 
29/07/26   7:15   23.9   24.2   23.6    76   19.4    0.0    ---   0.00   0.0   ---   23.9   25.1   25.1  1018.5   0.00    0.0    0.000   0.058   28.2    58   19.1   29.4   10.35   1.1525     351     1    100.0   15 
29/07/26   7:30   24.6   25.0   24.2    75   19.8    0.0    ---   0.00   0.0   ---   24.6   25.9   25.9  1018.5   0.00    0.0    0.000   0.065   28.4    58   19.4   29.9   10.35   1.1511     351     1    100.0   15 
29/07/26   7:45   25.3   25.5   25.0    74   20.3    0.0    ---   0.00   0.0   ---   25.3   26.6   26.6  1018.4   0.00    0.0    0.000   0.072   28.7    58   19.6   30.3   10.35   1.1498     351     1    100.0   15 
29/07/26   8:00   25.8   26.2   25.5    74   20.8    0.0    ---   0.00   0.0   ---   25.8   27.2   27.2  1018.4   0.00    0.0    0.000   0.078   28.8    59   20.0   30.7   10.55   1.1485     351     1    100.0   15 
29/07/26   8:15   26.4   26.7   26.2    72   21.0    0.0    OSO   0.00   6.4   OSO   26.4   28.1   28.1  1018.4   0.00    0.0    0.000   0.084   28.9    60   20.4   31.1   10.75   1.1474     351     1    100.0   15 
29/07/26   8:30   26.8   27.1   26.6    67   20.2    0.0    ---   0.00   0.0   ---   26.8   28.2   28.2  1018.3   0.00    0.0    0.000   0.089   29.1    59   20.2   31.1   10.55   1.1471     351     1    100.0   15 
29/07/26   8:45   27.5   28.1   27.0    65   20.3    0.0    ---   0.00   0.0   ---   27.5   29.1   29.1  1018.3   0.00    0.0    0.000   0.095   29.3    58   20.2   31.3   10.35   1.1464     351     1    100.0   15 
29/07/26   9:00   28.6   28.9   28.1    60   20.0    0.0      S   0.00   8.0   SSE   28.6   30.3   30.3  1018.4   0.00    0.0    0.000   0.106   29.5    57   20.1   31.5   10.25   1.1459     351     1    100.0   15 
29/07/26   9:15   29.0   29.2   28.9    57   19.6    0.0    SSE   0.00   8.0   SSE   29.0   30.7   30.7  1018.4   0.00    0.0    0.000   0.111   29.7    56   20.0   31.7   10.04   1.1451     351     1    100.0   15 
29/07/26   9:30   29.5   29.8   29.2    56   19.8    0.0    OSO   0.00   8.0    SO   29.5   31.3   31.3  1018.5   0.00    0.0    0.000   0.116   29.8    55   19.8   31.8    9.84   1.1451     351     1    100.0   15 
29/07/26   9:45   30.1   30.4   29.8    56   20.3    0.0     SO   0.00   8.0    SO   30.1   32.4   32.4  1018.4   0.00    0.0    0.000   0.122   29.8    55   19.8   31.8    9.84   1.1450     351     1    100.0   15 
29/07/26  10:00   30.5   30.7   30.4    56   20.7    0.0    OSO   0.00   9.7     S   30.5   33.3   33.3  1018.4   0.00    0.0    0.000   0.127   29.9    55   19.9   31.9    9.83   1.1445     351     1    100.0   15 
29/07/26  10:15   30.8   31.1   30.7    52   19.8    0.0     SO   0.00   9.7   OSO   30.8   33.0   33.0  1018.4   0.00    0.0    0.000   0.130   30.1    55   20.1   32.3    9.83   1.1435     350     1    100.0   15 
29/07/26  10:30   31.4   31.7   31.1    49   19.4    0.0    ---   0.00   0.0   ---   31.4   33.6   33.6  1018.3   0.00    0.0    0.000   0.137   30.2    54   19.9   32.3    9.72   1.1434     351     1    100.0   15 
29/07/26  10:45   31.9   32.3   31.7    51   20.5    0.0     SO   0.00  11.3   SSO   31.9   34.9   34.9  1018.3   0.00    0.0    0.000   0.142   30.3    53   19.7   32.4    9.52   1.1432     352     1    100.0   15 
29/07/26  11:00   32.1   32.2   31.8    52   21.0    3.2    OSO   0.80  16.1     E   32.1   35.3   35.3  1018.4   0.00    0.0    0.000   0.143   30.5    52   19.5   32.6    9.35   1.1429     349     1    100.0   15 
29/07/26  11:15   32.3   32.6   32.2    50   20.6    3.2    SSO   0.80  14.5    SO   32.3   35.3   35.3  1018.2   0.00    0.0    0.000   0.146   30.1    47   17.5   30.9    8.53   1.1475     351     1    100.0   15 
29/07/26  11:30   32.6   32.7   32.5    50   20.8    3.2    OSO   0.80  16.1   OSO   32.6   35.8   35.8  1018.1   0.00    0.0    0.000   0.149   29.6    45   16.4   30.1    8.25   1.1509     350     1    100.0   15 
29/07/26  11:45   33.0   33.3   32.7    48   20.5    3.2      S   0.80  14.5     S   33.0   36.2   36.2  1018.1   0.00    0.0    0.000   0.153   29.2    45   16.1   29.8    8.26   1.1525     352     1    100.0   15 
29/07/26  12:00   33.0   33.3   32.8    49   20.9    3.2    OSO   0.80  16.1    SO   33.0   36.4   36.4  1017.9   0.00    0.0    0.000   0.153   29.2    47   16.7   29.9    8.56   1.1517     351     1    100.0   15 
29/07/26  12:15   33.6   34.0   33.2    47   20.7    3.2    SSO   0.80  11.3   SSO   33.6   37.1   37.1  1017.8   0.00    0.0    0.000   0.159   29.1    46   16.3   29.8    8.45   1.1523     351     1    100.0   15 
29/07/26  12:30   34.0   34.2   33.9    48   21.4    4.8      S   1.21  16.1     S   34.0   38.2   38.2  1017.9   0.00    0.0    0.000   0.163   29.1    45   15.9   29.7    8.26   1.1532     351     1    100.0   15 
29/07/26  12:45   33.8   33.9   33.6    47   20.9    4.8    SSO   1.21  19.3     S   33.8   37.4   37.4  1017.8   0.00    0.0    0.000   0.161   29.0    46   16.2   29.7    8.45   1.1529     351     1    100.0   15 
29/07/26  13:00   33.8   34.1   33.6    49   21.6    4.8     SO   1.21  22.5     O   33.8   38.1   38.1  1017.8   0.00    0.0    0.000   0.161   28.9    46   16.1   29.6    8.45   1.1534     352     1    100.0   15 
29/07/26  13:15   33.3   33.6   33.3    49   21.2    6.4    SSO   1.61  19.3    SO   33.3   37.1   37.1  1017.7   0.00    0.0    0.000   0.156   28.8    46   16.1   29.5    8.45   1.1536     351     1    100.0   15 
29/07/26  13:30   33.6   33.8   33.3    46   20.3    6.4    SSO   1.61  20.9   OSO   33.6   36.7   36.7  1017.6   0.00    0.0    0.000   0.159   28.7    45   15.6   29.2    8.28   1.1545     351     1    100.0   15 
29/07/26  13:45   33.8   34.0   33.7    45   20.2    6.4      S   1.61  25.7   SSO   33.8   36.9   36.9  1017.6   0.00    0.0    0.000   0.161   28.7    46   16.0   29.3    8.45   1.1540     351     1    100.0   15 
29/07/26  14:00   33.8   34.2   33.6    44   19.9    6.4    SSO   1.61  24.1    SO   33.8   36.7   36.7  1017.6   0.00    0.0    0.000   0.161   28.7    45   15.6   29.2    8.28   1.1545     352     1    100.0   15 
29/07/26  14:15   33.6   33.8   33.3    43   19.3    6.4     SO   1.61  19.3   OSO   33.6   35.9   35.9  1017.5   0.00    0.0    0.000   0.159   28.7    45   15.6   29.2    8.28   1.1544     351     1    100.0   15 
29/07/26  14:30   33.3   33.4   33.2    43   19.1    6.4      S   1.61  19.3   OSO   33.3   35.5   35.5  1017.5   0.00    0.0    0.000   0.156   28.7    45   15.6   29.2    8.28   1.1544     351     1    100.0   15 
29/07/26  14:45   33.7   33.9   33.3    40   18.2    3.2    SSO   0.80  16.1   SSO   33.7   35.4   35.4  1017.5   0.00    0.0    0.000   0.160   28.7    44   15.3   29.2    8.15   1.1548     351     1    100.0   15 
29/07/26  15:00   33.9   34.1   33.7    40   18.4    0.0    ---   0.00   0.0   ---   33.9   35.8   35.8  1017.4   0.00    0.0    0.000   0.163   28.7    45   15.6   29.2    8.28   1.1543     352     1    100.0   15 
29/07/26  15:15   33.3   33.7   33.2    36   16.2    0.0      E   0.00  14.5   SSO   33.3   33.9   33.9  1017.4   0.00    0.0    0.000   0.156   28.7    44   15.2   29.1    8.15   1.1550     349     1    100.0   15 
29/07/26  15:30   33.2   33.4   32.9    38   16.9    4.8     SO   1.21  16.1    SO   33.2   34.1   34.1  1017.4   0.00    0.0    0.000   0.155   28.8    45   15.7   29.3    8.27   1.1540     350     1    100.0   15 
29/07/26  15:45   32.8   32.9   32.8    37   16.2    4.8    SSO   1.21  16.1    SO   32.8   33.3   33.3  1017.4   0.00    0.0    0.000   0.151   28.9    44   15.4   29.4    8.15   1.1539     351     1    100.0   15 
29/07/26  16:00   32.8   32.9   32.6    37   16.2    4.8    OSO   1.21  17.7     S   32.8   33.3   33.3  1017.4   0.00    0.0    0.000   0.150   28.9    43   15.1   29.3    7.97   1.1544     350     1    100.0   15 
29/07/26  16:15   32.4   32.6   32.3    40   17.1    4.8     SO   1.21  17.7     O   32.4   33.3   33.3  1017.4   0.00    0.0    0.000   0.147   28.9    42   14.7   29.3    7.85   1.1545     352     1    100.0   15 
29/07/26  16:30   32.2   32.3   32.1    42   17.6    4.8    SSO   1.21  17.7   OSO   32.2   33.3   33.3  1017.3   0.00    0.0    0.000   0.144   29.0    42   14.8   29.3    7.85   1.1542     351     1    100.0   15 
29/07/26  16:45   31.9   32.1   31.8    39   16.2    4.8    OSO   1.21  17.7     S   31.9   32.3   32.3  1017.2   0.00    0.0    0.000   0.141   28.8    42   14.6   29.2    7.85   1.1549     351     1    100.0   15 
29/07/26  17:00   31.7   31.8   31.6    38   15.7    6.4     SO   1.61  16.1     O   31.7   31.9   31.9  1017.1   0.00    0.0    0.000   0.139   28.7    41   14.1   28.8    7.68   1.1561     350     1    100.0   15 
29/07/26  17:15   31.6   31.7   31.4    41   16.7    4.8    OSO   1.21  14.5   OSO   31.6   32.2   32.2  1017.1   0.00    0.0    0.000   0.138   28.6    40   13.6   28.5    7.55   1.1570     351     1    100.0   15 
29/07/26  17:30   31.5   31.6   31.4    43   17.4    3.2      S   0.80  11.3   SSO   31.5   32.5   32.5  1017.1   0.00    0.0    0.000   0.137   28.4    41   13.9   28.4    7.69   1.1571     351     1    100.0   15 
29/07/26  17:45   31.4   31.6   31.2    45   18.1    3.2    OSO   0.80   9.7   OSO   31.4   32.8   32.8  1017.0   0.00    0.0    0.000   0.137   28.3    41   13.8   28.3    7.69   1.1575     351     1    100.0   15 
29/07/26  18:00   30.7   31.2   30.4    46   17.8    3.2     SO   0.80  12.9     O   30.7   31.8   31.8  1017.0   0.00    0.0    0.000   0.129   28.2    40   13.3   27.9    7.55   1.1588     351     1    100.0   15 
29/07/26  18:15   30.2   30.4   29.8    49   18.3    4.8    SSO   1.21  14.5   OSO   30.2   31.4   31.4  1017.1   0.00    0.0    0.000   0.123   28.0    40   13.1   27.7    7.55   1.1597     352     1    100.0   15 
29/07/26  18:30   29.6   29.8   29.3    51   18.3    4.8     SO   1.21  17.7     S   29.6   30.7   30.7  1017.0   0.00    0.0    0.000   0.117   27.8    40   13.0   27.4    7.55   1.1605     351     1    100.0   15 
29/07/26  18:45   29.1   29.3   28.8    53   18.6    1.6     SO   0.40  11.3     S   29.1   30.4   30.4  1017.1   0.00    0.0    0.000   0.112   27.8    40   13.0   27.4    7.55   1.1605     351     1    100.0   15 
29/07/26  19:00   28.6   28.8   28.2    54   18.3    1.6    SSO   0.40  12.9   OSO   28.6   29.7   29.7  1017.2   0.00    0.0    0.000   0.106   27.9    39   12.7   27.6    7.40   1.1605     351     1    100.0   15 
29/07/26  19:15   28.0   28.2   27.8    56   18.4    0.0    OSO   0.00   8.0    SO   28.0   29.0   29.0  1017.3   0.00    0.0    0.000   0.101   28.0    39   12.8   27.6    7.40   1.1604     350     1    100.0   15 
29/07/26  19:30   27.5   27.8   27.2    59   18.8    0.0     SO   0.00   6.4     S   27.5   28.5   28.5  1017.3   0.00    0.0    0.000   0.095   28.0    39   12.8   27.6    7.40   1.1604     352     1    100.0   15 
29/07/26  19:45   27.0   27.2   26.8    62   19.1    0.0    OSO   0.00   3.2   OSO   27.0   28.0   28.0  1017.5   0.00    0.0    0.000   0.090   27.9    39   12.7   27.6    7.40   1.1609     351     1    100.0   15 
29/07/26  20:00   26.6   26.8   26.4    64   19.2    0.0    ---   0.00   0.0   ---   26.6   27.6   27.6  1017.8   0.00    0.0    0.000   0.086   27.9    39   12.7   27.4    7.41   1.1615     350     1    100.0   15 
29/07/26  20:15   26.3   26.4   26.1    65   19.2    0.0    ---   0.00   0.0   ---   26.3   27.3   27.3  1018.0   0.00    0.0    0.000   0.083   27.7    39   12.5   27.3    7.41   1.1625     351     1    100.0   15 
29/07/26  20:30   25.9   26.1   25.8    65   18.9    0.0    ---   0.00   0.0   ---   25.9   26.8   26.8  1018.0   0.00    0.0    0.000   0.079   27.6    39   12.4   27.1    7.42   1.1634     352     1    100.0   15 
29/07/26  20:45   25.8   25.8   25.7    66   18.9    0.0    ---   0.00   0.0   ---   25.8   26.7   26.7  1018.1   0.00    0.0    0.000   0.078   27.4    40   12.6   26.9    7.55   1.1636     351     1    100.0   15 
29/07/26  21:00   25.7   25.7   25.6    67   19.1    0.0    ---   0.00   0.0   ---   25.7   26.6   26.6  1018.1   0.00    0.0    0.000   0.076   27.4    40   12.6   26.9    7.55   1.1639     351     1    100.0   15 
29/07/26  21:15   25.5   25.7   25.4    68   19.2    0.0    ---   0.00   0.0   ---   25.5   26.5   26.5  1018.2   0.00    0.0    0.000   0.075   27.3    40   12.5   26.7    7.55   1.1644     351     1    100.0   15 
29/07/26  21:30   25.2   25.4   25.2    69   19.1    0.0    ---   0.00   0.0   ---   25.2   26.2   26.2  1018.3   0.00    0.0    0.000   0.072   27.2    40   12.4   26.7    7.55   1.1649     351     1    100.0   15 
29/07/26  21:45   25.1   25.2   25.0    71   19.4    0.0    ---   0.00   0.0   ---   25.1   26.2   26.2  1018.4   0.00    0.0    0.000   0.070   27.2    40   12.4   26.6    7.55   1.1652     352     1    100.0   15 
29/07/26  22:00   25.0   25.0   24.9    73   19.8    0.0    ---   0.00   0.0   ---   25.0   26.3   26.3  1018.4   0.00    0.0    0.000   0.069   27.1    40   12.3   26.5    7.55   1.1658     351     1    100.0   15 
29/07/26  22:15   24.9   25.0   24.8    75   20.2    0.0    ---   0.00   0.0   ---   24.9   26.3   26.3  1018.3   0.00    0.0    0.000   0.068   27.0    40   12.2   26.4    7.55   1.1660     350     1    100.0   15 
29/07/26  22:30   24.7   24.8   24.5    77   20.4    0.0    ---   0.00   0.0   ---   24.7   26.1   26.1  1018.3   0.00    0.0    0.000   0.066   27.0    40   12.2   26.4    7.55   1.1659     350     1    100.0   15 
29/07/26  22:45   24.4   24.6   24.2    78   20.3    0.0    ---   0.00   0.0   ---   24.4   25.9   25.9  1018.2   0.00    0.0    0.000   0.063   27.0    40   12.2   26.4    7.55   1.1659     352     1    100.0   15 
29/07/26  23:00   24.1   24.2   24.0    80   20.4    0.0    ---   0.00   0.0   ---   24.1   25.6   25.6  1018.3   0.00    0.0    0.000   0.060   27.0    39   11.9   26.4    7.44   1.1663     350     1    100.0   15 
29/07/26  23:15   23.8   24.0   23.8    82   20.6    0.0    ---   0.00   0.0   ---   23.8   25.3   25.3  1018.3   0.00    0.0    0.000   0.057   27.0    40   12.2   26.4    7.55   1.1659     351     1    100.0   15 
29/07/26  23:30   23.7   23.8   23.6    83   20.7    0.0    ---   0.00   0.0   ---   23.7   25.2   25.2  1018.3   0.00    0.0    0.000   0.056   26.9    40   12.2   26.4    7.55   1.1662     351     1    100.0   15 
29/07/26  23:45   23.6   23.6   23.4    84   20.7    0.0    ---   0.00   0.0   ---   23.6   24.9   24.9  1018.3   0.00    0.0    0.000   0.054   26.9    40   12.2   26.4    7.55   1.1662     352     1    100.0   15 
30/07/26  00:00   23.3   23.4   23.2    85   20.7    0.0    ---   0.00   0.0   ---   23.3   24.6   24.6  1018.3   0.00    0.0    0.000   0.052   27.1    44   13.8   26.8    8.15   1.1640     350     1    100.0   15 
30/07/26   0:15   23.1   23.2   22.9    86   20.6    0.0    ---   0.00   0.0   ---   23.1   24.3   24.3  1018.3   0.00    0.0    0.000   0.049   27.3    47   15.0   27.3    8.63   1.1614     348     1    100.0   15 
30/07/26   0:30   22.8   22.9   22.7    86   20.4    0.0    ---   0.00   0.0   ---   22.8   24.1   24.1  1018.1   0.00    0.0    0.000   0.047   27.5    49   15.8   27.7    8.92   1.1595     350     1    100.0   15 
30/07/26   0:45   22.8   22.9   22.7    87   20.6    0.0    ---   0.00   0.0   ---   22.8   24.1   24.1  1018.0   0.00    0.0    0.000   0.047   27.6    51   16.6   27.9    9.32   1.1580     351     1    100.0   15 
30/07/26   1:00   22.9   22.9   22.9    86   20.4    0.0     SO   0.00   4.8    SO   22.9   24.1   24.1  1018.0   0.00    0.0    0.000   0.047   27.7    53   17.3   28.3    9.61   1.1565     350     1    100.0   15 
30/07/26   1:15   22.9   22.9   22.8    86   20.4    0.0      O   0.00   4.8     O   22.9   24.1   24.1  1017.9   0.00    0.0    0.000   0.047   27.8    55   17.9   28.6    9.85   1.1552     352     1    100.0   15 
30/07/26   1:30   22.8   22.8   22.7    87   20.5    0.0     SO   0.00   3.2    SO   22.8   24.1   24.1  1017.9   0.00    0.0    0.000   0.046   27.8    56   18.2   28.7   10.05   1.1545     351     1    100.0   15 
30/07/26   1:45   22.7   22.7   22.6    87   20.4    0.0     SO   0.00   4.8    SO   22.7   23.9   23.9  1017.8   0.00    0.0    0.000   0.045   27.8    57   18.5   28.8   10.19   1.1540     351     1    100.0   15 
30/07/26   2:00   22.5   22.6   22.4    88   20.4    0.0    OSO   0.00   4.8     O   22.5   23.7   23.7  1017.7   0.00    0.0    0.000   0.043   27.8    58   18.8   28.9   10.35   1.1535     351     1    100.0   15 
30/07/26   2:15   22.4   22.4   22.3    88   20.3    0.0      O   0.00   4.8     O   22.4   23.6   23.6  1017.6   0.00    0.0    0.000   0.042   27.8    59   19.1   29.0   10.55   1.1529     352     1    100.0   15 
30/07/26   2:30   22.2   22.3   22.2    88   20.1    0.0    OSO   0.00   4.8   OSO   22.2   23.3   23.3  1017.6   0.00    0.0    0.000   0.041   27.8    59   19.1   29.0   10.55   1.1529     350     1    100.0   15 
30/07/26   2:45   22.1   22.2   22.1    88   20.0    0.0    OSO   0.00   3.2    NO   22.1   23.2   23.2  1017.6   0.00    0.0    0.000   0.039   27.8    60   19.3   29.0   10.75   1.1527     351     1    100.0   15 
30/07/26   3:00   21.9   22.1   21.8    87   19.7    0.0    OSO   0.00   4.8    SO   21.9   23.1   23.1  1017.4   0.00    0.0    0.000   0.038   27.8    60   19.3   29.0   10.75   1.1526     351     1    100.0   15 
30/07/26   3:15   21.7   21.8   21.6    84   18.9    0.0    OSO   0.00   3.2   OSO   21.7   22.7   22.7  1017.3   0.00    0.0    0.000   0.035   27.7    60   19.2   28.9   10.75   1.1527     350     1    100.0   15 
30/07/26   3:30   21.6   21.7   21.6    81   18.2    0.0    OSO   0.00   3.2   OSO   21.6   22.4   22.4  1017.2   0.00    0.0    0.000   0.034   27.7    59   19.0   28.8   10.55   1.1530     352     1    100.0   15 
30/07/26   3:45   21.7   21.7   21.7    78   17.7    0.0    OSO   0.00   1.6   OSO   21.7   22.3   22.3  1017.1   0.00    0.0    0.000   0.035   27.6    58   18.6   28.6   10.35   1.1539     350     1    100.0   15 
30/07/26   4:00   21.7   21.7   21.7    75   17.1    0.0    OSO   0.00   3.2   OSO   21.7   22.2   22.2  1017.1   0.00    0.0    0.000   0.035   27.6    57   18.3   28.4   10.18   1.1547     350     1    100.0   15 
30/07/26   4:15   21.8   21.9   21.7    76   17.4    0.0    OSO   0.00   1.6   OSO   21.8   22.3   22.3  1017.1   0.00    0.0    0.000   0.036   27.4    56   17.9   28.2   10.05   1.1556     350     1    100.0   15 
30/07/26   4:30   21.9   21.9   21.8    75   17.3    0.0    OSO   0.00   3.2   OSO   21.9   22.4   22.4  1017.2   0.00    0.0    0.000   0.037   27.4    55   17.5   28.0    9.85   1.1564     352     1    100.0   15 
30/07/26   4:45   21.8   21.8   21.8    75   17.1    0.0    OSO   0.00   1.6   OSO   21.8   22.2   22.2  1017.2   0.00    0.0    0.000   0.036   27.4    55   17.5   28.0    9.85   1.1565     349     1    100.0   15 
30/07/26   5:00   21.8   21.8   21.8    75   17.1    0.0    ---   0.00   0.0   ---   21.8   22.2   22.2  1017.3   0.00    0.0    0.000   0.036   27.3    55   17.5   27.9    9.85   1.1569     350     1    100.0   15 
30/07/26   5:15   21.8   21.9   21.8    75   17.2    0.0    ---   0.00   0.0   ---   21.8   22.3   22.3  1017.3   0.00    0.0    0.000   0.036   27.3    55   17.4   27.8    9.85   1.1572     351     1    100.0   15 
30/07/26   5:30   21.9   22.1   21.9    74   17.1    0.0    ---   0.00   0.0   ---   21.9   22.4   22.4  1017.3   0.00    0.0    0.000   0.038   27.3    55   17.5   27.9    9.85   1.1569     352     1    100.0   15 
30/07/26   5:45   22.1   22.2   22.1    73   17.0    0.0    ---   0.00   0.0   ---   22.1   22.6   22.6  1017.3   0.00    0.0    0.000   0.039   27.4    55   17.5   28.0    9.85   1.1566     351     1    100.0   15 
