                 Temp.  Temp.  Temp.  Hum.   Punt   Vel.   Dir.   Rec.  Vel.  Dir.  Sens.   Índ.   Índ.                  Int. Graus D.Graus D.  Temp.  Hum. Rosada  In.Cal.  EMC     Dens.    Mostr   Tx   Recep.  Int.
  Data    Hora    Ext.   Màx.   Mín.  Ext. Rosada   Vent   Vent   Vent  Màx.  Màx.  Tèrm.  Calor   THW    Bar    Pluja   Pluja  Calor    Fred    Int.  Int.   Int.   Int.    Int.  Int.Aire    Vent   Vent   ISS   Arc.
-------------------------------------------------------------------------------------------------------------------------------------------------------------------------------------------------------------------------
28/07/26   0:15   22.3   22.3   22.3    69   16.3    0.0     NO   0.00   3.2    NO   22.3   22.7   22.7  1017.1   0.00    0.0    0.000   0.041   27.4    51   16.4   27.7    9.32   1.1578     290     1     84.8   15 
28/07/26   0:30   22.3   22.3   22.2    70   16.5    0.0     NO   0.00   1.6    NO   22.3   22.7   22.7  1017.1   0.00    0.0    0.000   0.041   27.4    51   16.4   27.7    9.32   1.1577     351     1    100.0   15 
28/07/26   0:45   22.2   22.2   22.1    71   16.7    0.0    ---   0.00   0.0   ---   22.2   22.6   22.6  1016.9   0.00    0.0    0.000   0.040   27.4    52   16.7   27.7    9.42   1.1574     352     1    100.0   15 
28/07/26   1:00   22.1   22.2   22.1    72   16.8    0.0    ---   0.00   0.0   ---   22.1   22.6   22.6  1016.8   0.00    0.0    0.000   0.039   27.4    52   16.7   27.7    9.42   1.1573     351     1    100.0   15 
28/07/26   1:15   22.2   22.2   22.2    74   17.3    0.0     NO   0.00   4.8    NO   22.2   22.7   22.7  1016.8   0.00    0.0    0.000   0.040   27.3    53   16.9   27.7    9.63   1.1572     350     1    100.0   15 
28/07/26   1:30   22.2   22.2   22.1    75   17.5    0.0    ONO   0.00   4.8   NNO   22.2   22.7   22.7  1016.8   0.00    0.0    0.000   0.040   27.3    53   16.9   27.7    9.63   1.1571     351     1    100.0   15 
28/07/26   1:45   22.1   22.2   22.1    75   17.5    0.0    ONO   0.00   1.6   ONO   22.1   22.7   22.7  1016.8   0.00    0.0    0.000   0.039   27.3    54   17.2   27.7    9.75   1.1570     351     1    100.0   15 
28/07/26   2:00   22.1   22.1   22.1    76   17.7    0.0    ---   0.00   0.0   ---   22.1   22.7   22.7  1016.8   0.00    0.0    0.000   0.039   27.3    54   17.2   27.7    9.75   1.1570     351     1    100.0   15 
28/07/26   2:15   22.1   22.1   21.9    76   17.6    0.0    ---   0.00   0.0   ---   22.1   22.6   22.6  1016.9   0.00    0.0    0.000   0.039   27.2    54   17.1   27.7    9.75   1.1574     351     1    100.0   15 
28/07/26   2:30   21.9   21.9   21.8    76   17.5    0.0    ---   0.00   0.0   ---   21.9   22.4   22.4  1016.9   0.00    0.0    0.000   0.037   27.2    54   17.1   27.7    9.75   1.1574     350     1    100.0   15 
28/07/26   2:45   21.7   21.8   21.6    76   17.3    0.0    ---   0.00   0.0   ---   21.7   22.2   22.2  1016.9   0.00    0.0    0.000   0.035   27.2    54   17.1   27.7    9.75   1.1574     352     1    100.0   15 
28/07/26   3:00   21.4   21.6   21.2    76   17.0    0.0    ---   0.00   0.0   ---   21.4   21.8   21.8  1016.8   0.00    0.0    0.000   0.032   27.2    54   17.1   27.6    9.75   1.1576     351     1    100.0   15 
28/07/26   3:15   21.1   21.2   20.9    77   16.9    0.0    ---   0.00   0.0   ---   21.1   21.6   21.6  1016.9   0.00    0.0    0.000   0.029   27.1    54   17.0   27.5    9.75   1.1579     351     1    100.0   15 
28/07/26   3:30   20.8   20.9   20.7    75   16.2    1.6    ONO   0.40   3.2   ONO   20.8   21.2   21.2  1016.8   0.00    0.0    0.000   0.025   27.1    54   16.9   27.4    9.75   1.1582     351     1    100.0   15 
28/07/26   3:45   20.6   20.7   20.5    75   16.0    1.6    ONO   0.40   3.2   ONO   20.6   21.1   21.1  1016.9   0.00    0.0    0.000   0.023   27.0    53   16.6   27.3    9.64   1.1590     351     1    100.0   15 
28/07/26   4:00   20.6   20.6   20.5    75   16.0    0.0    ---   0.00   0.0   ---   20.6   21.1   21.1  1016.9   0.00    0.0    0.000   0.023   26.9    53   16.5   27.2    9.64   1.1596     352     1    100.0   15 
28/07/26   4:15   20.6   20.6   20.4    76   16.2    0.0    ---   0.00   0.0   ---   20.6   21.2   21.2  1017.0   0.00    0.0    0.000   0.023   26.8    53   16.4   27.1    9.64   1.1599     351     1    100.0   15 
28/07/26   4:30   20.3   20.4   20.2    77   16.2    0.0    ONO   0.00   1.6   ONO   20.3   20.9   20.9  1016.8   0.00    0.0    0.000   0.021   26.8    53   16.4   27.1    9.65   1.1600     351     1    100.0   15 
28/07/26   4:45   20.0   20.2   19.9    76   15.6    3.2    ONO   0.80   6.4   ONO   20.0   20.6   20.6  1016.8   0.00    0.0    0.000   0.017   26.7    53   16.3   27.0    9.65   1.1603     351     1    100.0   15 
28/07/26   5:00   19.9   19.9   19.9    75   15.3    0.0     NO   0.00   4.8    NO   19.9   20.4   20.4  1016.9   0.00    0.0    0.000   0.016   26.6    53   16.2   26.9    9.65   1.1610     352     1    100.0   15 
28/07/26   5:15   19.9   19.9   19.9    76   15.5    0.0    ---   0.00   0.0   ---   19.9   20.4   20.4  1017.0   0.00    0.0    0.000   0.016   26.6    53   16.2   26.9    9.65   1.1611     350     1    100.0   15 
28/07/26   5:30   20.2   20.5   20.0    76   15.9    0.0    ---   0.00   0.0   ---   20.2   20.8   20.8  1016.9   0.00    0.0    0.000   0.020   26.6    52   15.9   26.8    9.45   1.1614     350     1    100.0   15 
28/07/26   5:45   20.9   21.2   20.6    74   16.1    0.0    ---   0.00   0.0   ---   20.9   21.3   21.3  1016.9   0.00    0.0    0.000   0.027   26.8    52   16.1   27.0    9.45   1.1606     351     1    100.0   15 
28/07/26   6:00   21.7   22.2   21.2    70   16.0    0.0    ---   0.00   0.0   ---   21.7   21.9   21.9  1017.0   0.00    0.0    0.000   0.035   26.9    52   16.3   27.2    9.44   1.1598     352     1    100.0   15 
28/07/26   6:15   22.4   22.6   22.2    68   16.2    0.0    ---   0.00   0.0   ---   22.4   22.8   22.8  1017.2   0.00    0.0    0.000   0.043   27.2    52   16.5   27.5    9.43   1.1586     351     1    100.0   15 
28/07/26   6:30   22.1   22.4   21.8    71   16.6    0.0    ---   0.00   0.0   ---   22.1   22.4   22.4  1017.2   0.00    0.0    0.000   0.039   27.4    52   16.7   27.8    9.42   1.1575     351     1    100.0   15 
28/07/26   6:45   21.9   22.1   21.8    71   16.4    0.0    ---   0.00   0.0   ---   21.9   22.2   22.2  1017.2   0.00    0.0    0.000   0.037   27.7    52   16.9   28.1    9.41   1.1564     351     1    100.0   15 
28/07/26   7:00   22.3   22.5   22.1    71   16.8    0.0    ---   0.00   0.0   ---   22.3   22.7   22.7  1017.3   0.00    0.0    0.000   0.041   27.9    51   16.8   28.4    9.31   1.1557     351     1    100.0   15 
28/07/26   7:15   22.8   23.3   22.5    71   17.3    0.0    ---   0.00   0.0   ---   22.8   23.5   23.5  1017.3   0.00    0.0    0.000   0.047   28.1    52   17.3   28.7    9.40   1.1545     352     1    100.0   15 
28/07/26   7:30   23.7   24.1   23.3    71   18.1    0.0    ---   0.00   0.0   ---   23.7   24.7   24.7  1017.3   0.00    0.0    0.000   0.056   28.2    53   17.7   29.1    9.59   1.1531     351     1    100.0   15 
28/07/26   7:45   24.6   24.8   24.1    68   18.3    0.0    ---   0.00   0.0   ---   24.6   25.5   25.5  1017.4   0.00    0.0    0.000   0.065   28.3    53   17.8   29.2    9.59   1.1526     351     1    100.0   15 
28/07/26   8:00   25.0   25.3   24.7    67   18.4    0.0    ---   0.00   0.0   ---   25.0   25.8   25.8  1017.4   0.00    0.0    0.000   0.069   28.5    54   18.3   29.6    9.75   1.1513     351     1    100.0   15 
28/07/26   8:15   25.6   25.9   25.3    66   18.8    0.0    SSE   0.00   6.4   SSE   25.6   26.5   26.5  1017.4   0.00    0.0    0.000   0.076   28.6    53   18.1   29.7    9.58   1.1513     350     1    100.0   15 
28/07/26   8:30   26.1   26.3   25.9    67   19.4    0.0    OSO   0.00   6.4    SO   26.1   27.1   27.1  1017.3   0.00    0.0    0.000   0.080   28.7    55   18.7   29.9    9.85   1.1500     351     1    100.0   15 
28/07/26   8:45   26.6   27.0   26.4    64   19.2    0.0    OSO   0.00   6.4   OSO   26.6   27.6   27.6  1017.4   0.00    0.0    0.000   0.086   28.8    55   18.8   30.2    9.85   1.1495     351     1    100.0   15 
28/07/26   9:00   27.2   27.5   27.0    64   19.8    0.0    ---   0.00   0.0   ---   27.2   28.5   28.5  1017.5   0.00    0.0    0.000   0.093   28.9    55   18.9   30.3    9.85   1.1489     352     1    100.0   15 
28/07/26   9:15   27.7   28.1   27.5    62   19.8    1.6     SO   0.40   9.7    SO   27.7   29.1   29.1  1017.4   0.00    0.0    0.000   0.098   29.0    54   18.8   30.4    9.75   1.1487     351     1    100.0   15 
28/07/26   9:30   28.3   28.7   28.1    62   20.4    1.6     SO   0.40   9.7     O   28.3   30.1   30.1  1017.4   0.00    0.0    0.000   0.104   29.2    55   19.2   30.7    9.85   1.1474     351     1    100.0   15 
28/07/26   9:45   29.1   29.2   28.8    59   20.2    1.6    OSO   0.40  11.3   ONO   29.1   31.1   31.1  1017.4   0.00    0.0    0.000   0.112   29.3    55   19.4   30.9    9.85   1.1465     351     1    100.0   15 
28/07/26  10:00   29.4   29.6   29.2    57   20.0    1.6    SSO   0.40   9.7     S   29.4   31.4   31.4  1017.3   0.00    0.0    0.000   0.116   29.5    55   19.5   31.2    9.85   1.1456     351     1    100.0   15 
28/07/26  10:15   29.8   29.9   29.6    55   19.8    3.2    SSO   0.80  14.5     S   29.8   31.7   31.7  1017.4   0.00    0.0    0.000   0.119   29.7    54   19.4   31.3    9.74   1.1452     351     1    100.0   15 
28/07/26  10:30   30.0   30.3   29.7    55   20.0    3.2     SO   0.80  16.1   OSO   30.0   32.1   32.1  1017.3   0.00    0.0    0.000   0.122   29.8    53   19.2   31.4    9.54   1.1448     352     1    100.0   15 
28/07/26  10:45   30.6   31.0   30.3    54   20.2    3.2      S   0.80  17.7     S   30.6   33.1   33.1  1017.2   0.00    0.0    0.000   0.128   30.0    53   19.4   31.7    9.53   1.1438     351     1    100.0   15 
28/07/26  11:00   31.1   31.1   30.9    55   21.0    3.2    OSO   0.80  17.7   SSE   31.1   33.9   33.9  1017.1   0.00    0.0    0.000   0.133   29.9    49   18.1   31.0    8.85   1.1459     351     1    100.0   15 
28/07/26  11:15   30.9   31.0   30.8    55   20.8    4.8      S   1.21  17.7    SO   30.9   33.7   33.7  1017.1   0.00    0.0    0.000   0.131   29.7    48   17.5   30.6    8.74   1.1477     351     1    100.0   15 
28/07/26  11:30   31.0   31.1   30.9    55   20.9    4.8      S   1.21  17.7   SSO   31.0   33.8   33.8  1017.0   0.00    0.0    0.000   0.132   29.6    48   17.4   30.4    8.75   1.1482     352     1    100.0   15 
28/07/26  11:45   31.2   31.6   31.0    52   20.1    1.6    SSO   0.40  19.3   SSE   31.2   33.5   33.5  1017.0   0.00    0.0    0.000   0.134   29.4    48   17.2   30.2    8.75   1.1490     351     1    100.0   15 
28/07/26  12:00   31.9   32.1   31.7    50   20.2    1.6    SSE   0.40  14.5   SSE   31.9   34.6   34.6  1016.8   0.00    0.0    0.000   0.141   29.2    46   16.4   29.9    8.45   1.1506     351     1    100.0   15 
28/07/26  12:15   32.1   32.3   31.8    48   19.7    3.2      S   0.80  19.3     S   32.1   34.5   34.5  1016.6   0.00    0.0    0.000   0.144   29.0    45   15.9   29.6    8.27   1.1520     351     1    100.0   15 
28/07/26  12:30   32.2   32.4   32.1    48   19.8    3.2     SO   0.80  22.5   OSO   32.2   34.7   34.7  1016.6   0.00    0.0    0.000   0.145   29.0    45   15.9   29.6    8.27   1.1519     350     1    100.0   15 
28/07/26  12:45   32.6   32.7   32.4    46   19.4    4.8     SO   1.21  24.1   SSE   32.6   34.9   34.9  1016.5   0.00    0.0    0.000   0.148   29.1    44   15.6   29.6    8.15   1.1520     351     1    100.0   15 
28/07/26  13:00   32.3   32.6   32.2    46   19.2    6.4     SO   1.61  24.1    SO   32.3   34.4   34.4  1016.4   0.00    0.0    0.000   0.146   28.9    43   15.1   29.4    7.97   1.1529     351     1    100.0   15 
28/07/26  13:15   32.7   32.9   32.3    44   18.9    4.8     SO   1.21  19.3   OSO   32.7   34.7   34.7  1016.2   0.00    0.0    0.000   0.150   28.8    43   15.0   29.2    7.97   1.1533     351     1    100.0   15 
28/07/26  13:30   32.6   32.8   32.4    45   19.1    4.8    SSO   1.21  19.3   SSO   32.6   34.8   34.8  1016.1   0.00    0.0    0.000   0.149   28.8    43   15.0   29.2    7.97   1.1534     351     1    100.0   15 
28/07/26  13:45   32.5   32.8   32.3    44   18.7    6.4     SO   1.61  27.4   OSO   32.5   34.3   34.3  1016.2   0.00    0.0    0.000   0.148   28.7    42   14.5   28.9    7.85   1.1542     352     1    100.0   15 
28/07/26  14:00   32.7   32.8   32.6    48   20.3    4.8      S   1.21  19.3    SO   32.7   35.6   35.6  1016.1   0.00    0.0    0.000   0.150   28.7    43   14.9   29.1    7.98   1.1537     351     1    100.0   15 
28/07/26  14:15   32.6   32.8   32.4    49   20.5    3.2    SSO   0.80  20.9   SSE   32.6   35.6   35.6  1016.2   0.00    0.0    0.000   0.149   28.8    42   14.6   29.2    7.85   1.1536     351     1    100.0   15 
28/07/26  14:30   32.4   32.8   32.1    48   20.0    6.4     SO   1.61  19.3     S   32.4   35.1   35.1  1016.1   0.00    0.0    0.000   0.147   28.9    42   14.7   29.2    7.85   1.1533     351     1    100.0   15 
28/07/26  14:45   31.9   32.1   31.7    46   18.9    4.8      S   1.21  24.1   SSO   31.9   33.9   33.9  1016.0   0.00    0.0    0.000   0.142   28.9    42   14.7   29.3    7.85   1.1529     352     1    100.0   15 
28/07/26  15:00   32.0   32.2   31.9    43   17.9    4.8    OSO   1.21  20.9   SSE   32.0   33.3   33.3  1016.0   0.00    0.0    0.000   0.142   29.0    43   15.2   29.4    7.97   1.1522     351     1    100.0   15 
28/07/26  15:15   31.8   32.2   31.7    45   18.4    6.4    SSO   1.61  24.1     S   31.8   33.5   33.5  1016.0   0.00    0.0    0.000   0.141   29.0    43   15.2   29.4    7.97   1.1521     350     1    100.0   15 
28/07/26  15:30   31.6   31.8   31.4    45   18.2    6.4     SO   1.61  24.1     S   31.6   33.1   33.1  1016.1   0.00    0.0    0.000   0.138   28.9    43   15.1   29.4    7.97   1.1526     351     1    100.0   15 
28/07/26  15:45   31.3   31.4   31.2    46   18.3    0.0     SO   0.00  14.5   SSO   31.3   32.6   32.6  1016.0   0.00    0.0    0.000   0.135   28.9    42   14.7   29.3    7.85   1.1529     350     1    100.0   15 
28/07/26  16:00   31.1   31.2   30.9    47   18.5    4.8      S   1.21  19.3     S   31.1   32.4   32.4  1016.0   0.00    0.0    0.000   0.133   28.9    42   14.7   29.3    7.85   1.1529     352     1    100.0   15 
28/07/26  16:15   30.8   31.0   30.7    47   18.2    8.0     SO   2.01  24.1     S   30.8   32.1   32.1  1015.9   0.00    0.0    0.000   0.130   28.9    42   14.7   29.3    7.85   1.1528     351     1    100.0   15 
28/07/26  16:30   30.8   30.9   30.5    48   18.5    8.0    SSO   2.01  25.7   SSO   30.8   32.2   32.2  1016.1   0.00    0.0    0.000   0.130   28.9    42   14.7   29.3    7.85   1.1530     351     1    100.0   15 
28/07/26  16:45   30.4   30.5   30.3    45   17.1    6.4    SSO   1.61  19.3    SO   30.4   31.2   31.2  1016.2   0.00    0.0    0.000   0.126   28.9    42   14.7   29.3    7.85   1.1531     350     1    100.0   15 
28/07/26  17:00   30.2   30.3   30.1    46   17.3    8.0    SSO   2.01  19.3   OSO   30.2   31.1   31.1  1016.1   0.00    0.0    0.000   0.124   28.7    41   14.2   28.9    7.68   1.1546     350     1    100.0   15 
28/07/26  17:15   29.9   30.2   29.8    47   17.4    8.0     SO   2.01  22.5   OSO   29.9   30.8   30.8  1016.0   0.00    0.0    0.000   0.121   28.6    40   13.6   28.5    7.55   1.1558     351     1    100.0   15 
28/07/26  17:30   29.7   29.8   29.4    50   18.1    6.4     SO   1.61  17.7    SO   29.7   30.8   30.8  1016.1   0.00    0.0    0.000   0.118   28.4    40   13.5   28.3    7.55   1.1567     351     1    100.0   15 
28/07/26  17:45   29.4   29.6   29.1    50   17.9    4.8    SSO   1.21  16.1    SE   29.4   30.4   30.4  1016.2   0.00    0.0    0.000   0.115   28.1    39   12.9   27.8    7.40   1.1586     351     1    100.0   15 
28/07/26  18:00   28.8   29.1   28.6    54   18.5    6.4     SO   1.61  19.3     O   28.8   30.1   30.1  1016.2   0.00    0.0    0.000   0.109   27.9    40   13.1   27.6    7.55   1.1589     352     1    100.0   15 
28/07/26  18:15   28.4   28.6   28.1    58   19.3    4.8      S   1.21  16.1     O   28.4   29.8   29.8  1016.3   0.00    0.0    0.000   0.105   27.9    41   13.4   27.6    7.71   1.1589     351     1    100.0   15 
28/07/26  18:30   27.8   28.1   27.7    61   19.6    4.8      S   1.21  16.1    SO   27.8   29.2   29.2  1016.4   0.00    0.0    0.000   0.099   27.9    43   14.2   27.8    8.00   1.1578     350     1    100.0   15 
28/07/26  18:45   27.4   27.7   27.1    63   19.7    4.8      S   1.21  16.1     S   27.4   28.7   28.7  1016.6   0.00    0.0    0.000   0.094   27.9    44   14.6   27.9    8.15   1.1576     350     1    100.0   15 
28/07/26  19:00   26.9   27.1   26.7    66   20.1    3.2    SSO   0.80  14.5    SE   26.9   28.3   28.3  1016.7   0.00    0.0    0.000   0.090   27.9    45   14.9   28.0    8.30   1.1573     350     1    100.0   15 
28/07/26  19:15   26.4   26.7   26.2    68   20.1    4.8    OSO   1.21  14.5    SO   26.4   27.7   27.7  1016.7   0.00    0.0    0.000   0.084   27.9    46   15.2   28.1    8.45   1.1569     352     1    100.0   15 
28/07/26  19:30   26.1   26.2   25.9    70   20.2    3.2     SO   0.80  11.3    SO   26.1   27.3   27.3  1016.9   0.00    0.0    0.000   0.080   27.9    46   15.2   28.1    8.45   1.1571     351     1    100.0   15 
28/07/26  19:45   25.7   25.9   25.6    72   20.3    3.2     SO   0.80  11.3   SSO   25.7   27.0   27.0  1017.1   0.00    0.0    0.000   0.077   27.9    47   15.5   28.1    8.61   1.1572     351     1    100.0   15 
28/07/26  20:00   25.4   25.6   25.3    74   20.4    4.8    OSO   1.21  11.3     S   25.4   26.7   26.7  1017.3   0.00    0.0    0.000   0.073   27.8    47   15.5   27.9    8.61   1.1578     351     1    100.0   15 
28/07/26  20:15   25.1   25.3   24.9    77   20.8    3.2     SO   0.80   9.7     O   25.1   26.6   26.6  1017.6   0.00    0.0    0.000   0.071   27.8    48   15.8   28.1    8.81   1.1577     351     1    100.0   15 
28/07/26  20:30   24.8   24.9   24.7    80   21.1    4.8    OSO   1.21  11.3   SSO   24.8   26.5   26.5  1017.8   0.00    0.0    0.000   0.068   27.8    49   16.1   28.1    8.91   1.1577     351     1    100.0   15 
28/07/26  20:45   24.6   24.7   24.4    82   21.3    1.6    OSO   0.40   8.0   OSO   24.6   26.3   26.3  1017.9   0.00    0.0    0.000   0.065   27.8    50   16.4   28.1    9.11   1.1574     351     1    100.0   15 
28/07/26  21:00   24.3   24.4   24.3    84   21.5    1.6    OSO   0.40   6.4     O   24.3   26.1   26.1  1018.0   0.00    0.0    0.000   0.063   27.8    50   16.4   28.1    9.11   1.1575     351     1    100.0   15 
28/07/26  21:15   24.2   24.3   24.1    84   21.3    0.0      O   0.00   4.8   OSO   24.2   25.8   25.8  1018.1   0.00    0.0    0.000   0.061   27.7    50   16.4   28.1    9.11   1.1579     351     1    100.0   15 
28/07/26  21:30   23.9   24.1   23.8    86   21.5    0.0    OSO   0.00   4.8   OSO   23.9   25.7   25.7  1018.3   0.00    0.0    0.000   0.058   27.7    50   16.4   28.1    9.11   1.1581     351     1    100.0   15 
28/07/26  21:45   23.8   23.8   23.7    87   21.5    0.0    OSO   0.00   4.8    SO   23.8   25.4   25.4  1018.3   0.00    0.0    0.000   0.057   27.7    51   16.6   28.1    9.31   1.1580     350     1    100.0   15 
28/07/26  22:00   23.6   23.7   23.5    88   21.5    0.0    OSO   0.00   3.2   OSO   23.6   25.2   25.2  1018.3   0.00    0.0    0.000   0.055   27.6    51   16.6   27.9    9.32   1.1583     351     1    100.0   15 
28/07/26  22:15   23.4   23.5   23.4    88   21.3    0.0    OSO   0.00   1.6   OSO   23.4   24.8   24.8  1018.4   0.00    0.0    0.000   0.053   27.6    52   16.9   28.1    9.42   1.1580     351     1    100.0   15 
28/07/26  22:30   23.3   23.4   23.3    89   21.4    0.0    OSO   0.00   1.6   OSO   23.3   24.7   24.7  1018.4   0.00    0.0    0.000   0.052   27.6    53   17.1   28.1    9.62   1.1578     352     1    100.0   15 
28/07/26  22:45   23.3   23.3   23.2    89   21.4    0.0    OSO   0.00   1.6   OSO   23.3   24.6   24.6  1018.6   0.00    0.0    0.000   0.052   27.6    54   17.4   28.1    9.75   1.1577     351     1    100.0   15 
28/07/26  23:00   23.2   23.2   23.1    90   21.4    0.0    OSO   0.00   1.6   OSO   23.2   24.5   24.5  1018.6   0.00    0.0    0.000   0.050   27.6    55   17.8   28.3    9.85   1.1570     350     1    100.0   15 
28/07/26  23:15   23.0   23.1   23.0    90   21.3    0.0    OSO   0.00   1.6   OSO   23.0   24.4   24.4  1018.7   0.00    0.0    0.000   0.049   27.7    57   18.4   28.7   10.19   1.1556     351     1    100.0   15 
28/07/26  23:30   23.0   23.0   22.9    91   21.5    0.0    OSO   0.00   1.6   OSO   23.0   24.4   24.4  1018.6   0.00    0.0    0.000   0.049   27.8    60   19.4   29.1   10.75   1.1536     352     1    100.0   15 
28/07/26  23:45   22.9   23.0   22.9    91   21.4    0.0    ---   0.00   0.0   ---   22.9   24.3   24.3  1018.6   0.00    0.0    0.000   0.048   27.9    62   19.9   29.4   11.11   1.1524     351     1    100.0   15 
29/07/26  00:00   22.9   22.9   22.8    92   21.5    0.0    OSO   0.00   1.6   OSO   22.9   24.3   24.3  1018.5   0.00    0.0    0.000   0.047   27.9    64   20.4   29.6   11.51   1.1514     351     1    100.0   15 
29/07/26   0:15   22.8   22.8   22.8    92   21.4    0.0    OSO   0.00   1.6   OSO   22.8   24.2   24.2  1018.4   0.00    0.0    0.000   0.046   27.9    64   20.4   29.6   11.51   1.1514     349     1    100.0   15 
29/07/26   0:30   22.7   22.8   22.6    92   21.4    0.0    OSO   0.00   1.6   OSO   22.7   24.2   24.2  1018.3   0.00    0.0    0.000   0.046   27.9    65   20.7   29.7   11.71   1.1507     350     1    100.0   15 
29/07/26   0:45   22.6   22.7   22.6    92   21.2    0.0    OSO   0.00   3.2   OSO   22.6   24.1   24.1  1018.2   0.00    0.0    0.000   0.045   27.9    65   20.7   29.7   11.71   1.1506     351     1    100.0   15 
29/07/26   1:00   22.5   22.6   22.4    93   21.3    0.0    ONO   0.00   3.2   ONO   22.5   23.9   23.9  1018.1   0.00    0.0    0.000   0.043   27.9    66   20.9   29.9   11.91   1.1501     351     1    100.0   15 
29/07/26   1:15   22.4   22.5   22.3    93   21.2    0.0      O   0.00   3.2     O   22.4   23.8   23.8  1018.0   0.00    0.0    0.000   0.042   27.9    66   20.9   29.9   11.91   1.1500     350     1    100.0   15 
29/07/26   1:30   22.3   22.3   22.2    93   21.1    0.0      O   0.00   3.2   ONO   22.3   23.7   23.7  1017.9   0.00    0.0    0.000   0.041   27.9    66   20.9   29.9   11.91   1.1499     351     1    100.0   15 
29/07/26   1:45   22.1   22.2   22.0    93   20.9    0.0    ---   0.00   0.0   ---   22.1   23.5   23.5  1017.8   0.00    0.0    0.000   0.039   27.8    66   20.9   29.8   11.91   1.1501     351     1    100.0   15 
29/07/26   2:00   21.8   22.0   21.7    93   20.7    0.0      O   0.00   1.6     O   21.8   23.2   23.2  1017.6   0.00    0.0    0.000   0.036   27.8    66   20.9   29.8   11.91   1.1499     352     1    100.0   15 
29/07/26   2:15   21.5   21.7   21.3    92   20.1    0.0      O   0.00   1.6     O   21.5   22.8   22.8  1017.7   0.00    0.0    0.000   0.033   27.7    65   20.5   29.4   11.71   1.1510     350     1    100.0   15 
29/07/26   2:30   21.3   21.3   21.2    90   19.6    0.0      O   0.00   3.2     O   21.3   22.4   22.4  1017.7   0.00    0.0    0.000   0.031   27.7    64   20.2   29.3   11.51   1.1518     350     1    100.0   15 
29/07/26   2:45   21.3   21.4   21.2    88   19.2    1.6     NO   0.40   4.8     O   21.3   22.3   22.3  1017.7   0.00    0.0    0.000   0.031   27.6    63   19.9   29.1   11.32   1.1525     351     1    100.0   15 
29/07/26   3:00   21.3   21.4   21.2    84   18.5    0.0     NO   0.00   3.2    NO   21.3   22.1   22.1  1017.5   0.00    0.0    0.000   0.031   27.5    61   19.3   28.7   10.95   1.1537     352     1    100.0   15 
29/07/26   3:15   21.4   21.4   21.3    81   18.0    1.6     NO   0.40   4.8    NO   21.4   22.2   22.2  1017.6   0.00    0.0    0.000   0.032   27.4    60   18.9   28.4   10.75   1.1548     351     1    100.0   15 
29/07/26   3:30   21.6   21.9   21.4    76   17.2    0.0     NO   0.00   1.6    NO   21.6   22.1   22.1  1017.6   0.00    0.0    0.000   0.034   27.3    59   18.6   28.2   10.55   1.1555     351     1    100.0   15 
29/07/26   3:45   22.1   22.2   21.9    75   17.4    0.0    ---   0.00   0.0   ---   22.1   22.6   22.6  1017.6   0.00    0.0    0.000   0.039   27.2    58   18.2   28.0   10.35   1.1566     351     1    100.0   15 
29/07/26   4:00   21.7   22.1   21.3    78   17.7    0.0     NO   0.00   3.2    NO   21.7   22.3   22.3  1017.6   0.00    0.0    0.000   0.035   27.2    58   18.2   28.0   10.35   1.1566     351     1    100.0   15 
29/07/26   4:15   21.1   21.3   21.1    80   17.5    0.0      O   0.00   4.8   OSO   21.1   21.7   21.7  1017.7   0.00    0.0    0.000   0.029   27.2    57   17.9   27.8   10.17   1.1574     352     1    100.0   15 
29/07/26   4:30   21.2   21.3   21.0    78   17.2    0.0     NO   0.00   4.8    NO   21.2   21.7   21.7  1017.7   0.00    0.0    0.000   0.030   27.1    57   17.9   27.8   10.17   1.1576     350     1    100.0   15 
29/07/26   4:45   21.6   21.7   21.3    78   17.6    0.0      O   0.00   3.2     O   21.6   22.2   22.2  1017.7   0.00    0.0    0.000   0.034   27.0    57   17.8   27.6   10.16   1.1583     351     1    100.0   15 
29/07/26   5:00   21.6   21.7   21.5    78   17.6    0.0      O   0.00   3.2     O   21.6   22.2   22.2  1017.8   0.00    0.0    0.000   0.034   27.0    57   17.8   27.6   10.16   1.1584     351     1    100.0   15 
29/07/26   5:15   21.4   21.5   21.3    79   17.6    0.0      O   0.00   3.2     O   21.4   22.1   22.1  1017.9   0.00    0.0    0.000   0.032   26.9    58   18.0   27.6   10.35   1.1583     351     1    100.0   15 
29/07/26   5:30   21.2   21.3   21.2    80   17.6    0.0      O   0.00   4.8     O   21.2   21.8   21.8  1018.0   0.00    0.0    0.000   0.030   26.9    58   18.0   27.6   10.35   1.1584     351     1    100.0   15 
29/07/26   5:45   21.2   21.3   20.8    79   17.4    1.6     NO   0.40   6.4   ONO   21.2   21.7   21.7  1018.1   0.00    0.0    0.000   0.030   27.0    57   17.8   27.6   10.16   1.1587     350     1    100.0   15 
29/07/26   6:00   20.7   20.8   20.7    80   17.1    3.2     NO   0.80   6.4    NO   20.7   21.5   21.5  1018.0   0.00    0.0    0.000   0.025   27.1    57   17.8   27.7   10.16   1.1583     351     1    100.0   15 
