                 Temp.  Temp.  Temp.  Hum.   Punt   Vel.   Dir.   Rec.  Vel.  Dir.  Sens.   Índ.   Índ.                  Int. Graus D.Graus D.  Temp.  Hum. Rosada  In.Cal.  EMC     Dens.    Mostr   Tx   Recep.  Int.
  Data    Hora    Ext.   Màx.   Mín.  Ext. Rosada   Vent   Vent   Vent  Màx.  Màx.  Tèrm.  Calor   THW    Bar    Pluja   Pluja  Calor    Fred    Int.  Int.   Int.   Int.    Int.  Int.Aire    Vent   Vent   ISS   Arc.
-------------------------------------------------------------------------------------------------------------------------------------------------------------------------------------------------------------------------
26/07/26   0:15   22.1   22.3   22.0    80   18.5    0.0    ONO   0.00   1.6   ONO   22.1   22.9   22.9  1010.8   0.00    0.0    0.000   0.039   27.8    55   17.9   28.6    9.85   1.1470     349     1    100.0   15 
26/07/26   0:30   22.0   22.1   22.0    73   16.9    3.2    ONO   0.80   6.4    NO   22.0   22.4   22.4  1010.6   0.00    0.0    0.000   0.038   27.7    55   17.9   28.5    9.85   1.1471     349     1    100.0   15 
26/07/26   0:45   22.3   22.5   22.1    62   14.7    3.2     NO   0.80  11.3   NNO   22.3   22.4   22.4  1010.4   0.00    0.0    0.000   0.042   27.7    51   16.6   28.1    9.31   1.1489     351     1    100.0   15 
26/07/26   1:00   22.7   22.8   22.5    55   13.2    3.2     NO   0.80   9.7   OSO   22.7   22.6   22.6  1010.6   0.00    0.0    0.000   0.045   27.5    47   15.2   27.5    8.62   1.1516     351     1    100.0   15 
26/07/26   1:15   22.8   22.8   22.8    54   13.0    1.6     NO   0.40   8.0     O   22.8   22.8   22.8  1011.0   0.00    0.0    0.000   0.047   27.4    46   14.8   27.3    8.45   1.1528     352     1    100.0   15 
26/07/26   1:30   22.8   22.8   22.7    55   13.3    1.6     NO   0.40   4.8    NO   22.8   22.8   22.8  1010.9   0.00    0.0    0.000   0.046   27.4    45   14.4   27.2    8.32   1.1534     351     1    100.0   15 
26/07/26   1:45   22.6   22.7   22.5    54   12.8    0.0     NO   0.00   4.8    SO   22.6   22.4   22.4  1011.1   0.00    0.0    0.000   0.044   27.4    45   14.4   27.2    8.32   1.1536     351     1    100.0   15 
26/07/26   2:00   22.4   22.5   22.3    54   12.6    1.6     NO   0.40   9.7   NNO   22.4   22.2   22.2  1011.1   0.00    0.0    0.000   0.042   27.3    44   14.0   27.1    8.15   1.1543     351     1    100.0   15 
26/07/26   2:15   22.2   22.3   22.1    54   12.5    1.6    OSO   0.40  12.9   OSO   22.2   21.9   21.9  1011.0   0.00    0.0    0.000   0.041   27.3    43   13.6   26.9    8.03   1.1549     351     1    100.0   15 
26/07/26   2:30   21.8   22.1   21.6    55   12.4    4.8     NO   1.21  17.7   OSO   21.8   21.4   21.4  1010.9   0.00    0.0    0.000   0.036   27.2    43   13.5   26.8    8.03   1.1554     351     1    100.0   15 
26/07/26   2:45   21.5   21.7   21.4    56   12.4    3.2     NO   0.80  17.7   OSO   21.5   20.9   20.9  1011.1   0.00    0.0    0.000   0.033   27.0    43   13.4   26.7    8.04   1.1563     349     1    100.0   15 
26/07/26   3:00   21.2   21.4   21.1    57   12.4    3.2     NO   0.80  12.9   ONO   21.2   20.7   20.7  1011.3   0.00    0.0    0.000   0.030   26.9    43   13.3   26.6    8.04   1.1571     351     1    100.0   15 
26/07/26   3:15   21.2   21.2   21.1    58   12.6    3.2    NNO   0.80  16.1     O   21.2   20.6   20.6  1011.7   0.00    0.0    0.000   0.030   26.8    43   13.2   26.4    8.05   1.1582     351     1    100.0   15 
26/07/26   3:30   21.2   21.2   21.2    59   12.9    1.6    NNO   0.40   9.7     S   21.2   20.8   20.8  1011.9   0.00    0.0    0.000   0.030   26.7    44   13.5   26.4    8.15   1.1582     351     1    100.0   15 
26/07/26   3:45   21.1   21.2   20.9    59   12.7    3.2     NO   0.80  14.5   NNO   21.1   20.6   20.6  1012.0   0.00    0.0    0.000   0.028   26.7    44   13.4   26.4    8.15   1.1586     351     1    100.0   15 
26/07/26   4:00   20.9   20.9   20.8    61   13.1    1.6    ONO   0.40   8.0    SO   20.9   20.6   20.6  1011.9   0.00    0.0    0.000   0.027   26.6    44   13.4   26.3    8.15   1.1588     351     1    100.0   15 
26/07/26   4:15   20.6   20.8   20.4    62   13.0    0.0     NO   0.00   6.4   OSO   20.6   20.3   20.3  1012.0   0.00    0.0    0.000   0.023   26.6    44   13.3   26.3    8.15   1.1592     350     1    100.0   15 
26/07/26   4:30   20.2   20.4   19.9    63   12.9    3.2     NO   0.80   6.4   ONO   20.2   20.1   20.1  1011.9   0.00    0.0    0.000   0.019   26.4    45   13.5   26.2    8.36   1.1592     352     1    100.0   15 
26/07/26   4:45   19.7   19.9   19.5    64   12.7    3.2     NO   0.80   6.4    NO   19.7   19.7   19.7  1011.8   0.00    0.0    0.000   0.014   26.3    45   13.4   26.2    8.36   1.1596     351     1    100.0   15 
26/07/26   5:00   19.4   19.5   19.3    65   12.6    3.2     NO   0.80  11.3   NNO   19.4   19.4   19.4  1011.8   0.00    0.0    0.000   0.011   26.2    45   13.3   26.0    8.37   1.1605     351     1    100.0   15 
26/07/26   5:15   19.3   19.3   19.2    65   12.5    3.2     NO   0.80  11.3     O   19.3   19.2   19.2  1012.0   0.00    0.0    0.000   0.010   26.1    45   13.2   25.9    8.37   1.1612     351     1    100.0   15 
26/07/26   5:30   19.2   19.2   19.2    65   12.5    1.6    OSO   0.40   8.0   NNO   19.2   19.2   19.2  1012.0   0.00    0.0    0.000   0.009   26.1    45   13.2   25.9    8.37   1.1613     352     1    100.0   15 
26/07/26   5:45   19.2   19.2   19.2    65   12.5    3.2    OSO   0.80  11.3     O   19.2   19.2   19.2  1012.3   0.00    0.0    0.000   0.009   26.1    45   13.2   25.9    8.37   1.1613     351     1    100.0   15 
26/07/26   6:00   19.3   19.3   19.2    65   12.5    3.2     NO   0.80  12.9    SO   19.3   19.2   19.2  1012.3   0.00    0.0    0.000   0.010   26.2    45   13.3   26.0    8.37   1.1611     351     1    100.0   15 
26/07/26   6:15   19.4   19.5   19.3    64   12.4    3.2     NO   0.80  12.9   OSO   19.4   19.3   19.3  1012.5   0.00    0.0    0.000   0.011   26.2    45   13.3   26.0    8.37   1.1613     351     1    100.0   15 
26/07/26   6:30   19.6   19.8   19.5    65   12.8    1.6    ONO   0.40   8.0    NO   19.6   19.7   19.7  1012.5   0.00    0.0    0.000   0.013   26.3    45   13.4   26.1    8.36   1.1607     350     1    100.0   15 
26/07/26   6:45   19.9   19.9   19.8    64   12.9    3.2    OSO   0.80   9.7     O   19.9   19.9   19.9  1012.7   0.00    0.0    0.000   0.016   26.4    45   13.5   26.2    8.36   1.1605     352     1    100.0   15 
26/07/26   7:00   19.9   20.1   19.8    64   12.9    3.2     NO   0.80  11.3   OSO   19.9   20.0   20.0  1012.9   0.00    0.0    0.000   0.017   26.5    45   13.6   26.3    8.36   1.1601     351     1    100.0   15 
26/07/26   7:15   20.2   20.3   20.1    63   12.9    3.2     NO   0.80  12.9     O   20.2   20.2   20.2  1012.9   0.00    0.0    0.000   0.020   26.6    45   13.7   26.4    8.35   1.1596     351     1    100.0   15 
26/07/26   7:30   20.3   20.4   20.3    63   13.1    3.2     SO   0.80  12.9   OSO   20.3   20.2   20.2  1013.0   0.00    0.0    0.000   0.021   26.7    45   13.7   26.4    8.35   1.1594     350     1    100.0   15 
26/07/26   7:45   20.6   20.7   20.4    62   13.0    3.2    OSO   0.80  16.1     O   20.6   20.3   20.3  1013.1   0.00    0.0    0.000   0.023   26.8    45   13.9   26.6    8.35   1.1590     352     1    100.0   15 
26/07/26   8:00   20.9   21.0   20.7    62   13.3    3.2    OSO   0.80  14.5   OSO   20.9   20.6   20.6  1013.1   0.00    0.0    0.000   0.027   26.8    45   13.9   26.6    8.34   1.1587     351     1    100.0   15 
26/07/26   8:15   21.3   21.8   21.0    60   13.2    1.6    NNO   0.40  12.9   ONO   21.3   20.9   20.9  1013.2   0.00    0.0    0.000   0.031   26.9    45   14.0   26.7    8.34   1.1585     351     1    100.0   15 
26/07/26   8:30   22.2   22.6   21.8    58   13.5    3.2     NO   0.80  12.9   OSO   22.2   22.0   22.0  1013.1   0.00    0.0    0.000   0.040   27.1    45   14.1   26.8    8.34   1.1576     349     1    100.0   15 
26/07/26   8:45   22.9   23.1   22.6    56   13.6    3.2     NO   0.80  12.9    SO   22.9   22.9   22.9  1013.2   0.00    0.0    0.000   0.047   27.2    44   13.9   26.9    8.15   1.1576     352     1    100.0   15 
26/07/26   9:00   23.4   23.9   23.0    53   13.3    1.6     NO   0.40   9.7    NO   23.4   23.5   23.5  1013.3   0.00    0.0    0.000   0.053   27.4    44   14.1   27.2    8.15   1.1566     350     1    100.0   15 
26/07/26   9:15   24.2   24.7   23.9    51   13.4    3.2    NNO   0.80  11.3    NO   24.2   24.3   24.3  1013.2   0.00    0.0    0.000   0.061   27.5    44   14.2   27.3    8.15   1.1560     351     1    100.0   15 
26/07/26   9:30   24.9   25.3   24.6    49   13.4    3.2    OSO   0.80  12.9   OSO   24.9   24.8   24.8  1013.4   0.00    0.0    0.000   0.068   27.7    43   14.0   27.4    8.01   1.1558     351     1    100.0   15 
26/07/26   9:45   25.5   25.9   25.3    47   13.4    1.6     SO   0.40  12.9    SO   25.5   25.3   25.3  1013.4   0.00    0.0    0.000   0.075   27.8    43   14.1   27.6    8.01   1.1552     351     1    100.0   15 
26/07/26  10:00   25.7   25.9   25.4    47   13.6    1.6    OSO   0.40  12.9   OSO   25.7   25.6   25.6  1013.3   0.00    0.0    0.000   0.077   27.9    43   14.2   27.8    8.00   1.1543     351     1    100.0   15 
26/07/26  10:15   26.1   26.2   25.9    46   13.5    0.0    OSO   0.00   6.4    SO   26.1   25.9   25.9  1013.3   0.00    0.0    0.000   0.080   28.1    42   14.0   28.0    7.85   1.1539     351     1    100.0   15 
26/07/26  10:30   26.6   26.9   26.2    43   13.0    1.6     SO   0.40  11.3    SO   26.6   26.3   26.3  1013.2   0.00    0.0    0.000   0.086   28.3    42   14.1   28.3    7.85   1.1530     351     1    100.0   15 
26/07/26  10:45   26.8   27.2   26.6    44   13.6    1.6    OSO   0.40  11.3   OSO   26.8   26.6   26.6  1013.0   0.00    0.0    0.000   0.089   28.4    41   13.9   28.4    7.69   1.1524     351     1    100.0   15 
26/07/26  11:00   27.5   27.8   27.2    42   13.4    3.2    OSO   0.80  16.1   OSO   27.5   27.2   27.2  1013.0   0.00    0.0    0.000   0.095   28.5    41   14.0   28.5    7.68   1.1521     352     1    100.0   15 
26/07/26  11:15   28.1   28.4   27.8    42   14.0    1.6     SO   0.40  16.1    NO   28.1   28.0   28.0  1012.9   0.00    0.0    0.000   0.102   28.7    41   14.1   28.8    7.68   1.1511     351     1    100.0   15 
26/07/26  11:30   28.3   28.5   28.2    42   14.1    3.2    OSO   0.80  14.5   NNO   28.3   28.3   28.3  1012.7   0.00    0.0    0.000   0.104   28.8    41   14.2   28.9    7.67   1.1504     351     1    100.0   15 
26/07/26  11:45   28.5   28.6   28.3    41   14.0    3.2    OSO   0.80  14.5   OSO   28.5   28.5   28.5  1012.7   0.00    0.0    0.000   0.106   28.9    41   14.3   29.2    7.67   1.1499     351     1    100.0   15 
26/07/26  12:00   29.2   29.6   28.6    38   13.4    3.2     NO   0.80  12.9    NO   29.2   29.1   29.1  1012.5   0.00    0.0    0.000   0.113   29.0    41   14.4   29.2    7.67   1.1491     351     1    100.0   15 
26/07/26  12:15   29.9   30.1   29.6    34   12.3    1.6    OSO   0.40  11.3     O   29.9   29.4   29.4  1012.6   0.00    0.0    0.000   0.120   29.2    39   13.8   29.2    7.36   1.1493     351     1    100.0   15 
26/07/26  12:30   30.0   30.3   29.8    33   12.0    1.6    OSO   0.40  11.3    SO   30.0   29.4   29.4  1012.3   0.00    0.0    0.000   0.122   29.3    38   13.5   29.2    7.25   1.1486     351     1    100.0   15 
26/07/26  12:45   30.1   30.8   29.8    32   11.6    3.2    OSO   0.80  17.7    NO   30.1   29.4   29.4  1012.3   0.00    0.0    0.000   0.123   29.4    37   13.2   29.2    7.05   1.1485     350     1    100.0   15 
26/07/26  13:00   30.8   30.9   30.8    32   12.2    1.6    OSO   0.40  14.5    SO   30.8   29.9   29.9  1012.0   0.00    0.0    0.000   0.130   29.6    37   13.4   29.4    7.04   1.1474     351     1    100.0   15 
26/07/26  13:15   31.2   31.3   30.9    32   12.5    1.6    OSO   0.40  11.3     O   31.2   30.2   30.2  1012.0   0.00    0.0    0.000   0.134   29.7    38   13.9   29.6    7.24   1.1463     352     1    100.0   15 
26/07/26  13:30   31.3   31.8   30.9    32   12.6    1.6    OSO   0.40  11.3   OSO   31.3   30.3   30.3  1011.9   0.00    0.0    0.000   0.135   29.9    37   13.6   29.7    7.03   1.1459     350     1    100.0   15 
26/07/26  13:45   31.6   31.8   31.4    31   12.4    3.2    OSO   0.80  11.3   SSO   31.6   30.6   30.6  1011.7   0.00    0.0    0.000   0.138   30.0    37   13.7   29.8    7.03   1.1452     351     1    100.0   15 
26/07/26  14:00   31.1   31.4   30.8    32   12.5    0.0     SO   0.00   6.4   OSO   31.1   30.1   30.1  1011.7   0.00    0.0    0.000   0.133   30.1    37   13.8   29.9    7.03   1.1446     351     1    100.0   15 
26/07/26  14:15   31.1   31.3   30.8    35   13.8    3.2     SO   0.80  19.3    SO   31.1   30.4   30.4  1011.6   0.00    0.0    0.000   0.133   30.1    38   14.2   30.1    7.23   1.1440     351     1    100.0   15 
26/07/26  14:30   31.1   31.3   30.9    35   13.8    3.2    SSO   0.80  17.7   SSE   31.1   30.4   30.4  1011.5   0.00    0.0    0.000   0.133   30.2    38   14.3   30.2    7.22   1.1434     351     1    100.0   15 
26/07/26  14:45   31.0   31.4   30.6    36   14.2    4.8    OSO   1.21  16.1     O   31.0   30.5   30.5  1011.7   0.00    0.0    0.000   0.132   30.4    38   14.5   30.3    7.22   1.1428     350     1    100.0   15 
26/07/26  15:00   31.2   31.2   30.9    36   14.3    4.8    SSO   1.21  22.5    SO   31.2   30.7   30.7  1011.8   0.00    0.0    0.000   0.134   30.5    39   15.0   30.6    7.31   1.1418     350     1    100.0   15 
26/07/26  15:15   30.7   30.9   30.5    37   14.4    6.4    SSO   1.61  22.5    SO   30.7   30.5   30.5  1011.8   0.00    0.0    0.000   0.129   30.3    38   14.4   30.2    7.22   1.1434     351     1    100.0   15 
26/07/26  15:30   30.4   30.5   30.3    37   14.1    6.4      S   1.61  19.3   ONO   30.4   30.2   30.2  1011.9   0.00    0.0    0.000   0.126   30.1    37   13.8   29.9    7.03   1.1448     352     1    100.0   15 
26/07/26  15:45   30.4   30.6   30.3    37   14.1    4.8      S   1.21  20.9   OSO   30.4   30.2   30.2  1012.1   0.00    0.0    0.000   0.126   29.9    38   14.1   29.8    7.23   1.1454     350     1    100.0   15 
26/07/26  16:00   30.1   30.3   29.6    39   14.6    6.4      S   1.61  22.5   SSO   30.1   30.1   30.1  1012.2   0.00    0.0    0.000   0.122   29.8    37   13.5   29.6    7.04   1.1468     351     1    100.0   15 
26/07/26  16:15   29.3   29.6   29.2    40   14.3    6.4      S   1.61  17.7   SSE   29.3   29.4   29.4  1012.3   0.00    0.0    0.000   0.115   29.6    37   13.3   29.3    7.05   1.1480     350     1    100.0   15 
26/07/26  16:30   29.3   29.4   29.3    40   14.3    6.4      S   1.61  16.1     S   29.3   29.4   29.4  1012.3   0.00    0.0    0.000   0.115   29.4    36   12.8   29.1    6.75   1.1492     351     1    100.0   15 
26/07/26  16:45   29.2   29.3   29.2    41   14.6    4.8      S   1.21  16.1     S   29.2   29.4   29.4  1012.4   0.00    0.0    0.000   0.113   29.2    36   12.6   28.9    6.77   1.1502     351     1    100.0   15 
26/07/26  17:00   29.1   29.2   29.0    41   14.5    4.8    SSO   1.21  16.1    SE   29.1   29.3   29.3  1012.4   0.00    0.0    0.000   0.112   29.1    36   12.5   28.8    6.78   1.1510     349     1    100.0   15 
26/07/26  17:15   29.1   29.3   28.9    41   14.5    3.2      S   0.80  16.1   OSO   29.1   29.3   29.3  1012.4   0.00    0.0    0.000   0.112   28.9    36   12.4   28.7    6.79   1.1516     351     1    100.0   15 
26/07/26  17:30   29.1   29.2   28.9    42   14.8    3.2      S   0.80  17.7     S   29.1   29.4   29.4  1012.6   0.00    0.0    0.000   0.112   28.8    38   13.1   28.7    7.25   1.1513     351     1    100.0   15 
26/07/26  17:45   28.8   28.9   28.5    43   15.0    3.2      S   0.80  12.9   SSE   28.8   29.2   29.2  1012.7   0.00    0.0    0.000   0.109   28.8    41   14.2   28.9    7.67   1.1504     351     1    100.0   15 
26/07/26  18:00   28.4   28.5   28.3    43   14.6    3.2      S   0.80   9.7   OSO   28.4   28.5   28.5  1012.9   0.00    0.0    0.000   0.105   28.8    41   14.2   28.9    7.67   1.1507     351     1    100.0   15 
26/07/26  18:15   28.3   28.4   28.1    45   15.3    1.6      E   0.40   8.0     E   28.3   28.6   28.6  1013.1   0.00    0.0    0.000   0.104   28.7    41   14.2   28.9    7.68   1.1511     351     1    100.0   15 
26/07/26  18:30   27.8   28.1   27.3    51   16.8    3.2      E   0.80  19.3   ENE   27.8   28.3   28.3  1013.2   0.00    0.0    0.000   0.099   28.7    41   14.1   28.8    7.68   1.1516     350     1    100.0   15 
26/07/26  18:45   26.7   27.3   26.2    55   16.9    6.4      E   1.61  20.9     E   26.7   27.1   27.1  1013.4   0.00    0.0    0.000   0.087   28.6    42   14.4   28.8    7.85   1.1516     352     1    100.0   15 
26/07/26  19:00   25.9   26.2   25.7    57   16.7    4.8      E   1.21  17.7     E   25.9   26.3   26.3  1013.5   0.00    0.0    0.000   0.079   28.6    43   14.8   28.9    7.98   1.1513     351     1    100.0   15 
26/07/26  19:15   25.4   25.7   25.2    59   16.8    4.8      E   1.21  16.1     E   25.4   25.9   25.9  1013.7   0.00    0.0    0.000   0.074   28.6    43   14.8   28.9    7.98   1.1514     351     1    100.0   15 
26/07/26  19:30   25.1   25.2   24.9    60   16.7    4.8      E   1.21  12.9   ENE   25.1   25.5   25.5  1014.0   0.00    0.0    0.000   0.070   28.6    44   15.2   28.9    8.15   1.1513     351     1    100.0   15 
26/07/26  19:45   24.8   24.9   24.7    61   16.7    4.8      E   1.21  16.1   ESE   24.8   25.3   25.3  1014.1   0.00    0.0    0.000   0.067   28.6    45   15.5   28.9    8.28   1.1513     352     1    100.0   15 
26/07/26  20:00   24.6   24.7   24.5    61   16.5    3.2      E   0.80  12.9     E   24.6   25.0   25.0  1014.6   0.00    0.0    0.000   0.065   28.6    45   15.5   28.9    8.28   1.1519     351     1    100.0   15 
26/07/26  20:15   24.4   24.5   24.3    61   16.4    3.2      E   0.80  14.5   ENE   24.4   24.8   24.8  1014.8   0.00    0.0    0.000   0.063   28.5    45   15.4   28.9    8.28   1.1523     351     1    100.0   15 
26/07/26  20:30   24.3   24.3   24.2    62   16.5    1.6      E   0.40   9.7     E   24.3   24.8   24.8  1014.9   0.00    0.0    0.000   0.062   28.3    46   15.6   28.7    8.45   1.1529     349     1    100.0   15 
26/07/26  20:45   24.2   24.3   24.2    62   16.5    3.2      E   0.80  11.3   ENE   24.2   24.8   24.8  1015.1   0.00    0.0    0.000   0.061   28.2    47   15.8   28.6    8.59   1.1532     352     1    100.0   15 
26/07/26  21:00   24.3   24.3   24.2    61   16.3    1.6    ENE   0.40  12.9   ENE   24.3   24.8   24.8  1015.1   0.00    0.0    0.000   0.062   28.1    47   15.7   28.4    8.60   1.1538     350     1    100.0   15 
26/07/26  21:15   24.1   24.2   23.9    62   16.3    3.2    ENE   0.80   9.7     E   24.1   24.6   24.6  1015.1   0.00    0.0    0.000   0.060   28.0    48   16.0   28.3    8.80   1.1540     351     1    100.0   15 
26/07/26  21:30   23.8   23.9   23.8    64   16.6    3.2    ENE   0.80  11.3   ENE   23.8   24.5   24.5  1015.3   0.00    0.0    0.000   0.057   27.9    48   15.9   28.1    8.81   1.1547     351     1    100.0   15 
26/07/26  21:45   23.7   23.8   23.7    66   17.0    3.2    ENE   0.80   8.0     E   23.7   24.5   24.5  1015.4   0.00    0.0    0.000   0.056   27.8    48   15.8   28.1    8.81   1.1551     350     1    100.0   15 
26/07/26  22:00   23.6   23.7   23.6    68   17.4    0.0    ENE   0.00   6.4    NE   23.6   24.4   24.4  1015.5   0.00    0.0    0.000   0.055   27.7    49   16.0   27.9    8.91   1.1553     351     1    100.0   15 
26/07/26  22:15   23.5   23.6   23.4    70   17.7    1.6      E   0.40   8.0     E   23.5   24.4   24.4  1015.6   0.00    0.0    0.000   0.054   27.7    49   16.0   27.9    8.91   1.1558     350     1    100.0   15 
26/07/26  22:30   23.4   23.5   23.4    71   17.9    3.2      E   0.80   9.7     E   23.4   24.4   24.4  1015.6   0.00    0.0    0.000   0.053   27.6    49   15.9   27.8    8.92   1.1560     351     1    100.0   15 
26/07/26  22:45   23.3   23.4   23.2    73   18.2    4.8    ENE   1.21  12.9   ENE   23.3   24.2   24.2  1015.6   0.00    0.0    0.000   0.052   27.6    50   16.2   27.8    9.12   1.1559     351     1    100.0   15 
26/07/26  23:00   23.2   23.2   23.1    74   18.3    3.2    ENE   0.80   8.0     E   23.2   24.1   24.1  1015.6   0.00    0.0    0.000   0.050   27.5    50   16.1   27.7    9.12   1.1562     352     1    100.0   15 
26/07/26  23:15   23.1   23.1   23.0    74   18.2    1.6      E   0.40   6.4   ENE   23.1   23.9   23.9  1015.7   0.00    0.0    0.000   0.049   27.4    50   16.1   27.7    9.12   1.1566     351     1    100.0   15 
26/07/26  23:30   22.9   23.0   22.9    74   18.1    0.0    ESE   0.00   3.2   ESE   22.9   23.8   23.8  1015.6   0.00    0.0    0.000   0.048   27.6    51   16.5   27.9    9.32   1.1555     351     1    100.0   15 
26/07/26  23:45   22.8   22.9   22.8    74   18.0    0.0    NNO   0.00   4.8   ESE   22.8   23.7   23.7  1015.6   0.00    0.0    0.000   0.047   27.6    52   16.9   28.1    9.42   1.1547     350     1    100.0   15 
27/07/26  00:00   22.7   22.8   22.6    74   17.8    0.0     NO   0.00   3.2    NO   22.7   23.4   23.4  1015.5   0.00    0.0    0.000   0.045   27.6    53   17.2   28.1    9.62   1.1542     352     1    100.0   15 
27/07/26   0:15   22.6   22.6   22.6    76   18.1    0.0    ONO   0.00   3.2   ONO   22.6   23.3   23.3  1015.6   0.00    0.0    0.000   0.044   27.6    53   17.2   28.1    9.62   1.1543     349     1    100.0   15 
27/07/26   0:30   22.6   22.6   22.6    75   17.9    0.0    ONO   0.00   4.8   ONO   22.6   23.3   23.3  1015.5   0.00    0.0    0.000   0.044   27.6    54   17.5   28.2    9.75   1.1537     351     1    100.0   15 
27/07/26   0:45   22.3   22.6   22.0    76   17.9    1.6    ONO   0.40   4.8   ONO   22.3   23.0   23.0  1015.5   0.00    0.0    0.000   0.042   27.6    54   17.4   28.1    9.75   1.1541     351     1    100.0   15 
27/07/26   1:00   21.8   22.0   21.6    77   17.6    3.2     NO   0.80   4.8    NO   21.8   22.3   22.3  1015.4   0.00    0.0    0.000   0.036   27.5    55   17.7   28.2    9.85   1.1539     349     1    100.0   15 
27/07/26   1:15   21.5   21.6   21.5    77   17.3    1.6     NO   0.40   4.8    NO   21.5   22.0   22.0  1015.5   0.00    0.0    0.000   0.033   27.4    55   17.6   28.1    9.85   1.1543     351     1    100.0   15 
27/07/26   1:30   21.6   21.6   21.6    75   16.9    3.2     NO   0.80   6.4    NO   21.6   22.0   22.0  1015.6   0.00    0.0    0.000   0.034   27.4    54   17.3   27.9    9.75   1.1551     351     1    100.0   15 
27/07/26   1:45   21.5   21.6   21.4    74   16.7    1.6     NO   0.40   6.4    NO   21.5   21.9   21.9  1015.7   0.00    0.0    0.000   0.033   27.3    54   17.2   27.7    9.75   1.1557     351     1    100.0   15 
27/07/26   2:00   21.4   21.6   21.3    72   16.1    1.6     NO   0.40   6.4    NO   21.4   21.6   21.6  1015.8   0.00    0.0    0.000   0.032   27.2    53   16.8   27.6    9.63   1.1565     351     1    100.0   15 
27/07/26   2:15   21.4   21.6   21.2    71   15.9    1.6     NO   0.40   6.4    NO   21.4   21.6   21.6  1015.8   0.00    0.0    0.000   0.032   27.1    53   16.7   27.4    9.63   1.1571     351     1    100.0   15 
27/07/26   2:30   21.2   21.3   21.1    69   15.3    1.6    NNO   0.40   4.8    NO   21.2   21.2   21.2  1015.9   0.00    0.0    0.000   0.030   27.1    52   16.4   27.3    9.44   1.1579     352     1    100.0   15 
27/07/26   2:45   21.1   21.1   20.9    70   15.4    1.6    NNO   0.40   6.4   NNO   21.1   21.1   21.1  1016.0   0.00    0.0    0.000   0.028   27.0    51   16.0   27.2    9.34   1.1587     351     1    100.0   15 
27/07/26   3:00   20.8   20.9   20.7    68   14.7    1.6     NO   0.40   4.8    NO   20.8   20.9   20.9  1016.0   0.00    0.0    0.000   0.026   26.9    50   15.6   26.9    9.14   1.1597     349     1    100.0   15 
27/07/26   3:15   20.6   20.7   20.5    67   14.2    1.6     NO   0.40   3.2    NO   20.6   20.6   20.6  1016.0   0.00    0.0    0.000   0.023   26.8    49   15.2   26.8    8.95   1.1606     351     1    100.0   15 
27/07/26   3:30   20.4   20.4   20.3    66   13.8    3.2     NO   0.80   4.8   NNO   20.4   20.4   20.4  1016.0   0.00    0.0    0.000   0.021   26.7    48   14.7   26.6    8.85   1.1616     351     1    100.0   15 
27/07/26   3:45   20.2   20.3   20.2    64   13.2    1.6     NO   0.40   6.4    NO   20.2   20.2   20.2  1016.0   0.00    0.0    0.000   0.020   26.6    48   14.6   26.5    8.85   1.1622     351     1    100.0   15 
27/07/26   4:00   20.1   20.2   19.8    66   13.5    1.6     NO   0.40   4.8    NO   20.1   20.2   20.2  1016.1   0.00    0.0    0.000   0.018   26.4    48   14.5   26.4    8.86   1.1628     351     1    100.0   15 
27/07/26   4:15   19.7   19.8   19.7    65   13.0    3.2     NO   0.80   6.4    NO   19.7   19.8   19.8  1016.2   0.00    0.0    0.000   0.014   26.4    47   14.2   26.3    8.66   1.1636     351     1    100.0   15 
27/07/26   4:30   19.8   19.8   19.7    65   13.0    1.6     NO   0.40   8.0   NNO   19.8   19.8   19.8  1016.3   0.00    0.0    0.000   0.015   26.3    47   14.1   26.3    8.66   1.1641     351     1    100.0   15 
27/07/26   4:45   19.5   19.7   19.3    65   12.7    1.6     NO   0.40   4.8    NO   19.5   19.5   19.5  1016.3   0.00    0.0    0.000   0.012   26.2    47   14.0   26.2    8.67   1.1647     352     1    100.0   15 
27/07/26   5:00   19.3   19.4   19.3    65   12.6    1.6    ONO   0.40   4.8     O   19.3   19.3   19.3  1016.5   0.00    0.0    0.000   0.010   26.2    47   14.0   26.1    8.67   1.1651     350     1    100.0   15 
27/07/26   5:15   19.4   19.4   19.4    65   12.7    1.6     NO   0.40   6.4    NO   19.4   19.4   19.4  1016.5   0.00    0.0    0.000   0.012   26.2    47   14.0   26.2    8.67   1.1649     351     1    100.0   15 
27/07/26   5:30   19.6   19.7   19.4    64   12.6    3.2     NO   0.80   8.0    NO   19.6   19.5   19.5  1016.5   0.00    0.0    0.000   0.013   26.3    47   14.1   26.2    8.66   1.1646     350     1    100.0   15 
27/07/26   5:45   19.8   19.8   19.7    64   12.8    0.0    ONO   0.00   4.8    NO   19.8   19.8   19.8  1016.7   0.00    0.0    0.000   0.015   26.4    46   13.8   26.3    8.46   1.1647     352     1    100.0   15 
27/07/26   6:00   20.2   20.7   19.8    62   12.7    0.0      O   0.00   1.6     O   20.2   20.1   20.1  1016.9   0.00    0.0    0.000   0.020   26.6    46   14.0   26.4    8.45   1.1638     350     1    100.0   15 
27/07/26   6:15   20.9   21.1   20.7    59   12.6    0.0     NO   0.00   4.8    NO   20.9   20.5   20.5  1016.9   0.00    0.0    0.000   0.027   26.9    45   14.0   26.7    8.34   1.1629     350     1    100.0   15 
27/07/26   6:30   21.2   21.5   21.1    58   12.6    0.0     NO   0.00   6.4   NNO   21.2   20.7   20.7  1017.0   0.00    0.0    0.000   0.030   27.2    44   13.9   26.9    8.15   1.1619     350     1    100.0   15 
