                 Temp.  Temp.  Temp.  Hum.   Punt   Vel.   Dir.   Rec.  Vel.  Dir.  Sens.   Índ.   Índ.                  Int. Graus D.Graus D.  Temp.  Hum. Rosada  In.Cal.  EMC     Dens.    Mostr   Tx   Recep.  Int.
  Data    Hora    Ext.   Màx.   Mín.  Ext. Rosada   Vent   Vent   Vent  Màx.  Màx.  Tèrm.  Calor   THW    Bar    Pluja   Pluja  Calor    Fred    Int.  Int.   Int.   Int.    Int.  Int.Aire    Vent   Vent   ISS   Arc.
-------------------------------------------------------------------------------------------------------------------------------------------------------------------------------------------------------------------------
27/09/26   0:15   19.3   19.3   19.3    88   17.3    0.0    ONO   0.00   1.6   ONO   19.3   20.1   20.1  1020.3   0.00    0.0    0.000   0.010   26.8    58   17.9   27.5   10.35   1.1618     350     1    100.0   15 
27/09/26   0:30   19.3   19.3   19.2    88   17.2    0.0    ONO   0.00   1.6   ONO   19.3   20.0   20.0  1020.3   0.00    0.0    0.000   0.010   26.7    58   17.8   27.3   10.35   1.1623     351     1    100.0   15 
27/09/26   0:45   19.2   19.2   19.2    88   17.1    0.0    ONO   0.00   1.6   ONO   19.2   19.9   19.9  1020.3   0.00    0.0    0.000   0.009   26.7    58   17.7   27.3   10.35   1.1626     351     1    100.0   15 
27/09/26   1:00   19.1   19.2   19.0    89   17.2    0.0    ONO   0.00   1.6   ONO   19.1   19.8   19.8  1020.1   0.00    0.0    0.000   0.008   26.6    58   17.6   27.1   10.36   1.1630     351     1    100.0   15 
27/09/26   1:15   19.0   19.0   18.9    89   17.1    0.0    ONO   0.00   1.6   ONO   19.0   19.7   19.7  1020.0   0.00    0.0    0.000   0.007   26.5    58   17.6   27.1   10.36   1.1631     351     1    100.0   15 
27/09/26   1:30   18.9   19.0   18.9    89   17.1    0.0    ---   0.00   0.0   ---   18.9   19.7   19.7  1019.8   0.00    0.0    0.000   0.006   26.4    58   17.5   26.9   10.37   1.1635     351     1    100.0   15 
27/09/26   1:45   18.9   18.9   18.8    89   17.0    0.0    ---   0.00   0.0   ---   18.9   19.6   19.6  1019.9   0.00    0.0    0.000   0.006   26.3    58   17.4   26.9   10.37   1.1639     351     1    100.0   15 
27/09/26   2:00   18.8   18.8   18.8    89   17.0    0.0    ---   0.00   0.0   ---   18.8   19.5   19.5  1019.7   0.00    0.0    0.000   0.005   26.3    58   17.4   26.8   10.38   1.1640     351     1    100.0   15 
27/09/26   2:15   18.7   18.8   18.6    90   17.0    0.0    ---   0.00   0.0   ---   18.7   19.4   19.4  1019.6   0.00    0.0    0.000   0.004   26.2    58   17.3   26.7   10.38   1.1642     351     1    100.0   15 
27/09/26   2:30   18.5   18.6   18.4    90   16.8    0.0    ---   0.00   0.0   ---   18.5   19.1   19.1  1019.4   0.00    0.0    0.000   0.002   26.2    58   17.3   26.7   10.39   1.1642     351     1    100.0   15 
27/09/26   2:45   18.4   18.4   18.4    91   16.9    0.0    ---   0.00   0.0   ---   18.4   19.1   19.1  1019.4   0.00    0.0    0.000   0.001   26.1    58   17.1   26.6   10.39   1.1648     351     1    100.0   15 
27/09/26   3:00   18.3   18.4   18.3    91   16.8    0.0    ---   0.00   0.0   ---   18.3   18.9   18.9  1019.4   0.00    0.0    0.000   0.000   26.0    58   17.1   26.5   10.40   1.1651     349     1    100.0   15 
27/09/26   3:15   18.4   18.4   18.3    91   16.9    0.0    ---   0.00   0.0   ---   18.4   19.0   19.0  1019.4   0.00    0.0    0.000   0.001   25.9    58   17.0   26.4   10.40   1.1654     351     1    100.0   15 
27/09/26   3:30   18.3   18.3   18.3    91   16.8    0.0    ---   0.00   0.0   ---   18.3   18.9   18.9  1019.4   0.00    0.0    0.000   0.000   25.9    58   17.0   26.3   10.41   1.1657     352     1    100.0   15 
27/09/26   3:45   18.2   18.3   18.2    92   16.9    0.0    ---   0.00   0.0   ---   18.2   18.8   18.8  1019.3   0.00    0.0    0.001   0.000   25.8    58   16.9   26.3   10.41   1.1658     349     1    100.0   15 
27/09/26   4:00   18.2   18.2   18.1    92   16.8    0.0    ---   0.00   0.0   ---   18.2   18.7   18.7  1019.4   0.00    0.0    0.002   0.000   25.8    58   16.9   26.2   10.41   1.1662     349     1    100.0   15 
27/09/26   4:15   18.1   18.1   17.9    92   16.7    0.0    ---   0.00   0.0   ---   18.1   18.6   18.6  1019.3   0.00    0.0    0.003   0.000   25.7    58   16.8   26.2   10.42   1.1664     351     1    100.0   15 
27/09/26   4:30   17.8   17.9   17.8    92   16.5    0.0    ---   0.00   0.0   ---   17.8   18.3   18.3  1019.3   0.00    0.0    0.005   0.000   25.7    58   16.8   26.1   10.42   1.1667     351     1    100.0   15 
27/09/26   4:45   17.8   17.8   17.7    93   16.6    0.0    ---   0.00   0.0   ---   17.8   18.3   18.3  1019.3   0.00    0.0    0.006   0.000   25.6    58   16.7   26.1   10.43   1.1670     351     1    100.0   15 
27/09/26   5:00   17.7   17.7   17.7    93   16.5    0.0    ---   0.00   0.0   ---   17.7   18.2   18.2  1019.4   0.00    0.0    0.007   0.000   25.6    58   16.7   25.9   10.43   1.1674     350     1    100.0   15 
27/09/26   5:15   17.7   17.7   17.6    93   16.5    0.0    ---   0.00   0.0   ---   17.7   18.2   18.2  1019.5   0.00    0.0    0.007   0.000   25.5    58   16.6   25.9   10.43   1.1678     351     1    100.0   15 
27/09/26   5:30   17.7   17.8   17.6    94   16.7    0.0    ---   0.00   0.0   ---   17.7   18.2   18.2  1019.5   0.00    0.0    0.007   0.000   25.4    58   16.6   25.8   10.44   1.1681     350     1    100.0   15 
27/09/26   5:45   17.8   17.9   17.8    94   16.9    0.0    ---   0.00   0.0   ---   17.8   18.4   18.4  1019.6   0.00    0.0    0.005   0.000   25.4    58   16.5   25.8   10.44   1.1685     352     1    100.0   15 
27/09/26   6:00   17.9   17.9   17.8    93   16.7    0.0    ---   0.00   0.0   ---   17.9   18.4   18.4  1019.7   0.00    0.0    0.005   0.000   25.4    58   16.5   25.8   10.44   1.1686     351     1    100.0   15 
27/09/26   6:15   17.7   17.8   17.7    93   16.6    0.0    ---   0.00   0.0   ---   17.7   18.2   18.2  1019.8   0.00    0.0    0.006   0.000   25.3    58   16.5   25.7   10.45   1.1690     350     1    100.0   15 
27/09/26   6:30   17.7   17.8   17.7    94   16.7    0.0    ---   0.00   0.0   ---   17.7   18.2   18.2  1019.9   0.00    0.0    0.007   0.000   25.3    58   16.4   25.7   10.45   1.1694     351     1    100.0   15 
27/09/26   6:45   17.9   18.0   17.7    93   16.7    0.0    ---   0.00   0.0   ---   17.9   18.4   18.4  1020.0   0.00    0.0    0.005   0.000   25.4    59   16.8   25.8   10.64   1.1686     352     1    100.0   15 
27/09/26   7:00   18.1   18.3   17.9    93   17.0    0.0    ONO   0.00   1.6   ONO   18.1   18.7   18.7  1020.0   0.00    0.0    0.002   0.000   25.6    59   17.0   26.1   10.63   1.1674     351     1    100.0   15 
27/09/26   7:15   18.5   18.7   18.3    93   17.3    0.0    ONO   0.00   3.2   ONO   18.5   19.2   19.2  1020.0   0.00    0.0    0.000   0.002   25.9    59   17.3   26.4   10.61   1.1660     350     1    100.0   15 
27/09/26   7:30   19.0   19.3   18.7    91   17.5    0.0    NNE   0.00   4.8   ENE   19.0   19.8   19.8  1020.3   0.00    0.0    0.000   0.007   26.1    59   17.4   26.6   10.59   1.1654     351     1    100.0   15 
27/09/26   7:45   19.3   19.4   19.2    89   17.5    1.6     NE   0.40   4.8   ENE   19.3   20.1   20.1  1020.3   0.00    0.0    0.000   0.010   26.2    59   17.6   26.8   10.58   1.1645     351     1    100.0   15 
27/09/26   8:00   19.7   20.0   19.4    86   17.3    1.6      E   0.40   4.8     E   19.7   20.5   20.5  1020.2   0.00    0.0    0.000   0.014   26.3    59   17.7   26.9   10.57   1.1639     352     1    100.0   15 
27/09/26   8:15   20.3   20.4   20.0    83   17.3    1.6     NO   0.40   8.0    NO   20.3   21.2   21.2  1020.2   0.00    0.0    0.000   0.020   26.4    58   17.5   27.0   10.37   1.1637     351     1    100.0   15 
27/09/26   8:30   20.7   20.9   20.4    83   17.7    1.6     NO   0.40   8.0    NO   20.7   21.6   21.6  1020.3   0.00    0.0    0.000   0.024   26.5    58   17.6   27.1   10.36   1.1635     351     1    100.0   15 
27/09/26   8:45   21.2   21.7   20.9    82   18.0    1.6     NO   0.40   8.0    NO   21.2   21.9   21.9  1020.3   0.00    0.0    0.000   0.030   26.6    58   17.7   27.2   10.35   1.1629     350     1    100.0   15 
27/09/26   9:00   22.3   22.7   21.7    78   18.3    3.2      E   0.80  11.3   ENE   22.3   23.0   23.0  1020.3   0.00    0.0    0.000   0.041   26.8    58   17.8   27.4   10.35   1.1620     351     1    100.0   15 
27/09/26   9:15   22.8   23.0   22.7    76   18.4    1.6      E   0.40  11.3   ENE   22.8   23.7   23.7  1020.3   0.00    0.0    0.000   0.047   26.9    58   17.9   27.6   10.35   1.1614     351     1    100.0   15 
27/09/26   9:30   23.1   23.3   23.0    75   18.4    3.2    ENE   0.80  11.3   NNE   23.1   24.1   24.1  1020.3   0.00    0.0    0.000   0.050   27.0    58   18.0   27.7   10.35   1.1608     351     1    100.0   15 
27/09/26   9:45   23.6   23.9   23.3    75   18.9    3.2    ENE   0.80  11.3   ENE   23.6   24.7   24.7  1020.0   0.00    0.0    0.000   0.054   27.1    58   18.1   27.8   10.35   1.1599     351     1    100.0   15 
27/09/26  10:00   24.2   24.3   23.9    73   19.0    1.6      E   0.40  11.3     E   24.2   25.3   25.3  1020.0   0.00    0.0    0.000   0.061   27.3    58   18.3   28.1   10.35   1.1591     350     1    100.0   15 
27/09/26  10:15   24.6   24.7   24.2    71   19.0    1.6    ESE   0.40   9.7     E   24.6   25.7   25.7  1019.8   0.00    0.0    0.000   0.065   27.4    58   18.4   28.3   10.35   1.1580     322     1     94.2   15 
27/09/26  10:30   24.9   25.3   24.7    69   18.8    3.2      E   0.80  11.3   ENE   24.9   25.9   25.9  1019.8   0.00    0.0    0.000   0.068   27.5    57   18.2   28.3   10.18   1.1580     351     1    100.0   15 
27/09/26  10:45   25.4   25.7   25.2    67   18.9    1.6    ENE   0.40  12.9   ENE   25.4   26.3   26.3  1019.7   0.00    0.0    0.000   0.074   27.7    57   18.4   28.6   10.19   1.1571     351     1    100.0   15 
27/09/26  11:00   25.3   25.6   25.1    68   19.0    1.6    ENE   0.40   8.0   ENE   25.3   26.3   26.3  1019.7   0.00    0.0    0.000   0.073   27.7    57   18.4   28.7   10.19   1.1568     350     1    100.0   15 
27/09/26  11:15   25.1   25.2   25.0    68   18.7    3.2    ENE   0.80  11.3     E   25.1   26.0   26.0  1019.5   0.00    0.0    0.000   0.070   27.7    57   18.4   28.7   10.19   1.1565     352     1    100.0   15 
27/09/26  11:30   25.7   26.3   25.2    65   18.6    3.2    ENE   0.80  16.1   ENE   25.7   26.6   26.6  1019.4   0.00    0.0    0.000   0.077   27.8    57   18.5   28.8   10.19   1.1559     351     1    100.0   15 
27/09/26  11:45   26.7   26.9   26.3    62   18.8    3.2      E   0.80  11.3   ESE   26.7   27.6   27.6  1019.3   0.00    0.0    0.000   0.087   28.0    57   18.7   29.1   10.20   1.1548     349     1    100.0   15 
27/09/26  12:00   27.2   27.3   26.9    60   18.7    4.8    ENE   1.21  17.7   ENE   27.2   28.1   28.1  1019.0   0.00    0.0    0.000   0.092   28.1    56   18.5   29.2   10.05   1.1544     351     1    100.0   15 
27/09/26  12:15   27.0   27.1   26.9    61   18.8    3.2      E   0.80  12.9   ENE   27.0   27.9   27.9  1018.9   0.00    0.0    0.000   0.090   28.2    56   18.6   29.3   10.05   1.1536     351     1    100.0   15 
27/09/26  12:30   27.1   27.2   26.9    61   18.9    4.8    ESE   1.21  17.7   ENE   27.1   28.1   28.1  1018.6   0.00    0.0    0.000   0.091   28.3    55   18.4   29.4    9.85   1.1532     351     1    100.0   15 
27/09/26  12:45   27.2   27.4   27.1    62   19.3    4.8    ESE   1.21  14.5   ENE   27.2   28.3   28.3  1018.6   0.00    0.0    0.000   0.093   28.4    56   18.8   29.7   10.05   1.1521     351     1    100.0   15 
27/09/26  13:00   26.6   27.1   26.3    65   19.5    4.8    ENE   1.21  14.5     E   26.6   27.7   27.7  1018.5   0.00    0.0    0.000   0.086   28.5    56   18.9   29.8   10.05   1.1517     350     1    100.0   15 
27/09/26  13:15   26.1   26.3   25.9    67   19.5    4.8      E   1.21  16.1   ESE   26.1   27.2   27.2  1018.3   0.00    0.0    0.000   0.081   28.4    57   19.1   29.8   10.21   1.1513     351     1    100.0   15 
27/09/26  13:30   26.1   26.3   25.9    67   19.5    4.8     SE   1.21  20.9   ESE   26.1   27.2   27.2  1018.2   0.00    0.0    0.000   0.081   28.4    57   19.0   29.7   10.21   1.1515     351     1    100.0   15 
27/09/26  13:45   26.1   26.3   25.9    66   19.2    4.8    ENE   1.21  16.1   ESE   26.1   27.1   27.1  1018.1   0.00    0.0    0.000   0.080   28.3    57   19.0   29.6   10.21   1.1517     351     1    100.0   15 
27/09/26  14:00   26.1   26.3   25.9    66   19.2    3.2    ENE   0.80  12.9   ENE   26.1   27.1   27.1  1017.9   0.00    0.0    0.000   0.080   28.3    58   19.3   29.7   10.35   1.1510     351     1    100.0   15 
27/09/26  14:15   26.2   26.3   26.0    67   19.6    3.2      E   0.80  12.9     E   26.2   27.3   27.3  1017.7   0.00    0.0    0.000   0.082   28.3    57   19.0   29.6   10.21   1.1513     350     1    100.0   15 
27/09/26  14:30   25.8   25.9   25.7    68   19.5    3.2      E   0.80  16.1   ENE   25.8   26.9   26.9  1017.6   0.00    0.0    0.000   0.078   28.2    57   18.9   29.4   10.21   1.1517     351     1    100.0   15 
27/09/26  14:45   25.6   25.7   25.5    68   19.3    4.8      E   1.21  12.9     E   25.6   26.6   26.6  1017.5   0.00    0.0    0.000   0.076   28.1    58   19.1   29.3   10.35   1.1517     351     1    100.0   15 
27/09/26  15:00   25.6   25.6   25.5    68   19.2    3.2      E   0.80  12.9   ENE   25.6   26.6   26.6  1017.6   0.00    0.0    0.000   0.075   28.1    58   19.0   29.2   10.35   1.1521     350     1    100.0   15 
27/09/26  15:15   25.4   25.4   25.4    67   18.9    1.6      E   0.40  12.9     S   25.4   26.3   26.3  1017.6   0.00    0.0    0.000   0.074   28.0    57   18.7   29.1   10.20   1.1529     351     2    100.0   15 
27/09/26  15:30   25.4   25.5   25.4    66   18.6    1.6    ESE   0.40   6.4   ESE   25.4   26.3   26.3  1017.6   0.00    0.0    0.000   0.074   27.9    57   18.6   29.0   10.20   1.1532     352     1    100.0   15 
27/09/26  15:45   25.3   25.4   25.1    68   18.9    1.6    ESE   0.40  12.9    SE   25.3   26.2   26.2  1017.5   0.00    0.0    0.000   0.072   27.9    57   18.6   29.0   10.20   1.1531     351     1    100.0   15 
27/09/26  16:00   25.0   25.2   24.8    69   18.9    1.6    ESE   0.40   9.7     E   25.0   26.0   26.0  1017.5   0.00    0.0    0.000   0.069   27.9    57   18.6   28.9   10.19   1.1533     351     1    100.0   15 
27/09/26  16:15   24.7   24.8   24.7    68   18.4    1.6     SE   0.40  12.9   ESE   24.7   25.6   25.6  1017.4   0.00    0.0    0.000   0.067   27.9    57   18.6   28.9   10.19   1.1532     349     1    100.0   15 
27/09/26  16:30   24.6   24.7   24.6    70   18.8    1.6    ENE   0.40  11.3   ENE   24.6   25.6   25.6  1017.5   0.00    0.0    0.000   0.065   27.8    57   18.5   28.8   10.19   1.1536     351     1    100.0   15 
27/09/26  16:45   24.4   24.6   24.3    71   18.8    1.6     SE   0.40   6.4    SE   24.4   25.5   25.5  1017.5   0.00    0.0    0.000   0.064   27.8    57   18.5   28.7   10.19   1.1539     351     1    100.0   15 
27/09/26  17:00   24.2   24.3   24.1    72   18.8    1.6    ESE   0.40   8.0     S   24.2   25.2   25.2  1017.7   0.00    0.0    0.000   0.061   27.7    58   18.7   28.7   10.35   1.1540     351     1    100.0   15 
27/09/26  17:15   23.9   24.0   23.8    72   18.5    1.6    ESE   0.40   4.8    SE   23.9   24.9   24.9  1017.7   0.00    0.0    0.000   0.058   27.7    58   18.7   28.7   10.35   1.1543     349     1    100.0   15 
27/09/26  17:30   23.8   23.8   23.7    75   19.1    0.0      E   0.00   4.8     E   23.8   24.9   24.9  1017.8   0.00    0.0    0.000   0.057   27.6    59   18.9   28.7   10.55   1.1543     350     1    100.0   15 
27/09/26  17:45   23.4   23.6   23.3    77   19.2    0.0    ENE   0.00   4.8     E   23.4   24.6   24.6  1017.9   0.00    0.0    0.000   0.053   27.6    59   18.9   28.7   10.55   1.1544     351     1    100.0   15 
27/09/26  18:00   23.1   23.3   22.9    78   19.0    0.0    ENE   0.00   4.8     E   23.1   24.1   24.1  1017.9   0.00    0.0    0.000   0.049   27.6    60   19.1   28.7   10.75   1.1540     350     1    100.0   15 
27/09/26  18:15   22.7   22.9   22.6    80   19.1    0.0    ENE   0.00   1.6   ENE   22.7   23.7   23.7  1018.1   0.00    0.0    0.000   0.046   27.4    60   19.0   28.5   10.75   1.1551     351     1    100.0   15 
27/09/26  18:30   22.5   22.6   22.4    82   19.3    0.0    ENE   0.00   3.2   ENE   22.5   23.4   23.4  1018.1   0.00    0.0    0.000   0.043   27.3    61   19.1   28.4   10.95   1.1553     350     1    100.0   15 
27/09/26  18:45   22.3   22.4   22.2    83   19.2    0.0    ENE   0.00   3.2   ENE   22.3   23.2   23.2  1018.3   0.00    0.0    0.000   0.041   27.2    61   19.0   28.3   10.95   1.1561     352     1    100.0   15 
27/09/26  19:00   22.1   22.2   21.9    84   19.2    0.0      E   0.00   1.6   ENE   22.1   23.0   23.0  1018.4   0.00    0.0    0.000   0.039   27.3    62   19.4   28.4   11.13   1.1555     351     1    100.0   15 
27/09/26  19:15   21.9   21.9   21.8    85   19.3    0.0      E   0.00   1.6     E   21.9   22.9   22.9  1018.4   0.00    0.0    0.000   0.037   27.3    62   19.4   28.4   11.13   1.1555     351     1    100.0   15 
27/09/26  19:30   21.7   21.8   21.7    86   19.3    0.0    ENE   0.00   1.6   ENE   21.7   22.8   22.8  1018.5   0.00    0.0    0.000   0.035   27.2    62   19.3   28.3   11.13   1.1562     351     1    100.0   15 
27/09/26  19:45   21.6   21.7   21.6    86   19.2    0.0    ENE   0.00   1.6   ENE   21.6   22.7   22.7  1018.6   0.00    0.0    0.000   0.034   27.1    63   19.4   28.2   11.34   1.1565     351     1    100.0   15 
27/09/26  20:00   21.5   21.6   21.4    87   19.2    0.0      E   0.00   1.6     E   21.5   22.6   22.6  1018.8   0.00    0.0    0.000   0.033   26.9    63   19.3   28.0   11.34   1.1573     351     1    100.0   15 
27/09/26  20:15   21.4   21.4   21.3    88   19.3    0.0    ---   0.00   0.0   ---   21.4   22.4   22.4  1018.9   0.00    0.0    0.000   0.032   26.9    63   19.2   27.9   11.34   1.1577     350     1    100.0   15 
27/09/26  20:30   21.4   21.4   21.3    88   19.3    0.0      E   0.00   1.6     E   21.4   22.4   22.4  1019.1   0.00    0.0    0.000   0.032   26.8    63   19.1   27.8   11.35   1.1586     351     1    100.0   15 
27/09/26  20:45   21.3   21.4   21.3    89   19.4    0.0    ENE   0.00   1.6   ENE   21.3   22.4   22.4  1019.0   0.00    0.0    0.000   0.031   26.7    64   19.3   27.8   11.55   1.1584     351     1    100.0   15 
27/09/26  21:00   21.3   21.3   21.3    89   19.4    0.0    ESE   0.00   1.6   ESE   21.3   22.4   22.4  1019.2   0.00    0.0    0.000   0.031   26.7    64   19.3   27.7   11.55   1.1589     352     1    100.0   15 
27/09/26  21:15   21.3   21.3   21.2    89   19.4    0.0    ---   0.00   0.0   ---   21.3   22.4   22.4  1019.1   0.00    0.0    0.000   0.031   26.6    64   19.2   27.6   11.55   1.1591     351     1    100.0   15 
27/09/26  21:30   21.3   21.3   21.3    89   19.4    0.0    ENE   0.00   4.8   ENE   21.3   22.4   22.4  1019.2   0.00    0.0    0.000   0.031   26.7    64   19.3   27.7   11.55   1.1589     351     1    100.0   15 
27/09/26  21:45   21.3   21.3   21.2    89   19.4    0.0     NE   0.00   1.6    NE   21.3   22.4   22.4  1019.2   0.00    0.0    0.000   0.031   26.7    64   19.3   27.8   11.55   1.1586     351     1    100.0   15 
27/09/26  22:00   21.2   21.2   21.2    89   19.3    0.0    ---   0.00   0.0   ---   21.2   22.2   22.2  1019.3   0.00    0.0    0.000   0.030   26.8    64   19.4   27.9   11.55   1.1584     352     1    100.0   15 
27/09/26  22:15   21.1   21.2   21.1    89   19.2    0.0    ---   0.00   0.0   ---   21.1   22.2   22.2  1019.3   0.00    0.0    0.000   0.029   26.8    64   19.4   27.9   11.54   1.1581     351     1    100.0   15 
27/09/26  22:30   21.1   21.1   21.0    90   19.4    0.0    ENE   0.00   1.6   ENE   21.1   22.2   22.2  1019.2   0.00    0.0    0.000   0.028   26.8    64   19.4   27.9   11.54   1.1580     351     1    100.0   15 
27/09/26  22:45   21.0   21.1   21.0    90   19.3    0.0    ENE   0.00   3.2   ENE   21.0   22.1   22.1  1019.1   0.00    0.0    0.000   0.028   26.8    64   19.4   27.9   11.55   1.1582     351     1    100.0   15 
27/09/26  23:00   20.9   21.0   20.9    90   19.2    0.0    ---   0.00   0.0   ---   20.9   22.1   22.1  1019.2   0.00    0.0    0.000   0.027   26.7    63   19.1   27.7   11.35   1.1590     351     1    100.0   15 
27/09/26  23:15   20.9   20.9   20.9    90   19.2    0.0    ---   0.00   0.0   ---   20.9   22.0   22.0  1019.1   0.00    0.0    0.000   0.027   26.6    63   19.0   27.6   11.35   1.1595     352     1    100.0   15 
27/09/26  23:30   20.8   20.9   20.8    90   19.1    0.0    ---   0.00   0.0   ---   20.8   21.9   21.9  1019.0   0.00    0.0    0.000   0.026   26.6    63   18.9   27.5   11.35   1.1597     351     1    100.0   15 
27/09/26  23:45   20.8   20.8   20.8    90   19.1    0.0    ENE   0.00   1.6   ENE   20.8   21.9   21.9  1019.0   0.00    0.0    0.000   0.026   26.5    63   18.9   27.4   11.36   1.1600     351     1    100.0   15 
28/09/26  00:00   20.7   20.8   20.7    91   19.2    0.0    ENE   0.00   1.6   ENE   20.7   21.9   21.9  1019.0   0.00    0.0    0.000   0.025   26.4    63   18.8   27.3   11.36   1.1606     351     1    100.0   15 
28/09/26   0:15   20.7   20.7   20.7    91   19.2    0.0    ---   0.00   0.0   ---   20.7   21.9   21.9  1019.1   0.00    0.0    0.000   0.025   26.3    62   18.5   27.1   11.16   1.1613     301     1     88.0   15 
28/09/26   0:30   20.7   20.7   20.6    91   19.1    0.0    ENE   0.00   1.6   ENE   20.7   21.8   21.8  1018.9   0.00    0.0    0.000   0.024   26.3    62   18.4   27.1   11.16   1.1615     352     1    100.0   15 
28/09/26   0:45   20.6   20.6   20.6    91   19.0    0.0    ENE   0.00   3.2   ENE   20.6   21.7   21.7  1019.0   0.00    0.0    0.000   0.023   26.2    62   18.4   27.0   11.17   1.1618     351     1    100.0   15 
28/09/26   1:00   20.6   20.6   20.4    91   19.0    0.0    ENE   0.00   1.6   ENE   20.6   21.7   21.7  1019.0   0.00    0.0    0.000   0.023   26.2    62   18.3   26.9   11.17   1.1621     351     1    100.0   15 
28/09/26   1:15   20.3   20.4   20.2    91   18.8    0.0    NNO   0.00   1.6   NNO   20.3   21.4   21.4  1018.9   0.00    0.0    0.000   0.021   26.1    62   18.3   26.8   11.17   1.1624     351     1    100.0   15 
28/09/26   1:30   20.1   20.2   20.1    92   18.8    0.0    NNO   0.00   1.6   NNO   20.1   21.1   21.1  1018.8   0.00    0.0    0.000   0.019   26.1    62   18.2   26.8   11.17   1.1625     351     1    100.0   15 
28/09/26   1:45   20.0   20.1   19.9    92   18.7    0.0    ---   0.00   0.0   ---   20.0   21.0   21.0  1018.7   0.00    0.0    0.000   0.017   26.0    62   18.2   26.7   11.17   1.1627     351     1    100.0   15 
28/09/26   2:00   19.9   20.0   19.9    93   18.8    0.0    NNO   0.00   1.6   NNO   19.9   20.9   20.9  1018.7   0.00    0.0    0.000   0.017   25.9    62   18.1   26.7   11.18   1.1629     351     1    100.0   15 
28/09/26   2:15   19.9   19.9   19.8    93   18.7    0.0    NNO   0.00   1.6   NNO   19.9   20.9   20.9  1018.6   0.00    0.0    0.000   0.016   25.9    62   18.0   26.6   11.18   1.1632     351     1    100.0   15 
28/09/26   2:30   19.7   19.8   19.6    93   18.5    0.0    NNO   0.00   1.6   NNO   19.7   20.6   20.6  1018.4   0.00    0.0    0.000   0.014   25.8    62   18.0   26.5   11.18   1.1632     349     1    100.0   15 
28/09/26   2:45   19.6   19.6   19.4    93   18.4    0.0    NNO   0.00   1.6   NNO   19.6   20.4   20.4  1018.2   0.00    0.0    0.000   0.013   25.8    62   17.9   26.4   11.18   1.1633     352     1    100.0   15 
28/09/26   3:00   19.5   19.5   19.4    93   18.3    0.0    ---   0.00   0.0   ---   19.5   20.4   20.4  1018.2   0.00    0.0    0.000   0.012   25.7    61   17.6   26.3   10.98   1.1639     351     1    100.0   15 
28/09/26   3:15   19.4   19.5   19.4    94   18.5    0.0      E   0.00   3.2     E   19.4   20.3   20.3  1018.1   0.00    0.0    0.000   0.012   25.7    61   17.6   26.2   10.99   1.1642     351     1    100.0   15 
28/09/26   3:30   19.3   19.4   19.3    94   18.3    0.0      E   0.00   1.6     E   19.3   20.2   20.2  1018.1   0.00    0.0    0.000   0.010   25.6    61   17.5   26.2   10.99   1.1644     349     1    100.0   15 
28/09/26   3:45   19.2   19.3   19.2    94   18.2    0.0    ---   0.00   0.0   ---   19.2   20.1   20.1  1018.0   0.00    0.0    0.000   0.009   25.6    61   17.5   26.1   10.99   1.1646     352     1    100.0   15 
28/09/26   4:00   19.2   19.2   19.2    94   18.2    0.0    ---   0.00   0.0   ---   19.2   20.0   20.0  1018.0   0.00    0.0    0.000   0.009   25.5    61   17.4   26.1   10.99   1.1649     351     1    100.0   15 
28/09/26   4:15   19.0   19.2   18.8    94   18.0    0.0    ---   0.00   0.0   ---   19.0   19.8   19.8  1018.0   0.00    0.0    0.000   0.007   25.4    61   17.4   26.0   10.99   1.1652     351     1    100.0   15 
28/09/26   4:30   18.8   18.8   18.8    94   17.8    0.0    NNO   0.00   1.6   NNO   18.8   19.5   19.5  1018.0   0.00    0.0    0.000   0.005   25.4    61   17.3   25.9   11.00   1.1655     351     1    100.0   15 
28/09/26   4:45   18.8   18.8   18.8    94   17.8    0.0     NO   0.00   1.6    NO   18.8   19.6   19.6  1017.9   0.00    0.0    0.000   0.005   25.4    61   17.3   25.9   11.00   1.1654     351     1    100.0   15 
28/09/26   5:00   18.8   18.9   18.8    94   17.8    0.0    ---   0.00   0.0   ---   18.8   19.6   19.6  1017.9   0.00    0.0    0.000   0.005   25.3    61   17.2   25.8   11.00   1.1659     352     1    100.0   15 
28/09/26   5:15   18.8   18.8   18.7    94   17.8    0.0    ---   0.00   0.0   ---   18.8   19.5   19.5  1017.9   0.00    0.0    0.000   0.005   25.2    61   17.2   25.7   11.00   1.1662     351     1    100.0   15 
28/09/26   5:30   18.6   18.7   18.6    95   17.8    0.0    ---   0.00   0.0   ---   18.6   19.3   19.3  1017.9   0.00    0.0    0.000   0.003   25.2    61   17.1   25.7   11.00   1.1666     350     1    100.0   15 
28/09/26   5:45   18.6   18.6   18.4    94   17.6    0.0    ---   0.00   0.0   ---   18.6   19.2   19.2  1018.0   0.00    0.0    0.000   0.002   25.1    61   17.1   25.6   11.01   1.1669     351     1    100.0   15 
28/09/26   6:00   18.4   18.5   18.4    95   17.6    0.0    ---   0.00   0.0   ---   18.4   19.1   19.1  1018.1   0.00    0.0    0.000   0.001   25.1    61   17.0   25.6   11.01   1.1673     350     1    100.0   15 
28/09/26   6:15   18.4   18.5   18.4    95   17.6    0.0    ---   0.00   0.0   ---   18.4   19.1   19.1  1018.2   0.00    0.0    0.000   0.001   25.1    61   17.0   25.6   11.01   1.1674     351     1    100.0   15 
28/09/26   6:30   18.4   18.4   18.3    95   17.6    0.0    ---   0.00   0.0   ---   18.4   19.1   19.1  1018.3   0.00    0.0    0.000   0.001   25.1    63   17.6   25.7   11.41   1.1665     351     1    100.0   15 
28/09/26   6:45   18.3   18.3   18.3    95   17.5    0.0    ---   0.00   0.0   ---   18.3   19.0   19.0  1018.4   0.00    0.0    0.000   0.000   25.3    63   17.7   25.9   11.40   1.1658     351     1    100.0   15 
28/09/26   7:00   18.4   18.5   18.3    95   17.6    0.0    NNO   0.00   1.6   NNO   18.4   19.1   19.1  1018.4   0.00    0.0    0.000   0.001   25.4    63   17.9   26.1   11.39   1.1649     351     1    100.0   15 
28/09/26   7:15   18.7   18.8   18.5    95   17.9    0.0    NNO   0.00   1.6   NNO   18.7   19.4   19.4  1018.4   0.00    0.0    0.000   0.004   25.7    62   17.8   26.3   11.19   1.1641     351     1    100.0   15 
28/09/26   7:30   18.9   19.1   18.8    96   18.2    0.0    ---   0.00   0.0   ---   18.9   19.7   19.7  1018.4   0.00    0.0    0.000   0.006   25.9    62   18.0   26.6   11.18   1.1630     351     1    100.0   15 
28/09/26   7:45   19.2   19.3   19.1    95   18.4    0.0    ---   0.00   0.0   ---   19.2   20.1   20.1  1018.2   0.00    0.0    0.000   0.009   26.1    62   18.2   26.8   11.17   1.1618     350     1    100.0   15 
28/09/26   8:00   19.3   19.4   19.2    95   18.5    0.0    ---   0.00   0.0   ---   19.3   20.2   20.2  1018.3   0.00    0.0    0.000   0.010   26.4    62   18.5   27.2   11.16   1.1601     350     1    100.0   15 
28/09/26   8:15   19.8   20.0   19.5    92   18.5    0.0     NO   0.00   4.8    NO   19.8   20.8   20.8  1018.3   0.00    0.0    0.000   0.016   26.7    61   18.5   27.4   10.95   1.1591     351     1    100.0   15 
28/09/26   8:30   20.4   21.1   20.0    90   18.7    0.0    ENE   0.00   4.8   ENE   20.4   21.4   21.4  1018.3   0.00    0.0    0.000   0.021   26.8    61   18.6   27.6   10.95   1.1585     351     1    100.0   15 
28/09/26   8:45   21.6   22.0   21.1    84   18.8    0.0    ESE   0.00   6.4   ENE   21.6   22.6   22.6  1018.4   0.00    0.0    0.000   0.034   26.7    61   18.5   27.4   10.95   1.1592     351     1    100.0   15 
28/09/26   9:00   22.3   22.7   22.0    81   18.9    0.0    ENE   0.00   3.2   ENE   22.3   23.1   23.1  1018.6   0.00    0.0    0.000   0.041   26.9    61   18.7   27.8   10.95   1.1582     349     1    100.0   15 
28/09/26   9:15   22.9   23.1   22.7    75   18.3    1.6    ENE   0.40   9.7     E   22.9   23.8   23.8  1018.8   0.00    0.0    0.000   0.048   27.1    60   18.7   28.0   10.75   1.1577     350     1    100.0   15 
28/09/26   9:30   23.3   23.7   23.1    71   17.7    0.0      E   0.00   8.0     E   23.3   24.2   24.2  1018.7   0.00    0.0    0.000   0.052   27.2    60   18.8   28.2   10.75   1.1570     349     1    100.0   15 
28/09/26   9:45   24.1   24.4   23.7    68   17.8    1.6    ENE   0.40  11.3     E   24.1   24.9   24.9  1018.6   0.00    0.0    0.000   0.060   27.3    59   18.6   28.2   10.55   1.1567     349     1    100.0   15 
