                 Temp.  Temp.  Temp.  Hum.   Punt   Vel.   Dir.   Rec.  Vel.  Dir.  Sens.   Índ.   Índ.                  Int. Graus D.Graus D.  Temp.  Hum. Rosada  In.Cal.  EMC     Dens.    Mostr   Tx   Recep.  Int.
  Data    Hora    Ext.   Màx.   Mín.  Ext. Rosada   Vent   Vent   Vent  Màx.  Màx.  Tèrm.  Calor   THW    Bar    Pluja   Pluja  Calor    Fred    Int.  Int.   Int.   Int.    Int.  Int.Aire    Vent   Vent   ISS   Arc.
-------------------------------------------------------------------------------------------------------------------------------------------------------------------------------------------------------------------------
17/09/26   0:15   17.1   17.2   17.1    96   16.5    1.6     NO   0.40   4.8    NO   17.1   17.6   17.6  1016.2   0.00    0.0    0.013   0.000   26.9    58   18.0   27.6   10.35   1.1563     348     1    100.0   15 
17/09/26   0:30   17.2   17.2   17.2    96   16.6    1.6     NO   0.40   4.8    NO   17.2   17.7   17.7  1016.2   0.00    0.0    0.012   0.000   26.8    58   17.9   27.5   10.35   1.1570     352     1    100.0   15 
17/09/26   0:45   17.1   17.2   17.1    96   16.5    0.0     NO   0.00   3.2    NO   17.1   17.6   17.6  1016.1   0.00    0.0    0.013   0.000   26.7    58   17.8   27.3   10.35   1.1575     350     1    100.0   15 
17/09/26   1:00   17.2   17.2   17.1    96   16.5    0.0     NO   0.00   3.2    NO   17.2   17.6   17.6  1016.4   0.00    0.0    0.012   0.000   26.7    58   17.7   27.3   10.35   1.1580     348     1    100.0   15 
17/09/26   1:15   17.3   17.4   17.2    96   16.6    1.6     NO   0.40   6.4    NO   17.3   17.8   17.8  1016.2   0.00    0.0    0.011   0.000   26.6    58   17.6   27.1   10.36   1.1585     350     1    100.0   15 
17/09/26   1:30   17.4   17.5   17.4    96   16.8    3.2     NO   0.80   6.4    NO   17.4   17.9   17.9  1016.3   0.00    0.0    0.009   0.000   26.5    58   17.6   27.1   10.36   1.1588     351     1    100.0   15 
17/09/26   1:45   17.4   17.6   17.3    96   16.8    0.0     NO   0.00   4.8    NO   17.4   17.9   17.9  1016.5   0.00    0.0    0.009   0.000   26.4    58   17.5   27.0   10.37   1.1593     352     1    100.0   15 
17/09/26   2:00   17.3   17.3   17.2    96   16.6    0.0      E   0.00   3.2     E   17.3   17.8   17.8  1016.5   0.00    0.0    0.011   0.000   26.4    58   17.5   26.9   10.37   1.1596     349     1    100.0   15 
17/09/26   2:15   17.3   17.3   17.2    97   16.8    1.6      E   0.40   3.2     E   17.3   17.8   17.8  1016.3   0.00    0.0    0.011   0.000   26.3    58   17.4   26.9   10.37   1.1597     349     1    100.0   15 
17/09/26   2:30   17.3   17.4   17.1    96   16.6    0.0      E   0.00   3.2     E   17.3   17.8   17.8  1016.5   0.00    0.0    0.011   0.000   26.2    58   17.3   26.7   10.38   1.1605     351     1    100.0   15 
17/09/26   2:45   17.2   17.2   17.1    96   16.5    0.0      E   0.00   1.6     E   17.2   17.6   17.6  1016.6   0.00    0.0    0.012   0.000   26.2    58   17.3   26.7   10.39   1.1609     352     1    100.0   15 
17/09/26   3:00   17.2   17.3   17.2    96   16.6    0.0      E   0.00   1.6     E   17.2   17.7   17.7  1016.6   0.00    0.0    0.012   0.000   26.1    58   17.2   26.6   10.39   1.1613     350     1    100.0   15 
17/09/26   3:15   17.3   17.4   17.2    97   16.9    1.6      E   0.40   8.0     E   17.3   17.8   17.8  1016.6   0.00    0.0    0.010   0.000   26.1    58   17.1   26.6   10.39   1.1615     351     1    100.0   15 
17/09/26   3:30   17.4   17.5   17.4    97   17.0    1.6      E   0.40   8.0     E   17.4   17.9   17.9  1016.4   0.00    0.0    0.009   0.000   26.0    58   17.1   26.5   10.40   1.1616     351     1    100.0   15 
17/09/26   3:45   17.5   17.5   17.5    97   17.0    0.0    ESE   0.00   4.8   ESE   17.5   18.1   18.1  1016.6   0.00    0.0    0.009   0.000   25.9    58   17.0   26.4   10.40   1.1620     351     1    100.0   15 
17/09/26   4:00   17.4   17.5   17.4    97   17.0    0.0    ESE   0.00   1.6   ESE   17.4   17.9   17.9  1016.6   0.00    0.0    0.009   0.000   25.9    59   17.3   26.4   10.61   1.1619     351     1    100.0   15 
17/09/26   4:15   17.4   17.4   17.4    97   17.0    0.0    ---   0.00   0.0   ---   17.4   17.9   17.9  1016.5   0.00    0.0    0.009   0.000   25.8    59   17.2   26.3   10.61   1.1625     351     1    100.0   15 
17/09/26   4:30   17.4   17.4   17.4    97   17.0    0.0    ESE   0.00   1.6   ESE   17.4   17.9   17.9  1016.4   0.00    0.0    0.009   0.000   25.8    59   17.2   26.3   10.61   1.1623     351     1    100.0   15 
17/09/26   4:45   17.4   17.5   17.4    97   17.0    0.0    ESE   0.00   1.6   ESE   17.4   17.9   17.9  1016.3   0.00    0.0    0.009   0.000   25.7    59   17.1   26.2   10.62   1.1628     351     1    100.0   15 
17/09/26   5:00   16.7   17.4   15.7    95   15.9    1.6     NO   0.40   8.0   NNO   16.7   17.1   17.1  1016.3   0.00    0.0    0.017   0.000   25.7    59   17.1   26.2   10.62   1.1628     351     1    100.0   15 
17/09/26   5:15   15.3   15.7   15.0    96   14.6    1.6     NO   0.40   4.8    NO   15.3   15.5   15.5  1016.5   0.00    0.0    0.032   0.000   25.6    59   17.0   26.1   10.63   1.1633     350     1    100.0   15 
17/09/26   5:30   14.9   15.0   14.8    96   14.3    0.0      O   0.00   3.2     O   14.9   15.2   15.2  1016.5   0.40    1.8    0.035   0.000   25.5    59   16.9   25.9   10.63   1.1639     349     1    100.0   15 
17/09/26   5:45   14.8   14.9   14.8    96   14.2    1.6     NO   0.40   4.8   ONO   14.8   15.1   15.1  1016.6   0.00    0.0    0.036   0.000   25.4    59   16.8   25.9   10.64   1.1643     351     1    100.0   15 
17/09/26   6:00   14.8   15.0   14.7    96   14.2    3.2     NO   0.80   8.0   ONO   14.8   15.1   15.1  1016.5   0.20    0.0    0.036   0.000   25.4    59   16.8   25.8   10.64   1.1644     350     1    100.0   15 
17/09/26   6:15   14.6   14.7   14.5    96   13.9    3.2     NO   0.80   6.4    NO   14.6   14.7   14.7  1016.6   0.20    0.0    0.039   0.000   25.4    60   17.1   25.9   10.84   1.1643     348     1    100.0   15 
17/09/26   6:30   14.6   14.7   14.5    96   14.0    1.6      O   0.40   8.0    NO   14.6   14.8   14.8  1016.5   0.00    0.0    0.039   0.000   25.3    60   17.0   25.8   10.85   1.1644     351     1    100.0   15 
17/09/26   6:45   14.7   14.9   14.6    96   14.1    3.2     NO   0.80   8.0    NO   14.7   14.9   14.9  1016.2   0.00    0.0    0.038   0.000   25.5    60   17.2   26.0   10.83   1.1632     351     1    100.0   15 
17/09/26   7:00   15.2   15.3   14.9    96   14.5    1.6     NO   0.40   8.0    NO   15.2   15.4   15.4  1016.3   0.00    0.0    0.033   0.000   25.8    60   17.4   26.3   10.81   1.1618     351     1    100.0   15 
17/09/26   7:15   15.4   15.6   15.3    96   14.8    0.0      O   0.00   4.8     O   15.4   15.6   15.6  1016.4   0.00    0.0    0.031   0.000   26.0    59   17.4   26.6   10.60   1.1612     350     1    100.0   15 
17/09/26   7:30   15.7   16.1   15.6    96   15.1    0.0      O   0.00   4.8   NNO   15.7   16.0   16.0  1016.5   0.00    0.0    0.027   0.000   26.2    59   17.6   26.8   10.58   1.1601     350     1    100.0   15 
17/09/26   7:45   16.1   16.4   16.1    96   15.5    0.0      O   0.00   4.8     O   16.1   16.4   16.4  1016.7   0.00    0.0    0.023   0.000   26.6    58   17.6   27.1   10.36   1.1590     350     1    100.0   15 
17/09/26   8:00   16.7   16.8   16.4    95   15.9    0.0      S   0.00   4.8   OSO   16.7   17.1   17.1  1016.8   0.20    0.0    0.017   0.000   26.8    58   17.8   27.4   10.35   1.1580     350     1    100.0   15 
17/09/26   8:15   16.8   17.1   16.7    94   15.9    1.6     NO   0.40   6.4   ONO   16.8   17.2   17.2  1017.0   0.00    0.0    0.016   0.000   26.9    57   17.7   27.6   10.16   1.1578     349     1    100.0   15 
17/09/26   8:30   17.2   17.3   17.1    91   15.7    1.6     NO   0.40   6.4    NO   17.2   17.6   17.6  1017.3   0.00    0.0    0.012   0.000   27.1    57   17.8   27.7   10.16   1.1575     351     1    100.0   15 
17/09/26   8:45   17.4   17.6   17.3    90   15.8    0.0     NO   0.00   4.8    NO   17.4   17.8   17.8  1017.5   0.00    0.0    0.009   0.000   27.1    57   17.8   27.7   10.16   1.1577     351     1    100.0   15 
17/09/26   9:00   17.6   17.7   17.6    87   15.4    0.0     NO   0.00   6.4    NO   17.6   17.9   17.9  1017.5   0.00    0.0    0.008   0.000   27.1    56   17.5   27.6   10.05   1.1582     350     1    100.0   15 
17/09/26   9:15   17.8   18.1   17.7    85   15.3    0.0     NO   0.00   1.6    NO   17.8   18.2   18.2  1017.7   0.00    0.0    0.005   0.000   27.0    57   17.8   27.6   10.16   1.1583     352     1    100.0   15 
17/09/26   9:30   18.3   18.6   18.1    85   15.8    0.0     NO   0.00   1.6    NO   18.3   18.8   18.8  1017.6   0.00    0.0    0.000   0.000   27.0    56   17.5   27.6   10.05   1.1586     351     1    100.0   15 
17/09/26   9:45   18.6   18.7   18.5    82   15.4    0.0      O   0.00   4.8   OSO   18.6   19.0   19.0  1017.6   0.00    0.0    0.000   0.002   27.1    56   17.5   27.6   10.05   1.1583     351     1    100.0   15 
17/09/26  10:00   18.7   18.9   18.5    83   15.7    0.0      O   0.00   4.8     O   18.7   19.2   19.2  1017.6   0.00    0.0    0.000   0.003   27.1    56   17.5   27.6   10.05   1.1582     350     1    100.0   15 
17/09/26  10:15   18.9   19.1   18.9    79   15.2    3.2    OSO   0.80   9.7    NO   18.9   19.4   19.4  1017.5   0.00    0.0    0.000   0.006   27.2    56   17.6   27.7   10.05   1.1576     351     1    100.0   15 
17/09/26  10:30   19.6   20.1   19.1    74   14.8    3.2     SO   0.80   8.0   NNO   19.6   19.9   19.9  1017.5   0.00    0.0    0.000   0.013   27.3    55   17.4   27.8    9.85   1.1574     352     1    100.0   15 
17/09/26  10:45   20.5   20.7   20.1    67   14.2    3.2     NO   0.80   8.0    NO   20.5   20.6   20.6  1017.3   0.00    0.0    0.000   0.023   27.4    55   17.6   28.1    9.85   1.1563     350     1    100.0   15 
17/09/26  11:00   20.4   20.6   20.4    69   14.6    1.6    NNO   0.40   8.0    SO   20.4   20.6   20.6  1017.3   0.00    0.0    0.000   0.022   27.4    53   17.0   27.9    9.62   1.1571     351     1    100.0   15 
17/09/26  11:15   20.6   20.7   20.6    71   15.2    1.6     SO   0.40   6.4     O   20.6   20.9   20.9  1017.2   0.00    0.0    0.000   0.024   27.4    53   17.0   27.9    9.62   1.1570     350     1    100.0   15 
17/09/26  11:30   20.4   20.6   20.4    71   15.0    1.6      O   0.40   4.8     O   20.4   20.7   20.7  1016.9   0.00    0.0    0.000   0.022   27.3    52   16.6   27.7    9.43   1.1576     351     1    100.0   15 
17/09/26  11:45   20.5   20.6   20.4    70   14.8    0.0    OSO   0.00   4.8   OSO   20.5   20.7   20.7  1016.8   0.00    0.0    0.000   0.023   27.2    51   16.2   27.3    9.33   1.1588     351     1    100.0   15 
17/09/26  12:00   20.7   20.8   20.6    71   15.3    1.6      S   0.40   4.8     S   20.7   20.9   20.9  1016.6   0.00    0.0    0.000   0.025   26.8    51   15.8   27.0    9.34   1.1603     351     1    100.0   15 
17/09/26  12:15   20.8   20.8   20.8    70   15.1    1.6      S   0.40   6.4    SO   20.8   20.9   20.9  1016.5   0.00    0.0    0.000   0.025   26.6    51   15.6   26.7    9.35   1.1616     351     1    100.0   15 
17/09/26  12:30   20.9   21.2   20.8    70   15.2    1.6      S   0.40   6.4     S   20.9   21.0   21.0  1016.3   0.00    0.0    0.000   0.027   26.3    52   15.7   26.6    9.46   1.1621     351     1    100.0   15 
17/09/26  12:45   21.3   21.4   21.2    74   16.5    3.2    SSO   0.80   9.7    SO   21.3   21.7   21.7  1016.3   0.00    0.0    0.000   0.031   26.1    55   16.4   26.4    9.89   1.1620     351     1    100.0   15 
17/09/26  13:00   21.1   21.3   20.9    80   17.5    6.4      S   1.61  12.9     S   21.1   21.7   21.7  1016.1   0.00    0.0    0.000   0.029   26.0    55   16.3   26.3    9.90   1.1624     349     1    100.0   15 
17/09/26  13:15   21.4   21.6   21.2    77   17.2    4.8    SSO   1.21  11.3    NE   21.4   21.9   21.9  1016.0   0.00    0.0    0.000   0.032   26.3    56   16.8   26.7   10.08   1.1605     351     1    100.0   15 
17/09/26  13:30   21.3   21.4   21.3    77   17.1    3.2      S   0.80   9.7    SO   21.3   21.8   21.8  1016.0   0.00    0.0    0.000   0.031   26.4    56   17.0   26.9   10.07   1.1596     349     1    100.0   15 
17/09/26  13:45   21.7   21.8   21.4    72   16.4    3.2      S   0.80  16.1     S   21.7   22.0   22.0  1016.0   0.00    0.0    0.000   0.035   26.6    56   17.1   27.1   10.05   1.1587     352     1    100.0   15 
17/09/26  14:00   21.9   22.1   21.8    71   16.4    4.8      S   1.21  12.9     S   21.9   22.3   22.3  1016.0   0.00    0.0    0.000   0.038   26.6    56   17.1   27.1   10.05   1.1587     351     1    100.0   15 
17/09/26  14:15   22.3   22.4   22.1    69   16.3    4.8    SSO   1.21  16.1   SSE   22.3   22.7   22.7  1015.9   0.00    0.0    0.000   0.041   26.7    56   17.2   27.2   10.05   1.1580     351     1    100.0   15 
17/09/26  14:30   22.6   22.7   22.4    68   16.4    8.0    SSO   2.01  17.7     S   22.6   23.0   23.0  1015.6   0.00    0.0    0.000   0.044   26.9    55   17.1   27.4    9.85   1.1570     351     1    100.0   15 
17/09/26  14:45   23.1   23.2   22.7    68   16.8    8.0      S   2.01  19.3   SSE   23.1   23.7   23.7  1015.3   0.00    0.0    0.000   0.049   27.2    55   17.3   27.7    9.85   1.1555     352     1    100.0   15 
17/09/26  15:00   23.3   23.4   23.2    66   16.6    8.0     SO   2.01  20.9    SO   23.3   24.1   24.1  1015.1   0.00    0.0    0.000   0.052   27.3    54   17.2   27.7    9.75   1.1551     348     1    100.0   15 
17/09/26  15:15   23.3   23.4   23.2    65   16.3    6.4     SO   1.61  19.3   OSO   23.3   23.9   23.9  1015.0   0.00    0.0    0.000   0.052   27.2    54   17.1   27.7    9.75   1.1552     351     1    100.0   15 
17/09/26  15:30   23.5   23.7   23.4    65   16.5    6.4     SO   1.61  19.3   ONO   23.5   24.2   24.2  1014.9   0.00    0.0    0.000   0.054   27.2    54   17.1   27.7    9.75   1.1551     350     1    100.0   15 
17/09/26  15:45   23.7   23.9   23.3    64   16.5    8.0     SO   2.01  25.7    SO   23.7   24.3   24.3  1014.8   0.00    0.0    0.000   0.056   27.2    53   16.8   27.6    9.63   1.1554     352     1    100.0   15 
17/09/26  16:00   23.1   23.3   22.9    67   16.6    8.0    SSO   2.01  24.1   SSE   23.1   23.7   23.7  1014.8   0.00    0.0    0.000   0.049   27.2    53   16.8   27.5    9.63   1.1556     350     1    100.0   15 
17/09/26  16:15   22.6   22.9   22.3    70   16.9    6.4    SSO   1.61  17.7     S   22.6   23.2   23.2  1014.7   0.00    0.0    0.000   0.045   27.1    54   17.0   27.5    9.75   1.1555     350     1    100.0   15 
17/09/26  16:30   22.2   22.3   22.1    71   16.7    4.8      S   1.21  14.5     S   22.2   22.6   22.6  1014.6   0.00    0.0    0.000   0.040   27.1    54   16.9   27.4    9.75   1.1556     351     1    100.0   15 
17/09/26  16:45   22.4   22.6   22.2    70   16.6    4.8      S   1.21  17.7     S   22.4   22.8   22.8  1014.7   0.00    0.0    0.000   0.042   27.1    54   16.9   27.4    9.75   1.1557     351     1    100.0   15 
17/09/26  17:00   22.2   22.6   21.8    72   16.9    6.4    SSO   1.61  20.9     S   22.2   22.7   22.7  1014.7   0.00    0.0    0.000   0.041   27.1    54   16.9   27.4    9.75   1.1557     351     1    100.0   15 
17/09/26  17:15   21.4   21.8   21.2    73   16.4    4.8     SO   1.21  14.5     S   21.4   21.7   21.7  1014.7   0.00    0.0    0.000   0.032   27.1    54   16.9   27.4    9.75   1.1557     351     1    100.0   15 
17/09/26  17:30   21.1   21.2   21.0    74   16.2    4.8    SSO   1.21  12.9   OSO   21.1   21.3   21.3  1014.5   0.00    0.0    0.000   0.028   27.0    54   16.9   27.4    9.75   1.1558     351     1    100.0   15 
17/09/26  17:45   20.9   21.0   20.7    75   16.3    4.8    SSO   1.21  11.3   SSE   20.9   21.3   21.3  1014.5   0.00    0.0    0.000   0.027   26.9    54   16.8   27.3    9.75   1.1561     351     1    100.0   15 
17/09/26  18:00   20.5   20.7   20.3    76   16.1    3.2    SSO   0.80   9.7     O   20.5   21.1   21.1  1014.5   0.00    0.0    0.000   0.023   26.9    54   16.8   27.3    9.75   1.1561     352     1    100.0   15 
17/09/26  18:15   20.2   20.3   20.0    78   16.2    3.2    SSO   0.80   8.0   SSO   20.2   20.8   20.8  1014.7   0.00    0.0    0.000   0.019   26.9    55   17.1   27.3    9.85   1.1561     350     1    100.0   15 
17/09/26  18:30   19.9   20.1   19.8    79   16.1    1.6    SSO   0.40   4.8   OSO   19.9   20.6   20.6  1014.8   0.00    0.0    0.000   0.016   26.8    55   17.0   27.3    9.85   1.1566     350     1    100.0   15 
17/09/26  18:45   19.6   19.8   19.5    80   16.1    0.0    SSO   0.00   4.8   OSO   19.6   20.3   20.3  1014.8   0.00    0.0    0.000   0.013   26.8    55   17.0   27.2    9.85   1.1569     351     1    100.0   15 
17/09/26  19:00   19.4   19.5   19.3    81   16.0    1.6    OSO   0.40   3.2   OSO   19.4   20.0   20.0  1014.8   0.00    0.0    0.000   0.011   26.7    55   16.9   27.1    9.85   1.1571     352     1    100.0   15 
17/09/26  19:15   19.3   19.3   19.2    81   15.9    1.6    OSO   0.40   4.8   OSO   19.3   19.9   19.9  1014.9   0.00    0.0    0.000   0.010   26.7    55   16.9   27.1    9.85   1.1576     350     1    100.0   15 
17/09/26  19:30   19.2   19.2   19.2    82   16.1    1.6     NO   0.40   6.4    NO   19.2   19.8   19.8  1015.0   0.00    0.0    0.000   0.009   26.7    55   16.9   27.1    9.85   1.1576     351     1    100.0   15 
17/09/26  19:45   19.1   19.2   19.1    82   16.0    1.6     NO   0.40   4.8    NO   19.1   19.7   19.7  1015.2   0.00    0.0    0.000   0.008   26.6    55   16.8   27.0    9.85   1.1582     351     1    100.0   15 
17/09/26  20:00   19.0   19.1   18.8    82   15.9    1.6     NO   0.40   4.8    NO   19.0   19.6   19.6  1015.3   0.00    0.0    0.000   0.007   26.6    55   16.8   26.9    9.86   1.1586     351     1    100.0   15 
17/09/26  20:15   18.7   18.8   18.7    83   15.8    0.0     NO   0.00   3.2    NO   18.7   19.2   19.2  1015.4   0.00    0.0    0.000   0.004   26.5    55   16.7   26.9    9.86   1.1590     351     1    100.0   15 
17/09/26  20:30   18.9   18.9   18.8    82   15.7    1.6     NO   0.40   3.2    NO   18.9   19.4   19.4  1015.4   0.00    0.0    0.000   0.006   26.4    56   16.9   26.8   10.07   1.1591     351     1    100.0   15 
17/09/26  20:45   18.9   18.9   18.9    82   15.8    0.0     NO   0.00   3.2    NO   18.9   19.5   19.5  1015.4   0.00    0.0    0.000   0.006   26.3    56   16.8   26.7   10.08   1.1598     349     1    100.0   15 
17/09/26  21:00   18.9   18.9   18.8    83   15.9    0.0     NO   0.00   1.6    NO   18.9   19.4   19.4  1015.4   0.00    0.0    0.000   0.006   26.2    56   16.7   26.6   10.09   1.1603     351     1    100.0   15 
17/09/26  21:15   18.8   18.8   18.7    83   15.8    0.0     NO   0.00   1.6    NO   18.8   19.3   19.3  1015.5   0.00    0.0    0.000   0.005   26.1    56   16.6   26.4   10.09   1.1610     352     1    100.0   15 
17/09/26  21:30   18.7   18.7   18.5    84   15.9    1.6     NO   0.40   6.4    NO   18.7   19.2   19.2  1015.3   0.00    0.0    0.000   0.003   26.0    57   16.8   26.4   10.20   1.1607     350     1    100.0   15 
17/09/26  21:45   18.3   18.5   18.3    85   15.8    3.2     NO   0.80   4.8    NO   18.3   18.8   18.8  1015.2   0.00    0.0    0.000   0.000   25.9    57   16.7   26.3   10.21   1.1612     351     1    100.0   15 
17/09/26  22:00   18.4   18.5   18.3    84   15.6    0.0     NO   0.00   1.6    NO   18.4   18.8   18.8  1015.2   0.00    0.0    0.000   0.001   25.8    57   16.7   26.2   10.21   1.1615     351     1    100.0   15 
17/09/26  22:15   18.5   18.5   18.4    84   15.7    0.0     NO   0.00   1.6    NO   18.5   18.9   18.9  1015.2   0.00    0.0    0.000   0.002   25.8    57   16.6   26.2   10.21   1.1617     350     1    100.0   15 
17/09/26  22:30   18.6   18.6   18.5    84   15.8    0.0    ---   0.00   0.0   ---   18.6   19.1   19.1  1015.3   0.00    0.0    0.000   0.002   25.7    57   16.6   26.1   10.22   1.1621     351     1    100.0   15 
17/09/26  22:45   18.6   18.6   18.6    84   15.8    0.0    ---   0.00   0.0   ---   18.6   19.1   19.1  1015.2   0.00    0.0    0.000   0.002   25.7    58   16.8   26.2   10.42   1.1617     350     1    100.0   15 
17/09/26  23:00   18.5   18.6   18.4    85   15.9    0.0    ---   0.00   0.0   ---   18.5   19.0   19.0  1015.4   0.00    0.0    0.000   0.002   25.7    58   16.8   26.1   10.42   1.1622     350     1    100.0   15 
17/09/26  23:15   18.3   18.4   18.2    86   15.9    0.0    ESE   0.00   3.2   ESE   18.3   18.7   18.7  1015.5   0.00    0.0    0.001   0.000   25.6    58   16.7   26.1   10.43   1.1626     351     1    100.0   15 
17/09/26  23:30   18.1   18.2   18.1    87   15.9    0.0    ESE   0.00   4.8   ESE   18.1   18.5   18.5  1015.5   0.00    0.0    0.003   0.000   25.6    58   16.7   25.9   10.43   1.1629     351     1    100.0   15 
17/09/26  23:45   18.0   18.1   18.0    87   15.8    1.6    ESE   0.40   6.4   ENE   18.0   18.4   18.4  1015.5   0.00    0.0    0.003   0.000   25.5    58   16.6   25.9   10.43   1.1631     351     1    100.0   15 
18/09/26  00:00   18.1   18.2   18.0    87   15.9    4.8    ENE   1.21   8.0     E   18.1   18.5   18.5  1015.6   0.00    0.0    0.003   0.000   25.4    58   16.6   25.8   10.44   1.1635     351     1    100.0   15 
18/09/26   0:15   18.1   18.2   18.1    87   15.9    1.6    ENE   0.40   8.0     E   18.1   18.6   18.6  1015.5   0.00    0.0    0.002   0.000   25.3    58   16.5   25.7   10.45   1.1640     348     1    100.0   15 
18/09/26   0:30   18.0   18.2   17.8    87   15.8    0.0     NO   0.00   1.6   ONO   18.0   18.4   18.4  1015.5   0.00    0.0    0.003   0.000   25.2    58   16.4   25.6   10.45   1.1646     351     1    100.0   15 
18/09/26   0:45   17.7   17.8   17.7    89   15.9    1.6     NO   0.40   4.8    NO   17.7   18.2   18.2  1015.3   0.00    0.0    0.006   0.000   25.1    58   16.3   25.4   10.46   1.1650     351     1    100.0   15 
18/09/26   1:00   17.7   17.7   17.7    89   15.8    1.6     NO   0.40   4.8    NO   17.7   18.1   18.1  1015.2   0.00    0.0    0.007   0.000   25.0    58   16.2   25.3   10.47   1.1653     351     1    100.0   15 
18/09/26   1:15   17.8   17.9   17.7    88   15.8    0.0    ENE   0.00   4.8   ENE   17.8   18.2   18.2  1015.3   0.00    0.0    0.006   0.000   24.9    58   16.1   25.3   10.47   1.1658     351     1    100.0   15 
18/09/26   1:30   18.0   18.1   17.9    86   15.6    0.0    ENE   0.00   3.2   ENE   18.0   18.4   18.4  1015.4   0.00    0.0    0.003   0.000   24.9    58   16.1   25.2   10.48   1.1662     350     1    100.0   15 
18/09/26   1:45   18.2   18.2   18.1    86   15.8    0.0    ---   0.00   0.0   ---   18.2   18.6   18.6  1015.2   0.00    0.0    0.002   0.000   24.8    58   16.0   25.1   10.49   1.1666     350     1    100.0   15 
18/09/26   2:00   18.2   18.2   18.2    84   15.4    0.0    ENE   0.00   4.8   ENE   18.2   18.6   18.6  1015.2   0.00    0.0    0.002   0.000   24.7    58   15.9   25.1   10.49   1.1669     352     1    100.0   15 
18/09/26   2:15   18.2   18.3   18.2    85   15.7    0.0     NE   0.00   4.8    NE   18.2   18.7   18.7  1015.2   0.60   23.0    0.001   0.000   24.7    58   15.8   25.0   10.49   1.1671     350     1    100.0   15 
18/09/26   2:30   17.7   18.1   17.4    83   14.7    1.6     NE   0.40   6.4   ENE   17.7   17.9   17.9  1015.2   0.00    0.0    0.007   0.000   24.6    58   15.8   24.9   10.50   1.1674     351     1    100.0   15 
18/09/26   2:45   17.3   17.3   17.2    82   14.2    3.2    ENE   0.80   8.0   ENE   17.3   17.5   17.5  1015.0   0.00    0.0    0.011   0.000   24.6    58   15.7   24.9   10.50   1.1674     350     1    100.0   15 
18/09/26   3:00   17.3   17.3   17.2    82   14.2    3.2    ENE   0.80   6.4   ENE   17.3   17.5   17.5  1015.0   0.00    0.0    0.011   0.000   24.5    58   15.7   24.8   10.51   1.1677     352     1    100.0   15 
18/09/26   3:15   17.4   17.4   17.3    83   14.5    0.0    ENE   0.00   4.8   ENE   17.4   17.7   17.7  1015.0   0.00    0.0    0.010   0.000   24.4    58   15.6   24.7   10.51   1.1680     348     1    100.0   15 
18/09/26   3:30   17.4   17.4   17.3    85   14.8    0.0    ENE   0.00   1.6   ENE   17.4   17.7   17.7  1015.0   0.00    0.0    0.010   0.000   24.3    58   15.5   24.7   10.52   1.1686     351     1    100.0   15 
18/09/26   3:45   17.2   17.3   17.1    84   14.4    0.0    ---   0.00   0.0   ---   17.2   17.4   17.4  1015.0   0.00    0.0    0.012   0.000   24.3    58   15.5   24.6   10.52   1.1688     350     1    100.0   15 
18/09/26   4:00   17.0   17.1   17.0    83   14.1    0.0    ENE   0.00   3.2   ENE   17.0   17.2   17.2  1015.2   0.00    0.0    0.014   0.000   24.2    58   15.4   24.6   10.53   1.1694     351     1    100.0   15 
18/09/26   4:15   17.2   17.3   17.1    84   14.4    0.0     NO   0.00   3.2   ENE   17.2   17.4   17.4  1015.3   0.00    0.0    0.012   0.000   24.2    58   15.4   24.5   10.53   1.1698     350     1    100.0   15 
18/09/26   4:30   17.3   17.4   17.3    84   14.6    0.0     NO   0.00   3.2    NO   17.3   17.6   17.6  1015.4   0.00    0.0    0.010   0.000   24.1    58   15.3   24.5   10.53   1.1703     351     1    100.0   15 
18/09/26   4:45   17.6   17.6   17.4    82   14.4    1.6     NO   0.40   8.0   ONO   17.6   17.8   17.8  1015.4   0.00    0.0    0.008   0.000   24.1    58   15.3   24.4   10.54   1.1705     351     1    100.0   15 
18/09/26   5:00   17.4   17.5   17.4    79   13.8    1.6    ONO   0.40   6.4     O   17.4   17.6   17.6  1015.4   0.00    0.0    0.009   0.000   24.0    58   15.2   24.4   10.54   1.1708     351     1    100.0   15 
18/09/26   5:15   17.3   17.4   17.2    76   13.1    3.2     NO   0.80   8.0    NO   17.3   17.3   17.3  1015.6   0.00    0.0    0.010   0.000   23.9    58   15.2   24.3   10.55   1.1713     352     1    100.0   15 
18/09/26   5:30   17.1   17.2   17.0    74   12.4    3.2     NO   0.80   9.7   ONO   17.1   17.0   17.0  1015.6   0.00    0.0    0.013   0.000   23.9    58   15.2   24.3   10.55   1.1714     351     1    100.0   15 
18/09/26   5:45   17.0   17.1   16.9    73   12.1    3.2     NO   0.80   8.0     O   17.0   16.9   16.9  1015.8   0.00    0.0    0.014   0.000   23.9    58   15.1   24.3   10.55   1.1718     351     1    100.0   15 
18/09/26   6:00   17.0   17.0   16.9    71   11.7    3.2     NO   0.80   8.0    NO   17.0   16.8   16.8  1015.9   0.00    0.0    0.014   0.000   23.8    58   15.1   24.2   10.55   1.1722     351     1    100.0   15 
18/09/26   6:15   16.9   17.0   16.8    72   11.9    3.2     NO   0.80   6.4   NNO   16.9   16.8   16.8  1016.1   0.00    0.0    0.014   0.000   23.8    58   15.0   24.2   10.56   1.1728     351     1    100.0   15 
18/09/26   6:30   16.7   16.9   16.6    72   11.6    3.2     NO   0.80   8.0   OSO   16.7   16.5   16.5  1016.3   0.00    0.0    0.017   0.000   23.8    58   15.0   24.2   10.56   1.1730     350     1    100.0   15 
18/09/26   6:45   16.6   16.6   16.6    73   11.7    1.6    NNO   0.40   4.8   ONO   16.6   16.4   16.4  1016.5   0.00    0.0    0.019   0.000   23.8    59   15.3   24.3   10.75   1.1725     348     1    100.0   15 
18/09/26   7:00   16.6   16.6   16.5    73   11.7    1.6     NO   0.40   6.4   NNO   16.6   16.4   16.4  1016.7   0.00    0.0    0.019   0.000   24.1    59   15.5   24.5   10.74   1.1717     351     1    100.0   15 
18/09/26   7:15   16.8   16.9   16.6    72   11.7    1.6     NO   0.40   4.8   ONO   16.8   16.6   16.6  1016.8   0.00    0.0    0.016   0.000   24.3    59   15.8   24.7   10.72   1.1706     351     1    100.0   15 
18/09/26   7:30   17.1   17.4   16.9    72   12.0    1.6     NO   0.40   4.8   NNO   17.1   16.9   16.9  1016.9   0.00    0.0    0.013   0.000   24.4    58   15.6   24.7   10.51   1.1703     352     1    100.0   15 
18/09/26   7:45   17.7   17.9   17.4    70   12.2    1.6    NNO   0.40   4.8    NO   17.7   17.6   17.6  1017.1   0.00    0.0    0.006   0.000   24.7    58   15.9   25.1   10.49   1.1690     351     1    100.0   15 
18/09/26   8:00   18.3   18.8   17.9    67   12.1    3.2     NO   0.80   9.7   NNO   18.3   18.2   18.2  1017.1   0.00    0.0    0.000   0.000   25.0    57   15.9   25.3   10.27   1.1680     350     1    100.0   15 
18/09/26   8:15   19.0   19.2   18.8    65   12.3    1.6     NO   0.40   8.0   ONO   19.0   18.9   18.9  1017.2   0.00    0.0    0.000   0.007   25.2    57   16.1   25.6   10.25   1.1669     351     1    100.0   15 
