                 Temp.  Temp.  Temp.  Hum.   Punt   Vel.   Dir.   Rec.  Vel.  Dir.  Sens.   Índ.   Índ.                  Int. Graus D.Graus D.  Temp.  Hum. Rosada  In.Cal.  EMC     Dens.    Mostr   Tx   Recep.  Int.
  Data    Hora    Ext.   Màx.   Mín.  Ext. Rosada   Vent   Vent   Vent  Màx.  Màx.  Tèrm.  Calor   THW    Bar    Pluja   Pluja  Calor    Fred    Int.  Int.   Int.   Int.    Int.  Int.Aire    Vent   Vent   ISS   Arc.
-------------------------------------------------------------------------------------------------------------------------------------------------------------------------------------------------------------------------
24/09/26   0:15   19.3   19.4   19.3    80   15.8    1.6     NO   0.40   4.8    NO   19.3   19.9   19.9  1022.5   0.00    0.0    0.000   0.010   26.4    53   16.0   26.6    9.65   1.1686     350     1    100.0   15 
24/09/26   0:30   19.3   19.3   19.3    79   15.6    0.0    ENE   0.00   3.2   ENE   19.3   19.9   19.9  1022.4   0.00    0.0    0.000   0.010   26.3    53   15.9   26.5    9.65   1.1691     351     1    100.0   15 
24/09/26   0:45   19.2   19.3   19.1    80   15.7    0.0    ENE   0.00   3.2   ENE   19.2   19.8   19.8  1022.3   0.00    0.0    0.000   0.009   26.2    53   15.9   26.4    9.65   1.1692     350     1    100.0   15 
24/09/26   1:00   18.9   19.1   18.7    81   15.6    0.0    ENE   0.00   3.2   ENE   18.9   19.4   19.4  1022.2   0.00    0.0    0.000   0.006   26.1    53   15.8   26.3    9.65   1.1697     350     1    100.0   15 
24/09/26   1:15   18.4   18.7   18.3    81   15.1    0.0    ENE   0.00   3.2   ENE   18.4   18.9   18.9  1022.0   0.00    0.0    0.000   0.001   26.0    53   15.7   26.2    9.65   1.1701     351     1    100.0   15 
24/09/26   1:30   18.3   18.4   18.2    81   15.0    1.6     NO   0.40   4.8   ENE   18.3   18.7   18.7  1022.0   0.00    0.0    0.000   0.000   25.9    54   15.9   26.2    9.78   1.1703     352     1    100.0   15 
24/09/26   1:45   17.9   18.2   17.6    82   14.8    4.8     NO   1.21   8.0    NO   17.9   18.2   18.2  1022.0   0.00    0.0    0.005   0.000   25.8    53   15.5   26.1    9.65   1.1709     351     1    100.0   15 
24/09/26   2:00   17.7   17.9   17.6    78   13.8    1.6     NO   0.40   4.8    NO   17.7   17.9   17.9  1021.9   0.00    0.0    0.006   0.000   25.7    53   15.4   25.9    9.65   1.1713     351     1    100.0   15 
24/09/26   2:15   18.1   18.4   17.9    74   13.4    1.6     NO   0.40   3.2    NO   18.1   18.2   18.2  1021.8   0.00    0.0    0.002   0.000   25.7    52   15.1   25.8    9.49   1.1719     350     1    100.0   15 
24/09/26   2:30   18.2   18.4   18.1    72   13.0    3.2    ONO   0.80   6.4    NO   18.2   18.2   18.2  1021.7   0.00    0.0    0.002   0.000   25.6    51   14.7   25.6    9.35   1.1727     351     1    100.0   15 
24/09/26   2:45   17.9   18.1   17.9    71   12.6    1.6    NNO   0.40   4.8   NNO   17.9   17.9   17.9  1021.7   0.00    0.0    0.004   0.000   25.4    51   14.6   25.5    9.35   1.1733     351     1    100.0   15 
24/09/26   3:00   17.8   17.9   17.8    73   12.9    0.0    NNO   0.00   1.6   NNO   17.8   17.8   17.8  1021.7   0.00    0.0    0.005   0.000   25.4    51   14.5   25.4    9.35   1.1736     351     1    100.0   15 
24/09/26   3:15   17.6   17.8   17.5    75   13.1    1.6    NNO   0.40   3.2   NNO   17.6   17.6   17.6  1021.6   0.00    0.0    0.008   0.000   25.3    51   14.5   25.3    9.35   1.1738     351     1    100.0   15 
24/09/26   3:30   17.6   17.6   17.5    76   13.3    0.0    NNO   0.00   3.2   NNO   17.6   17.6   17.6  1021.7   0.00    0.0    0.008   0.000   25.3    51   14.4   25.3    9.35   1.1741     349     1    100.0   15 
24/09/26   3:45   17.7   17.7   17.6    77   13.6    0.0    ---   0.00   0.0   ---   17.7   17.8   17.8  1021.5   0.00    0.0    0.007   0.000   25.2    51   14.3   25.2    9.35   1.1745     351     1    100.0   15 
24/09/26   4:00   17.7   17.7   17.7    77   13.6    1.6    NNO   0.40   4.8   NNO   17.7   17.8   17.8  1021.6   0.00    0.0    0.007   0.000   25.2    51   14.3   25.2    9.35   1.1746     351     1    100.0   15 
24/09/26   4:15   17.8   17.8   17.7    76   13.5    1.6     NE   0.40   4.8    NE   17.8   17.9   17.9  1021.7   0.00    0.0    0.006   0.000   25.1    51   14.2   25.0    9.35   1.1752     351     1    100.0   15 
24/09/26   4:30   17.7   17.8   17.7    76   13.4    3.2    ENE   0.80   6.4    NE   17.7   17.8   17.8  1021.7   0.00    0.0    0.006   0.000   24.9    51   14.1   24.9    9.35   1.1759     350     1    100.0   15 
24/09/26   4:45   17.7   17.7   17.6    76   13.4    3.2    ENE   0.80   4.8   ENE   17.7   17.7   17.7  1021.7   0.00    0.0    0.007   0.000   24.8    52   14.3   24.8    9.52   1.1760     352     1    100.0   15 
24/09/26   5:00   17.4   17.6   17.3    76   13.2    0.0    ENE   0.00   3.2   ENE   17.4   17.5   17.5  1021.7   0.00    0.0    0.009   0.000   24.8    52   14.3   24.8    9.52   1.1764     351     1    100.0   15 
24/09/26   5:15   17.1   17.3   16.7    76   12.8    0.0    ENE   0.00   3.2   ENE   17.1   17.1   17.1  1021.9   0.00    0.0    0.013   0.000   24.7    52   14.2   24.8    9.52   1.1768     349     1    100.0   15 
24/09/26   5:30   16.3   16.7   16.2    80   12.9    0.0    ENE   0.00   3.2   ENE   16.3   16.4   16.4  1021.9   0.00    0.0    0.021   0.000   24.7    52   14.2   24.7    9.52   1.1771     351     1    100.0   15 
24/09/26   5:45   16.4   16.6   16.3    79   12.7    0.0    ENE   0.00   1.6   ENE   16.4   16.4   16.4  1022.0   0.00    0.0    0.020   0.000   24.6    52   14.1   24.7    9.52   1.1775     351     1    100.0   15 
24/09/26   6:00   16.6   16.6   16.6    76   12.4    1.6    NNO   0.40   3.2   ENE   16.6   16.6   16.6  1022.0   0.00    0.0    0.018   0.000   24.6    53   14.3   24.7    9.65   1.1775     352     1    100.0   15 
24/09/26   6:15   16.7   16.9   16.6    74   12.1    0.0    NNO   0.00   3.2   NNO   16.7   16.6   16.6  1022.1   0.00    0.0    0.017   0.000   24.6    53   14.4   24.7    9.65   1.1772     351     1    100.0   15 
24/09/26   6:30   17.1   17.2   16.9    72   12.0    0.0     SO   0.00   3.2    SO   17.1   16.9   16.9  1022.3   0.00    0.0    0.013   0.000   24.9    53   14.7   24.9    9.65   1.1760     351     1    100.0   15 
24/09/26   6:45   17.3   17.6   17.2    74   12.7    0.0     SO   0.00   1.6    SO   17.3   17.3   17.3  1022.3   0.00    0.0    0.010   0.000   25.2    53   14.9   25.3    9.65   1.1747     349     1    100.0   15 
24/09/26   7:00   18.0   18.3   17.6    72   12.9    0.0     SO   0.00   3.2    SO   18.0   18.0   18.0  1022.3   0.00    0.0    0.003   0.000   25.4    52   14.8   25.4    9.50   1.1739     352     1    100.0   15 
24/09/26   7:15   18.4   18.6   18.3    71   13.0    0.0     SO   0.00   3.2    SO   18.4   18.4   18.4  1022.4   0.00    0.0    0.000   0.001   25.6    52   15.0   25.7    9.49   1.1729     351     1    100.0   15 
24/09/26   7:30   18.7   18.8   18.6    71   13.4    1.6     SO   0.40   4.8     O   18.7   18.8   18.8  1022.5   0.00    0.0    0.000   0.004   25.8    52   15.2   26.0    9.48   1.1719     351     1    100.0   15 
24/09/26   7:45   18.7   18.8   18.7    71   13.4    3.2    ONO   0.80   6.4   ONO   18.7   18.8   18.8  1022.5   0.00    0.0    0.000   0.004   25.9    52   15.3   26.1    9.48   1.1716     351     1    100.0   15 
24/09/26   8:00   18.9   19.4   18.7    70   13.3    1.6    ONO   0.40   3.2   ONO   18.9   19.1   19.1  1022.6   0.00    0.0    0.000   0.006   25.9    52   15.3   26.1    9.48   1.1714     349     1    100.0   15 
24/09/26   8:15   20.4   21.3   19.4    66   13.8    0.0    SSE   0.00   3.2   ONO   20.4   20.4   20.4  1022.7   0.00    0.0    0.000   0.021   26.0    52   15.4   26.2    9.47   1.1712     350     1    100.0   15 
24/09/26   8:30   22.0   22.6   21.3    62   14.4    1.6      E   0.40   4.8     E   22.0   21.9   21.9  1023.0   0.00    0.0    0.000   0.038   26.1    52   15.5   26.3    9.47   1.1710     351     1    100.0   15 
24/09/26   8:45   22.6   22.8   22.5    60   14.5    3.2      E   0.80   9.7     E   22.6   22.7   22.7  1022.9   0.00    0.0    0.000   0.045   26.2    51   15.3   26.4    9.35   1.1707     351     1    100.0   15 
24/09/26   9:00   22.9   23.2   22.6    58   14.2    3.2    ESE   0.80   8.0     E   22.9   23.1   23.1  1022.6   0.00    0.0    0.000   0.047   26.3    50   15.0   26.4    9.16   1.1705     351     1    100.0   15 
24/09/26   9:15   23.4   23.6   23.2    57   14.4    3.2      S   0.80   8.0     E   23.4   23.6   23.6  1022.8   0.00    0.0    0.000   0.053   26.4    50   15.1   26.4    9.16   1.1702     350     1    100.0   15 
24/09/26   9:30   24.0   24.4   23.6    52   13.5    3.2     NO   0.80   9.7     E   24.0   24.1   24.1  1022.7   0.00    0.0    0.000   0.059   26.4    50   15.2   26.5    9.16   1.1698     351     1    100.0   15 
24/09/26   9:45   24.7   24.8   24.4    49   13.2    3.2    NNO   0.80   8.0    NO   24.7   24.6   24.6  1022.6   0.00    0.0    0.000   0.066   26.6    50   15.3   26.6    9.15   1.1690     350     1    100.0   15 
24/09/26  10:00   25.4   26.0   24.8    44   12.2    1.6    NNO   0.40   6.4    SO   25.4   25.1   25.1  1022.4   0.00    0.0    0.000   0.073   26.7    50   15.4   26.8    9.15   1.1680     350     1    100.0   15 
24/09/26  10:15   26.3   26.8   26.0    36   10.1    3.2    OSO   0.80   8.0   SSO   26.3   25.7   25.7  1022.3   0.00    0.0    0.000   0.083   26.9    49   15.3   26.9    8.94   1.1675     351     1    100.0   15 
24/09/26  10:30   27.2   27.3   26.9    38   11.6    3.2    OSO   0.80   8.0   OSO   27.2   26.5   26.5  1022.3   0.00    0.0    0.000   0.092   27.1    48   15.1   27.0    8.84   1.1670     351     1    100.0   15 
24/09/26  10:45   27.6   28.1   27.3    36   11.1    1.6    OSO   0.40   8.0   OSO   27.6   26.8   26.8  1022.2   0.00    0.0    0.000   0.096   27.2    48   15.2   27.2    8.83   1.1663     351     1    100.0   15 
24/09/26  11:00   28.4   28.7   28.2    34   11.0    3.2      S   0.80  11.3   ESE   28.4   27.7   27.7  1022.0   0.00    0.0    0.000   0.105   27.3    46   14.7   27.2    8.45   1.1662     350     1    100.0   15 
24/09/26  11:15   28.9   29.1   28.7    33   11.0    4.8    SSO   1.21  12.9   OSO   28.9   28.3   28.3  1021.8   0.00    0.0    0.000   0.110   27.4    45   14.5   27.3    8.32   1.1658     351     1    100.0   15 
24/09/26  11:30   28.9   29.1   28.8    35   11.9    6.4     SO   1.61  14.5     S   28.9   28.6   28.6  1021.5   0.00    0.0    0.000   0.111   27.6    43   13.9   27.3    8.02   1.1657     350     1    100.0   15 
24/09/26  11:45   29.4   29.9   28.9    36   12.8    4.8     SO   1.21  12.9   SSO   29.4   29.1   29.1  1021.4   0.00    0.0    0.000   0.115   27.7    43   14.0   27.4    8.01   1.1650     351     1    100.0   15 
24/09/26  12:00   29.8   29.9   29.8    39   14.4    4.8      S   1.21  14.5    SO   29.8   29.8   29.8  1021.1   0.00    0.0    0.000   0.120   27.8    44   14.5   27.7    8.15   1.1634     351     1    100.0   15 
24/09/26  12:15   29.9   30.1   29.7    42   15.6    6.4    SSE   1.61  17.7     S   29.9   30.2   30.2  1020.9   0.00    0.0    0.000   0.121   27.9    44   14.6   27.9    8.15   1.1626     349     1    100.0   15 
24/09/26  12:30   29.6   29.7   29.5    41   15.0    6.4      S   1.61  17.7     S   29.6   29.8   29.8  1020.7   0.00    0.0    0.000   0.117   28.1    45   15.1   28.3    8.30   1.1611     351     1    100.0   15 
24/09/26  12:45   29.7   29.7   29.6    42   15.4    6.4    SSE   1.61  12.9   SSE   29.7   29.9   29.9  1020.5   0.00    0.0    0.000   0.118   28.2    45   15.2   28.4    8.29   1.1603     351     1    100.0   15 
24/09/26  13:00   29.8   30.0   29.5    38   13.9    6.4    SSO   1.61  14.5    SE   29.8   29.7   29.7  1020.3   0.00    0.0    0.000   0.119   28.3    46   15.6   28.7    8.45   1.1591     351     1    100.0   15 
24/09/26  13:15   29.9   30.1   29.9    37   13.7    6.4    OSO   1.61  14.5    SO   29.9   29.8   29.8  1020.1   0.00    0.0    0.000   0.121   28.4    45   15.4   28.8    8.29   1.1588     351     1    100.0   15 
24/09/26  13:30   29.9   30.1   29.8    40   14.8    8.0    SSO   2.01  19.3   OSO   29.9   30.0   30.0  1019.9   0.00    0.0    0.000   0.120   28.5    45   15.4   28.9    8.28   1.1583     350     1    100.0   15 
24/09/26  13:45   29.7   29.8   29.4    41   15.0    8.0      S   2.01  19.3   OSO   29.7   29.8   29.8  1019.8   0.00    0.0    0.000   0.118   28.6    45   15.5   28.9    8.28   1.1579     350     1    100.0   15 
24/09/26  14:00   29.4   29.6   29.3    42   15.2    6.4      S   1.61  17.7    SO   29.4   29.7   29.7  1019.6   0.00    0.0    0.000   0.116   28.7    45   15.6   29.2    8.28   1.1571     350     1    100.0   15 
24/09/26  14:15   29.4   29.7   28.9    43   15.5    6.4     SO   1.61  16.1    SE   29.4   29.8   29.8  1019.5   0.00    0.0    0.000   0.115   28.7    45   15.6   29.2    8.28   1.1567     350     1    100.0   15 
24/09/26  14:30   29.2   29.5   28.9    44   15.7    6.4      S   1.61  16.1    SO   29.2   29.7   29.7  1019.3   0.00    0.0    0.000   0.113   28.8    45   15.7   29.3    8.27   1.1562     351     1    100.0   15 
24/09/26  14:45   29.4   29.6   29.4    44   15.9    6.4     SO   1.61  19.3   ESE   29.4   29.9   29.9  1019.2   0.00    0.0    0.000   0.116   28.8    45   15.7   29.4    8.27   1.1558     352     1    100.0   15 
24/09/26  15:00   29.2   29.4   29.0    45   16.1    6.4      S   1.61  14.5   SSE   29.2   29.8   29.8  1019.2   0.00    0.0    0.000   0.113   28.9    46   16.2   29.6    8.45   1.1547     351     1    100.0   15 
24/09/26  15:15   28.8   29.2   28.4    46   16.0    8.0      S   2.01  19.3   SSO   28.8   29.4   29.4  1019.1   0.00    0.0    0.000   0.109   29.0    46   16.2   29.7    8.45   1.1543     350     1    100.0   15 
24/09/26  15:30   28.3   28.4   28.2    47   15.9    8.0      S   2.01  17.7     S   28.3   28.7   28.7  1018.9   0.00    0.0    0.000   0.104   29.0    46   16.2   29.7    8.45   1.1541     351     1    100.0   15 
24/09/26  15:45   27.9   28.3   27.8    48   15.9    8.0     SO   2.01  20.9    SO   27.9   28.2   28.2  1018.8   0.00    0.0    0.000   0.100   29.0    46   16.2   29.7    8.45   1.1541     352     1    100.0   15 
24/09/26  16:00   27.7   27.9   27.4    50   16.4    6.4    SSO   1.61  19.3   OSO   27.7   28.1   28.1  1018.8   0.00    0.0    0.000   0.098   28.9    46   16.2   29.6    8.45   1.1543     351     1    100.0   15 
24/09/26  16:15   27.7   27.9   27.4    50   16.3    6.4      S   1.61  16.1   SSO   27.7   27.9   27.9  1018.7   0.00    0.0    0.000   0.097   28.9    47   16.4   29.7    8.57   1.1541     351     1    100.0   15 
24/09/26  16:30   26.9   27.6   26.3    54   16.8    6.4    SSO   1.61  14.5   OSO   26.9   27.3   27.3  1018.7   0.00    0.0    0.000   0.089   28.9    47   16.4   29.7    8.57   1.1540     351     1    100.0   15 
24/09/26  16:45   25.9   26.3   25.8    57   16.8    6.4    SSO   1.61  12.9     S   25.9   26.4   26.4  1018.7   0.00    0.0    0.000   0.079   28.8    48   16.7   29.6    8.77   1.1541     352     1    100.0   15 
24/09/26  17:00   25.8   25.9   25.8    57   16.7    4.8    SSO   1.21  12.9   OSO   25.8   26.2   26.2  1018.7   0.00    0.0    0.000   0.078   28.7    49   16.9   29.4    8.88   1.1542     351     1    100.0   15 
24/09/26  17:15   25.8   25.9   25.6    57   16.6    4.8      S   1.21  14.5   SSO   25.8   26.2   26.2  1018.9   0.00    0.0    0.000   0.078   28.7    48   16.6   29.4    8.78   1.1549     350     1    100.0   15 
24/09/26  17:30   25.3   25.6   25.1    61   17.2    3.2    OSO   0.80   9.7     S   25.3   25.8   25.8  1018.9   0.00    0.0    0.000   0.072   28.6    49   16.8   29.3    8.88   1.1550     351     1    100.0   15 
24/09/26  17:45   24.9   25.1   24.7    62   17.1    1.6    OSO   0.40   8.0   OSO   24.9   25.4   25.4  1019.1   0.00    0.0    0.000   0.068   28.6    49   16.8   29.3    8.88   1.1552     351     1    100.0   15 
24/09/26  18:00   24.4   24.7   24.2    63   16.9    3.2    SSO   0.80   8.0    SO   24.4   25.0   25.0  1018.9   0.00    0.0    0.000   0.064   28.5    50   17.1   29.3    9.08   1.1549     352     1    100.0   15 
24/09/26  18:15   23.8   24.2   23.5    66   17.0    3.2     SO   0.80   9.7   OSO   23.8   24.6   24.6  1018.9   0.00    0.0    0.000   0.057   28.4    50   17.0   29.1    9.09   1.1554     351     1    100.0   15 
24/09/26  18:30   23.2   23.5   22.9    68   16.9    1.6    OSO   0.40   4.8   OSO   23.2   23.9   23.9  1018.9   0.00    0.0    0.000   0.050   28.3    50   16.9   28.9    9.09   1.1560     350     1    100.0   15 
24/09/26  18:45   22.8   22.9   22.7    69   16.8    0.0      O   0.00   4.8   OSO   22.8   23.4   23.4  1019.0   0.00    0.0    0.000   0.047   28.2    51   17.1   28.8    9.30   1.1562     350     1    100.0   15 
24/09/26  19:00   22.5   22.7   22.3    71   17.0    1.6    OSO   0.40   6.4   OSO   22.5   23.1   23.1  1019.1   0.00    0.0    0.000   0.043   28.1    51   17.0   28.7    9.30   1.1569     352     1    100.0   15 
24/09/26  19:15   22.1   22.3   21.9    74   17.3    3.2    OSO   0.80   8.0    SO   22.1   22.6   22.6  1019.3   0.00    0.0    0.000   0.039   27.9    52   17.1   28.4    9.41   1.1576     351     1    100.0   15 
24/09/26  19:30   21.8   21.9   21.8    75   17.2    1.6    OSO   0.40   4.8     O   21.8   22.3   22.3  1019.5   0.00    0.0    0.000   0.036   27.7    53   17.3   28.3    9.61   1.1582     351     1    100.0   15 
24/09/26  19:45   21.8   21.8   21.8    77   17.6    1.6    OSO   0.40   6.4     O   21.8   22.4   22.4  1019.4   0.00    0.0    0.000   0.036   27.6    54   17.5   28.2    9.75   1.1583     351     1    100.0   15 
24/09/26  20:00   21.6   21.8   21.4    79   17.8    3.2     SO   0.80   6.4    SO   21.6   22.3   22.3  1019.3   0.00    0.0    0.000   0.034   27.6    54   17.4   28.1    9.75   1.1584     351     1    100.0   15 
24/09/26  20:15   21.2   21.4   21.1    81   17.8    1.6     SO   0.40   4.8    SO   21.2   21.9   21.9  1019.3   0.00    0.0    0.000   0.030   27.4    55   17.6   28.1    9.85   1.1586     352     1    100.0   15 
24/09/26  20:30   21.1   21.1   21.1    82   17.9    1.6    OSO   0.40   9.7    SO   21.1   21.8   21.8  1019.2   0.00    0.0    0.000   0.029   27.3    56   17.8   28.0   10.05   1.1587     351     1    100.0   15 
24/09/26  20:45   21.1   21.1   21.0    84   18.2    1.6    OSO   0.40   4.8    SO   21.1   21.9   21.9  1019.3   0.00    0.0    0.000   0.028   27.2    57   18.0   27.9   10.17   1.1589     351     1    100.0   15 
24/09/26  21:00   21.0   21.1   20.9    85   18.4    1.6    OSO   0.40   3.2    SO   21.0   21.9   21.9  1019.2   0.00    0.0    0.000   0.028   27.2    58   18.2   27.9   10.35   1.1587     349     1    100.0   15 
24/09/26  21:15   20.8   20.9   20.8    87   18.6    1.6    OSO   0.40   6.4   OSO   20.8   21.8   21.8  1019.0   0.00    0.0    0.000   0.026   27.1    59   18.4   27.8   10.55   1.1587     351     1    100.0   15 
24/09/26  21:30   20.7   20.8   20.7    88   18.7    1.6    OSO   0.40   8.0     O   20.7   21.8   21.8  1019.0   0.00    0.0    0.000   0.025   27.0    59   18.3   27.8   10.55   1.1589     350     1    100.0   15 
24/09/26  21:45   20.6   20.7   20.5    89   18.7    1.6      O   0.40   6.4     O   20.6   21.7   21.7  1018.9   0.00    0.0    0.000   0.023   26.9    59   18.3   27.7   10.55   1.1591     351     1    100.0   15 
24/09/26  22:00   20.4   20.5   20.3    89   18.6    1.6      O   0.40   6.4   ONO   20.4   21.5   21.5  1018.8   0.00    0.0    0.000   0.022   27.1    59   18.4   27.8   10.55   1.1584     351     1    100.0   15 
24/09/26  22:15   20.3   20.3   20.2    90   18.6    0.0      O   0.00   4.8     O   20.3   21.3   21.3  1018.6   0.00    0.0    0.000   0.020   27.2    58   18.2   27.9   10.35   1.1580     351     1    100.0   15 
24/09/26  22:30   20.1   20.2   20.1    90   18.4    0.0      O   0.00   3.2     O   20.1   21.1   21.1  1018.7   0.00    0.0    0.000   0.019   27.2    58   18.2   28.0   10.35   1.1578     351     1    100.0   15 
24/09/26  22:45   20.0   20.1   19.8    90   18.3    1.6      O   0.40   8.0    NO   20.0   20.9   20.9  1018.7   0.00    0.0    0.000   0.017   27.3    58   18.3   28.1   10.35   1.1576     351     1    100.0   15 
24/09/26  23:00   19.5   19.8   19.4    89   17.6    1.6     NO   0.40   6.4    NO   19.5   20.3   20.3  1018.6   0.00    0.0    0.000   0.012   27.3    58   18.3   28.1   10.35   1.1574     349     1    100.0   15 
24/09/26  23:15   19.6   19.8   19.4    90   17.9    0.0     NO   0.00   1.6    NO   19.6   20.5   20.5  1018.6   0.00    0.0    0.000   0.013   27.3    58   18.3   28.1   10.35   1.1574     351     1    100.0   15 
24/09/26  23:30   19.9   19.9   19.8    89   18.0    1.6     NO   0.40   4.8    NO   19.9   20.8   20.8  1018.4   0.00    0.0    0.000   0.016   27.1    57   17.9   27.8   10.17   1.1585     352     1    100.0   15 
24/09/26  23:45   20.0   20.0   19.9    89   18.1    1.6     NO   0.40   3.2    NO   20.0   20.9   20.9  1018.4   0.00    0.0    0.000   0.017   27.0    58   18.0   27.7   10.35   1.1586     351     1    100.0   15 
25/09/26  00:00   19.8   19.9   19.6    88   17.7    0.0     NO   0.00   3.2    NO   19.8   20.6   20.6  1018.1   0.00    0.0    0.000   0.015   26.9    58   18.0   27.6   10.35   1.1586     351     1    100.0   15 
25/09/26   0:15   19.4   19.6   19.2    87   17.2    0.0     NO   0.00   1.6    NO   19.4   20.2   20.2  1018.1   0.00    0.0    0.000   0.011   26.9    58   17.9   27.6   10.35   1.1589     349     1    100.0   15 
25/09/26   0:30   19.4   19.6   19.2    85   16.8    0.0     NO   0.00   3.2    NO   19.4   20.1   20.1  1018.0   0.00    0.0    0.000   0.011   26.8    57   17.5   27.3   10.15   1.1597     351     1    100.0   15 
25/09/26   0:45   19.7   19.8   19.6    84   16.9    1.6     NO   0.40   4.8    NO   19.7   20.4   20.4  1018.0   0.00    0.0    0.000   0.014   26.7    57   17.5   27.3   10.15   1.1600     351     1    100.0   15 
25/09/26   1:00   19.7   19.7   19.7    81   16.3    1.6     NO   0.40   3.2    NO   19.7   20.3   20.3  1017.8   0.00    0.0    0.000   0.014   26.7    57   17.4   27.2   10.15   1.1601     351     1    100.0   15 
25/09/26   1:15   19.6   19.7   19.4    81   16.2    1.6     NO   0.40   3.2    NO   19.6   20.2   20.2  1017.7   0.00    0.0    0.000   0.013   26.6    57   17.4   27.1   10.15   1.1603     351     1    100.0   15 
25/09/26   1:30   19.5   19.6   19.4    77   15.4    1.6     NO   0.40   3.2    NO   19.5   20.0   20.0  1017.6   0.00    0.0    0.000   0.012   26.6    57   17.3   27.1   10.16   1.1605     351     1    100.0   15 
25/09/26   1:45   19.4   19.6   19.4    80   15.9    1.6     NO   0.40   8.0     E   19.4   20.1   20.1  1017.5   0.00    0.0    0.000   0.012   26.5    57   17.3   27.0   10.16   1.1606     351     1    100.0   15 
25/09/26   2:00   19.8   20.0   19.6    78   15.9    3.2    ENE   0.80   6.4   ENE   19.8   20.4   20.4  1017.4   0.00    0.0    0.000   0.016   26.4    57   17.2   26.9   10.17   1.1608     352     1    100.0   15 
25/09/26   2:15   19.8   20.0   19.7    78   15.9    0.0     NE   0.00   3.2    NE   19.8   20.4   20.4  1017.2   0.00    0.0    0.000   0.016   26.4    57   17.2   26.9   10.17   1.1609     351     1    100.0   15 
25/09/26   2:30   19.3   19.7   19.1    80   15.7    0.0     NE   0.00   3.2    NE   19.3   19.8   19.8  1017.3   0.00    0.0    0.000   0.010   26.4    57   17.2   26.9   10.17   1.1610     350     1    100.0   15 
25/09/26   2:45   19.1   19.1   19.1    81   15.8    0.0     NE   0.00   3.2    NE   19.1   19.7   19.7  1017.2   0.00    0.0    0.000   0.008   26.3    57   17.1   26.8   10.17   1.1612     350     1    100.0   15 
25/09/26   3:00   19.1   19.2   19.1    80   15.6    1.6     NE   0.40   6.4    NE   19.1   19.7   19.7  1017.1   0.00    0.0    0.000   0.008   26.3    57   17.1   26.7   10.18   1.1613     352     1    100.0   15 
25/09/26   3:15   19.2   19.2   19.1    79   15.4    0.0     NE   0.00   4.8    NE   19.2   19.7   19.7  1017.0   0.00    0.0    0.000   0.009   26.2    57   17.0   26.7   10.18   1.1615     351     1    100.0   15 
25/09/26   3:30   19.3   19.4   19.1    78   15.3    1.6     NE   0.40   6.4    NE   19.3   19.8   19.8  1017.0   0.00    0.0    0.000   0.010   26.2    58   17.3   26.7   10.39   1.1614     351     1    100.0   15 
25/09/26   3:45   19.2   19.4   19.1    77   15.1    0.0     NE   0.00   3.2    NE   19.2   19.7   19.7  1017.0   0.00    0.0    0.000   0.009   26.1    57   16.9   26.6   10.19   1.1620     350     1    100.0   15 
25/09/26   4:00   19.1   19.1   19.0    77   14.9    1.6     NE   0.40   4.8    NE   19.1   19.4   19.4  1016.9   0.00    0.0    0.000   0.008   26.1    57   16.9   26.6   10.19   1.1620     351     1    100.0   15 
25/09/26   4:15   18.8   19.0   18.7    78   14.9    1.6     NE   0.40   4.8   NNO   18.8   19.2   19.2  1016.9   0.00    0.0    0.000   0.005   26.1    57   16.9   26.5   10.19   1.1622     350     1    100.0   15 
25/09/26   4:30   18.6   18.7   18.4    79   14.8    3.2    NNO   0.80   6.4   NNO   18.6   18.9   18.9  1016.8   0.00    0.0    0.000   0.002   26.0    57   16.8   26.4   10.20   1.1624     351     1    100.0   15 
25/09/26   4:45   18.6   18.6   18.6    78   14.6    4.8     NO   1.21   8.0    NO   18.6   18.9   18.9  1016.7   0.00    0.0    0.000   0.002   25.9    57   16.8   26.4   10.20   1.1626     351     1    100.0   15 
25/09/26   5:00   18.7   18.9   18.6    78   14.8    3.2     NO   0.80   6.4    NO   18.7   19.1   19.1  1016.7   0.00    0.0    0.000   0.004   25.9    57   16.7   26.3   10.21   1.1629     351     1    100.0   15 
25/09/26   5:15   18.9   19.0   18.8    77   14.8    3.2     NO   0.80   6.4    NO   18.9   19.3   19.3  1016.7   0.00    0.0    0.000   0.006   25.8    57   16.7   26.2   10.21   1.1632     352     1    100.0   15 
25/09/26   5:30   18.7   18.8   18.6    77   14.6    3.2     NO   0.80   4.8    NO   18.7   19.1   19.1  1016.8   0.00    0.0    0.000   0.004   25.8    57   16.7   26.2   10.21   1.1633     351     1    100.0   15 
25/09/26   5:45   18.6   18.6   18.4    77   14.4    1.6     NO   0.40   4.8    NO   18.6   18.8   18.8  1016.9   0.00    0.0    0.000   0.002   25.8    57   16.6   26.2   10.21   1.1637     351     1    100.0   15 
25/09/26   6:00   18.3   18.4   18.3    77   14.2    0.0     NO   0.00   3.2    NO   18.3   18.6   18.6  1017.0   0.00    0.0    0.000   0.000   25.7    57   16.6   26.1   10.22   1.1641     349     1    100.0   15 
25/09/26   6:15   18.2   18.3   18.2    75   13.7    0.0     NO   0.00   3.2    NO   18.2   18.4   18.4  1017.0   0.00    0.0    0.001   0.000   25.7    57   16.6   26.1   10.22   1.1641     352     1    100.0   15 
25/09/26   6:30   18.3   18.6   18.2    77   14.2    0.0     NO   0.00   3.2    NO   18.3   18.5   18.5  1017.2   0.00    0.0    0.001   0.000   25.8    57   16.7   26.2   10.21   1.1638     350     1    100.0   15 
25/09/26   6:45   18.8   18.9   18.6    77   14.7    0.0     NO   0.00   1.6    NO   18.8   19.2   19.2  1017.2   0.00    0.0    0.000   0.005   26.0    57   16.8   26.4   10.20   1.1629     351     1    100.0   15 
25/09/26   7:00   18.8   18.9   18.7    79   15.1    0.0     NO   0.00   3.2    NO   18.8   19.3   19.3  1017.3   0.00    0.0    0.000   0.005   26.1    56   16.6   26.5   10.09   1.1629     351     1    100.0   15 
25/09/26   7:15   18.7   18.9   18.7    79   15.0    0.0     NO   0.00   3.2    NO   18.7   19.2   19.2  1017.3   0.00    0.0    0.000   0.004   26.2    56   16.7   26.6   10.08   1.1623     350     1    100.0   15 
25/09/26   7:30   19.2   19.5   18.9    77   15.0    1.6     NO   0.40   3.2    NO   19.2   19.6   19.6  1017.5   0.00    0.0    0.000   0.009   26.3    55   16.6   26.7    9.87   1.1623     350     1    100.0   15 
