                 Temp.  Temp.  Temp.  Hum.   Punt   Vel.   Dir.   Rec.  Vel.  Dir.  Sens.   Índ.   Índ.                  Int. Graus D.Graus D.  Temp.  Hum. Rosada  In.Cal.  EMC     Dens.    Mostr   Tx   Recep.  Int.
  Data    Hora    Ext.   Màx.   Mín.  Ext. Rosada   Vent   Vent   Vent  Màx.  Màx.  Tèrm.  Calor   THW    Bar    Pluja   Pluja  Calor    Fred    Int.  Int.   Int.   Int.    Int.  Int.Aire    Vent   Vent   ISS   Arc.
-------------------------------------------------------------------------------------------------------------------------------------------------------------------------------------------------------------------------
21/09/26   0:15   19.7   20.1   19.6    76   15.3    1.6     NO   0.40   6.4    NO   19.7   20.2   20.2  1024.5   0.00    0.0    0.000   0.014   26.4    57   17.2   26.9   10.17   1.1691     350     1    100.0   15 
21/09/26   0:30   19.7   19.9   19.6    75   15.2    0.0     NO   0.00   3.2    NO   19.7   20.2   20.2  1024.4   0.00    0.0    0.000   0.014   26.4    57   17.2   26.9   10.17   1.1692     351     1    100.0   15 
21/09/26   0:45   19.9   20.1   19.8    74   15.2    0.0     NO   0.00   3.2    NO   19.9   20.4   20.4  1024.4   0.00    0.0    0.000   0.017   26.3    57   17.1   26.8   10.17   1.1695     352     1    100.0   15 
21/09/26   1:00   19.9   20.1   19.9    74   15.2    0.0     NO   0.00   3.2    NO   19.9   20.4   20.4  1024.3   0.00    0.0    0.000   0.017   26.3    57   17.1   26.7   10.18   1.1696     351     1    100.0   15 
21/09/26   1:15   19.9   19.9   19.8    73   15.0    1.6     NO   0.40   3.2    NO   19.9   20.4   20.4  1024.0   0.00    0.0    0.000   0.017   26.2    57   17.0   26.7   10.18   1.1697     351     1    100.0   15 
21/09/26   1:30   19.8   19.9   19.7    73   14.8    0.0     NO   0.00   3.2    NO   19.8   20.2   20.2  1024.0   0.00    0.0    0.000   0.015   26.1    57   16.9   26.6   10.19   1.1702     351     1    100.0   15 
21/09/26   1:45   19.8   19.8   19.7    73   14.8    0.0     NO   0.00   3.2    NO   19.8   20.2   20.2  1023.9   0.00    0.0    0.000   0.015   26.1    57   16.9   26.5   10.19   1.1704     352     1    100.0   15 
21/09/26   2:00   19.6   19.7   19.4    74   14.8    1.6     NO   0.40   3.2    NO   19.6   20.0   20.0  1023.8   0.00    0.0    0.000   0.013   26.0    57   16.8   26.4   10.20   1.1706     351     1    100.0   15 
21/09/26   2:15   19.2   19.4   18.9    72   14.0    0.0     NO   0.00   3.2    NO   19.2   19.4   19.4  1023.7   0.00    0.0    0.000   0.009   25.9    57   16.8   26.4   10.20   1.1708     351     1    100.0   15 
21/09/26   2:30   18.9   18.9   18.8    74   14.2    1.6     NO   0.40   3.2    NO   18.9   19.1   19.1  1023.5   0.00    0.0    0.000   0.006   25.9    57   16.7   26.3   10.21   1.1708     351     1    100.0   15 
21/09/26   2:45   18.8   18.9   18.7    73   13.9    1.6     NO   0.40   6.4    NO   18.8   19.1   19.1  1023.5   0.00    0.0    0.000   0.005   25.8    58   16.9   26.3   10.41   1.1707     349     1    100.0   15 
21/09/26   3:00   18.3   18.7   18.2    73   13.4    1.6     NO   0.40   6.4    NO   18.3   18.4   18.4  1023.5   0.00    0.0    0.000   0.000   25.8    58   16.9   26.2   10.41   1.1710     352     1    100.0   15 
21/09/26   3:15   18.3   18.4   18.2    75   13.8    0.0     NO   0.00   1.6    NO   18.3   18.4   18.4  1023.5   0.00    0.0    0.001   0.000   25.7    58   16.8   26.2   10.42   1.1713     350     1    100.0   15 
21/09/26   3:30   18.5   18.6   18.4    76   14.2    0.0     NO   0.00   1.6    NO   18.5   18.7   18.7  1023.5   0.00    0.0    0.000   0.002   25.6    58   16.7   26.1   10.43   1.1719     351     1    100.0   15 
21/09/26   3:45   18.6   18.6   18.6    75   14.0    0.0     NO   0.00   3.2    NO   18.6   18.8   18.8  1023.4   0.00    0.0    0.000   0.002   25.6    58   16.7   25.9   10.43   1.1721     348     1    100.0   15 
21/09/26   4:00   18.7   18.7   18.6    75   14.1    1.6     SE   0.40   3.2    NO   18.7   18.9   18.9  1023.4   0.00    0.0    0.000   0.003   25.5    58   16.6   25.9   10.43   1.1724     352     1    100.0   15 
21/09/26   4:15   18.6   18.7   18.6    75   14.1    1.6     SE   0.40   3.2    SE   18.6   18.8   18.8  1023.3   0.00    0.0    0.000   0.003   25.4    58   16.6   25.8   10.44   1.1726     350     1    100.0   15 
21/09/26   4:30   18.6   18.6   18.6    75   14.0    0.0     SE   0.00   3.2    SE   18.6   18.8   18.8  1023.5   0.00    0.0    0.000   0.002   25.4    58   16.5   25.8   10.44   1.1730     351     1    100.0   15 
21/09/26   4:45   18.6   18.6   18.6    74   13.8    0.0     SE   0.00   3.2    SE   18.6   18.7   18.7  1023.4   0.00    0.0    0.000   0.002   25.3    58   16.5   25.7   10.45   1.1733     351     1    100.0   15 
21/09/26   5:00   18.7   18.8   18.6    72   13.5    1.6    ESE   0.40   4.8   ESE   18.7   18.8   18.8  1023.4   0.00    0.0    0.000   0.003   25.3    58   16.4   25.7   10.45   1.1735     351     1    100.0   15 
21/09/26   5:15   18.9   18.9   18.8    72   13.7    3.2    ENE   0.80   8.0   ENE   18.9   19.1   19.1  1023.5   0.00    0.0    0.000   0.006   25.2    58   16.3   25.5   10.46   1.1742     351     1    100.0   15 
21/09/26   5:30   18.9   18.9   18.9    73   14.0    3.2    ENE   0.80   8.0   ENE   18.9   19.2   19.2  1023.6   0.00    0.0    0.000   0.006   25.1    58   16.3   25.4   10.46   1.1746     351     1    100.0   15 
21/09/26   5:45   18.8   18.9   18.8    73   13.9    3.2    NNE   0.80   8.0     E   18.8   19.1   19.1  1023.5   0.00    0.0    0.000   0.005   25.1    58   16.2   25.4   10.47   1.1748     351     1    100.0   15 
21/09/26   6:00   19.0   19.0   18.9    72   13.8    0.0      E   0.00   1.6     E   19.0   19.2   19.2  1023.6   0.00    0.0    0.000   0.007   25.1    58   16.2   25.4   10.47   1.1749     351     1    100.0   15 
21/09/26   6:15   19.1   19.3   19.0    71   13.7    1.6      E   0.40   4.8     E   19.1   19.3   19.3  1023.7   0.00    0.0    0.000   0.008   25.0    58   16.2   25.3   10.47   1.1753     352     1    100.0   15 
21/09/26   6:30   19.4   19.5   19.3    70   13.8    0.0      E   0.00   3.2     E   19.4   19.6   19.6  1023.8   0.00    0.0    0.000   0.011   25.0    58   16.2   25.3   10.47   1.1755     351     1    100.0   15 
21/09/26   6:45   19.7   19.9   19.5    69   13.9    0.0      E   0.00   3.2     E   19.7   19.9   19.9  1023.7   0.00    0.0    0.000   0.014   25.1    59   16.5   25.4   10.67   1.1747     351     1    100.0   15 
21/09/26   7:00   20.1   20.3   19.9    70   14.4    1.6     SE   0.40   3.2    SE   20.1   20.4   20.4  1023.8   0.00    0.0    0.000   0.018   25.3    59   16.7   25.7   10.65   1.1736     350     1    100.0   15 
21/09/26   7:15   20.4   21.0   20.2    69   14.6    1.6    ESE   0.40   4.8   ESE   20.4   20.6   20.6  1023.8   0.00    0.0    0.000   0.022   25.7    59   17.1   26.2   10.62   1.1713     351     1    100.0   15 
21/09/26   7:30   21.4   21.7   21.0    66   14.8    1.6    ENE   0.40   6.4    NE   21.4   21.4   21.4  1023.9   0.00    0.0    0.000   0.032   26.1    58   17.2   26.6   10.39   1.1697     351     1    100.0   15 
21/09/26   7:45   21.4   21.7   21.3    66   14.8    1.6      E   0.40   4.8   ENE   21.4   21.4   21.4  1023.8   0.00    0.0    0.000   0.032   26.4    57   17.2   26.9   10.17   1.1686     351     1    100.0   15 
21/09/26   8:00   21.2   21.3   21.1    66   14.6    1.6    ESE   0.40   4.8     E   21.2   21.1   21.1  1023.8   0.00    0.0    0.000   0.030   26.6    57   17.3   27.1   10.16   1.1676     351     1    100.0   15 
21/09/26   8:15   22.1   22.7   21.3    62   14.4    1.6    ESE   0.40   3.2   ESE   22.1   22.0   22.0  1023.8   0.00    0.0    0.000   0.039   26.7    56   17.2   27.2   10.05   1.1672     349     1    100.0   15 
21/09/26   8:30   23.3   23.7   22.8    60   15.1    1.6    ESE   0.40   4.8     E   23.3   23.7   23.7  1023.8   0.00    0.0    0.000   0.052   26.9    56   17.4   27.4   10.05   1.1660     350     1    100.0   15 
21/09/26   8:45   24.2   24.7   23.7    58   15.4    1.6      E   0.40  11.3     E   24.2   24.5   24.5  1023.9   0.00    0.0    0.000   0.061   27.1    55   17.3   27.6    9.85   1.1657     350     1    100.0   15 
21/09/26   9:00   24.4   24.6   24.3    58   15.6    3.2      E   0.80  11.3   ENE   24.4   24.7   24.7  1023.8   0.00    0.0    0.000   0.064   27.2    54   17.1   27.7    9.75   1.1654     351     1    100.0   15 
21/09/26   9:15   24.8   25.1   24.6    56   15.5    3.2      E   0.80  11.3   ENE   24.8   25.1   25.1  1023.6   0.00    0.0    0.000   0.068   27.4    54   17.3   27.9    9.75   1.1644     351     1    100.0   15 
21/09/26   9:30   25.7   26.2   25.1    53   15.4    3.2    ESE   0.80   9.7     E   25.7   25.8   25.8  1023.5   0.00    0.0    0.000   0.076   27.5    53   17.1   28.0    9.62   1.1641     352     1    100.0   15 
21/09/26   9:45   26.3   26.7   26.1    53   16.0    3.2      E   0.80   9.7     E   26.3   26.6   26.6  1023.3   0.00    0.0    0.000   0.083   27.6    52   16.9   28.1    9.42   1.1637     351     1    100.0   15 
21/09/26  10:00   27.2   27.6   26.7    48   15.3    3.2    NNO   0.80  14.5    SO   27.2   27.2   27.2  1023.1   0.00    0.0    0.000   0.093   27.7    52   16.9   28.1    9.41   1.1631     351     1    100.0   15 
21/09/26  10:15   28.1   28.5   27.6    45   15.1    1.6    NNO   0.40   6.4    NO   28.1   28.3   28.3  1023.0   0.00    0.0    0.000   0.102   27.7    52   17.0   28.2    9.41   1.1627     351     1    100.0   15 
21/09/26  10:30   28.9   29.1   28.5    46   16.1    3.2    ENE   0.80  11.3   ENE   28.9   29.6   29.6  1022.8   0.00    0.0    0.000   0.110   27.8    51   16.7   28.2    9.31   1.1627     352     1    100.0   15 
21/09/26  10:45   29.4   29.5   29.1    41   14.8    3.2    OSO   0.80  12.9    SO   29.4   29.6   29.6  1022.5   0.00    0.0    0.000   0.115   27.8    51   16.8   28.3    9.31   1.1620     351     1    100.0   15 
21/09/26  11:00   29.7   30.0   29.3    44   16.1    3.2    ENE   0.80   8.0     E   29.7   30.2   30.2  1022.4   0.00    0.0    0.000   0.118   27.9    51   16.9   28.4    9.30   1.1613     350     1    100.0   15 
21/09/26  11:15   30.1   30.1   30.0    43   16.1    1.6      E   0.40   8.0     E   30.1   30.5   30.5  1022.2   0.00    0.0    0.000   0.122   28.1    51   17.0   28.7    9.30   1.1602     351     1    100.0   15 
21/09/26  11:30   30.0   30.1   29.9    43   16.1    3.2    ENE   0.80  12.9     E   30.0   30.4   30.4  1021.9   0.00    0.0    0.000   0.122   28.3    51   17.2   29.0    9.29   1.1591     351     1    100.0   15 
21/09/26  11:45   30.3   30.5   30.0    42   15.9    3.2    ENE   0.80  11.3     E   30.3   30.7   30.7  1021.7   0.00    0.0    0.000   0.124   28.4    51   17.3   29.3    9.29   1.1580     350     1    100.0   15 
21/09/26  12:00   30.7   30.9   30.5    40   15.6    1.6      S   0.40   6.4   ESE   30.7   30.9   30.9  1021.5   0.00    0.0    0.000   0.129   28.6    51   17.4   29.4    9.28   1.1571     351     1    100.0   15 
21/09/26  12:15   31.6   32.1   31.0    30   11.9    3.2    NNO   0.80  12.9    SO   31.6   30.4   30.4  1021.2   0.00    0.0    0.000   0.138   28.7    51   17.5   29.6    9.28   1.1562     351     1    100.0   15 
21/09/26  12:30   32.4   32.6   32.1    29   12.1    3.2    NNO   0.80   9.7    SO   32.4   31.7   31.7  1020.9   0.00    0.0    0.000   0.146   28.8    51   17.7   29.9    9.27   1.1550     351     1    100.0   15 
21/09/26  12:45   32.8   32.9   32.7    28   11.9    4.8     NO   1.21  12.9     O   32.8   32.1   32.1  1020.8   0.00    0.0    0.000   0.151   28.9    50   17.4   29.9    9.07   1.1550     352     1    100.0   15 
21/09/26  13:00   33.2   33.4   32.9    27   11.7    4.8     NO   1.21  11.3   SSO   33.2   32.3   32.3  1020.5   0.00    0.0    0.000   0.155   28.9    50   17.5   29.9    9.07   1.1544     349     1    100.0   15 
21/09/26  13:15   33.4   33.8   33.2    27   11.8    3.2     NO   0.80  19.3   NNO   33.4   32.6   32.6  1020.3   0.00    0.0    0.000   0.157   29.1    49   17.3   30.0    8.86   1.1540     350     1    100.0   15 
21/09/26  13:30   34.1   34.2   33.8    26   11.8    3.2    NNO   0.80   9.7   NNO   34.1   33.2   33.2  1020.0   0.00    0.0    0.000   0.164   29.2    49   17.4   30.1    8.86   1.1532     351     1    100.0   15 
21/09/26  13:45   33.9   34.3   33.5    33   15.4    4.8     SO   1.21  19.3   NNO   33.9   34.2   34.2  1019.8   0.00    0.0    0.000   0.162   29.4    50   17.9   30.4    9.05   1.1511     352     1    100.0   15 
21/09/26  14:00   33.2   33.4   33.1    34   15.2    4.8      S   1.21  11.3     S   33.2   33.3   33.3  1019.7   0.00    0.0    0.000   0.155   29.8    49   17.9   30.8    8.85   1.1497     351     1    100.0   15 
21/09/26  14:15   33.2   33.4   33.1    34   15.2    3.2     SO   0.80  12.9    SO   33.2   33.4   33.4  1019.6   0.00    0.0    0.000   0.155   30.0    48   17.8   31.0    8.73   1.1489     351     1    100.0   15 
21/09/26  14:30   33.0   33.3   32.8    35   15.5    4.8    OSO   1.21  14.5    SO   33.0   33.2   33.2  1019.4   0.00    0.0    0.000   0.153   30.0    46   17.1   30.7    8.43   1.1497     351     1    100.0   15 
21/09/26  14:45   32.6   32.8   32.4    35   15.2    4.8     SO   1.21  11.3   OSO   32.6   32.7   32.7  1019.3   0.00    0.0    0.000   0.149   30.1    45   16.8   30.7    8.23   1.1498     349     1    100.0   15 
21/09/26  15:00   32.1   32.4   31.9    37   15.6    4.8      O   1.21  12.9   SSE   32.1   32.3   32.3  1019.2   0.00    0.0    0.000   0.144   30.1    45   16.9   30.8    8.23   1.1493     352     1    100.0   15 
21/09/26  15:15   31.9   32.0   31.8    36   15.0    6.4    SSO   1.61  14.5    SO   31.9   31.9   31.9  1019.1   0.00    0.0    0.000   0.142   30.1    45   16.8   30.7    8.23   1.1495     350     1    100.0   15 
21/09/26  15:30   31.9   32.1   31.8    36   15.0    4.8     SO   1.21  16.1   OSO   31.9   31.9   31.9  1019.1   0.00    0.0    0.000   0.142   30.1    44   16.5   30.7    8.13   1.1497     351     1    100.0   15 
21/09/26  15:45   32.0   32.1   31.8    36   15.1    4.8     SO   1.21  16.1   OSO   32.0   32.0   32.0  1019.0   0.00    0.0    0.000   0.142   30.1    44   16.5   30.6    8.13   1.1499     351     1    100.0   15 
21/09/26  16:00   31.8   31.9   31.7    36   14.9    4.8     SO   1.21  12.9     S   31.8   31.6   31.6  1018.9   0.00    0.0    0.000   0.140   30.1    44   16.5   30.6    8.13   1.1497     350     1    100.0   15 
21/09/26  16:15   31.5   31.7   31.3    37   15.0    4.8      S   1.21  12.9     S   31.5   31.4   31.4  1018.9   0.00    0.0    0.000   0.137   30.2    43   16.2   30.7    7.95   1.1497     351     1    100.0   15 
21/09/26  16:30   31.3   31.4   31.2    37   14.9    4.8      S   1.21  11.3   SSE   31.3   31.1   31.1  1018.9   0.00    0.0    0.000   0.135   30.2    43   16.3   30.7    7.95   1.1495     351     1    100.0   15 
21/09/26  16:45   30.7   31.2   30.3    41   16.0    4.8    SSO   1.21  12.9     S   30.7   31.1   31.1  1019.0   0.00    0.0    0.000   0.129   30.2    43   16.3   30.7    7.95   1.1496     351     1    100.0   15 
21/09/26  17:00   30.2   30.3   30.1    44   16.6    3.2    SSO   0.80   9.7   SSO   30.2   30.8   30.8  1019.1   0.00    0.0    0.000   0.123   30.2    44   16.6   30.8    8.12   1.1494     351     1    100.0   15 
21/09/26  17:15   29.7   30.1   29.1    48   17.5    3.2    OSO   0.80   9.7    SO   29.7   30.6   30.6  1019.1   0.00    0.0    0.000   0.118   30.1    45   16.9   30.8    8.23   1.1493     351     1    100.0   15 
21/09/26  17:30   28.6   29.0   28.3    51   17.5    3.2      S   0.80   9.7   SSO   28.6   29.5   29.5  1019.3   0.00    0.0    0.000   0.107   30.1    46   17.2   30.8    8.43   1.1492     350     1    100.0   15 
21/09/26  17:45   27.9   28.3   27.6    51   16.9    3.2     SO   0.80   8.0   OSO   27.9   28.4   28.4  1019.3   0.00    0.0    0.000   0.100   29.9    47   17.4   30.8    8.53   1.1493     351     1    100.0   15 
21/09/26  18:00   27.2   27.6   27.0    52   16.5    1.6      S   0.40   6.4     S   27.2   27.5   27.5  1019.4   0.00    0.0    0.000   0.093   29.8    47   17.3   30.6    8.54   1.1504     351     1    100.0   15 
21/09/26  18:15   26.9   27.0   26.8    52   16.2    0.0     SE   0.00   3.2   OSO   26.9   27.1   27.1  1019.5   0.00    0.0    0.000   0.089   29.7    47   17.2   30.4    8.54   1.1510     352     1    100.0   15 
21/09/26  18:30   26.5   26.8   26.2    53   16.1    1.6      S   0.40   4.8   SSE   26.5   26.8   26.8  1019.6   0.00    0.0    0.000   0.085   29.6    47   17.1   30.3    8.55   1.1517     350     1    100.0   15 
21/09/26  18:45   25.7   26.2   25.4    55   16.0    1.6    OSO   0.40   4.8   OSO   25.7   26.0   26.0  1019.7   0.00    0.0    0.000   0.077   29.4    47   17.0   30.2    8.55   1.1524     350     1    100.0   15 
21/09/26  19:00   25.3   25.4   25.2    55   15.6    0.0    OSO   0.00   3.2   OSO   25.3   25.6   25.6  1019.7   0.00    0.0    0.000   0.073   29.3    47   16.9   30.1    8.55   1.1530     350     1    100.0   15 
21/09/26  19:15   25.2   25.2   25.0    55   15.5    1.6     SO   0.40   4.8    SO   25.2   25.4   25.4  1019.7   0.00    0.0    0.000   0.071   29.3    47   16.8   30.0    8.56   1.1532     351     1    100.0   15 
21/09/26  19:30   24.8   25.0   24.7    56   15.5    1.6     SO   0.40   3.2    SO   24.8   25.1   25.1  1019.9   0.00    0.0    0.000   0.068   29.1    47   16.6   29.9    8.56   1.1543     350     1    100.0   15 
21/09/26  19:45   24.5   24.7   24.3    58   15.7    1.6      O   0.40   3.2     O   24.5   24.8   24.8  1019.9   0.00    0.0    0.000   0.064   28.9    47   16.5   29.7    8.57   1.1552     350     1    100.0   15 
21/09/26  20:00   24.2   24.3   23.9    59   15.6    1.6      O   0.40   3.2     O   24.2   24.6   24.6  1019.9   0.00    0.0    0.000   0.061   28.8    48   16.7   29.7    8.77   1.1553     351     1    100.0   15 
21/09/26  20:15   23.9   23.9   23.8    59   15.4    1.6      O   0.40   3.2     O   23.9   24.3   24.3  1020.1   0.00    0.0    0.000   0.058   28.7    48   16.6   29.4    8.78   1.1562     351     1    100.0   15 
21/09/26  20:30   23.7   23.8   23.6    59   15.2    1.6      O   0.40   3.2     O   23.7   24.2   24.2  1020.1   0.00    0.0    0.000   0.056   28.6    48   16.5   29.2    8.78   1.1568     351     1    100.0   15 
21/09/26  20:45   23.6   23.6   23.5    60   15.3    0.0      O   0.00   1.6     O   23.6   24.0   24.0  1020.1   0.00    0.0    0.000   0.054   28.6    48   16.5   29.3    8.78   1.1565     350     1    100.0   15 
21/09/26  21:00   23.4   23.5   23.4    60   15.2    1.6      O   0.40   4.8     O   23.4   23.8   23.8  1020.1   0.00    0.0    0.000   0.053   28.6    47   16.2   29.2    8.58   1.1570     349     1    100.0   15 
21/09/26  21:15   23.3   23.4   23.3    60   15.1    1.6      O   0.40   3.2     O   23.3   23.7   23.7  1020.1   0.00    0.0    0.000   0.052   28.6    47   16.1   29.1    8.58   1.1573     351     1    100.0   15 
21/09/26  21:30   23.2   23.3   23.2    60   15.0    0.0      O   0.00   3.2     O   23.2   23.6   23.6  1019.9   0.00    0.0    0.000   0.051   28.5    47   16.1   29.1    8.58   1.1574     352     1    100.0   15 
21/09/26  21:45   23.1   23.2   22.9    61   15.1    1.6      O   0.40   3.2     O   23.1   23.4   23.4  1019.8   0.00    0.0    0.000   0.049   28.4    48   16.3   28.9    8.79   1.1574     351     1    100.0   15 
21/09/26  22:00   22.8   22.9   22.7    62   15.2    1.6      O   0.40   3.2     O   22.8   23.2   23.2  1019.8   0.00    0.0    0.000   0.047   28.3    48   16.3   28.8    8.79   1.1576     350     1    100.0   15 
21/09/26  22:15   22.7   22.7   22.7    62   15.0    1.6      O   0.40   3.2     O   22.7   22.9   22.9  1019.7   0.00    0.0    0.000   0.045   28.3    48   16.2   28.8    8.79   1.1579     351     1    100.0   15 
21/09/26  22:30   22.8   22.8   22.7    61   14.9    1.6      O   0.40   3.2     O   22.8   23.1   23.1  1019.7   0.00    0.0    0.000   0.046   28.2    48   16.1   28.6    8.80   1.1584     352     1    100.0   15 
21/09/26  22:45   22.7   22.8   22.7    61   14.8    0.0      O   0.00   1.6     O   22.7   22.9   22.9  1019.7   0.00    0.0    0.000   0.046   28.1    48   16.1   28.5    8.80   1.1587     350     1    100.0   15 
21/09/26  23:00   22.8   22.8   22.7    61   14.9    1.6      O   0.40   3.2     O   22.8   23.1   23.1  1019.6   0.00    0.0    0.000   0.046   28.1    49   16.4   28.6    8.90   1.1581     350     1    100.0   15 
21/09/26  23:15   22.7   22.7   22.7    61   14.8    1.6      O   0.40   3.2     O   22.7   22.9   22.9  1019.5   0.00    0.0    0.000   0.046   28.1    49   16.3   28.5    8.90   1.1583     350     1    100.0   15 
21/09/26  23:30   22.6   22.7   22.4    62   15.0    0.0      O   0.00   3.2     O   22.6   22.8   22.8  1019.5   0.00    0.0    0.000   0.045   28.0    49   16.3   28.4    8.90   1.1585     351     1    100.0   15 
21/09/26  23:45   22.3   22.4   22.2    63   14.9    1.6      O   0.40   4.8     O   22.3   22.4   22.4  1019.4   0.00    0.0    0.000   0.042   28.0    50   16.6   28.4    9.10   1.1580     351     1    100.0   15 
22/09/26  00:00   22.0   22.2   21.8    65   15.1    3.2     NO   0.80   4.8     O   22.0   22.1   22.1  1019.3   0.00    0.0    0.000   0.038   27.9    50   16.6   28.4    9.10   1.1582     351     1    100.0   15 
22/09/26   0:15   21.9   21.9   21.8    65   15.0    1.6     NO   0.40   3.2    NO   21.9   21.9   21.9  1019.3   0.00    0.0    0.000   0.037   27.9    50   16.5   28.3    9.11   1.1584     349     1    100.0   15 
22/09/26   0:30   21.7   21.9   21.4    68   15.6    1.6      E   0.40   4.8     E   21.7   21.8   21.8  1019.3   0.00    0.0    0.000   0.035   27.8    51   16.8   28.3    9.31   1.1583     351     1    100.0   15 
22/09/26   0:45   21.0   21.3   20.7    72   15.8    3.2      E   0.80   4.8     E   21.0   21.2   21.2  1019.2   0.00    0.0    0.000   0.028   27.8    51   16.7   28.2    9.31   1.1585     351     1    100.0   15 
22/09/26   1:00   20.8   20.8   20.7    71   15.3    1.6      E   0.40   4.8     E   20.8   21.0   21.0  1019.0   0.00    0.0    0.000   0.025   27.7    51   16.7   28.1    9.31   1.1585     351     1    100.0   15 
22/09/26   1:15   20.7   20.8   20.3    73   15.7    1.6      E   0.40   4.8     E   20.7   21.1   21.1  1018.8   0.00    0.0    0.000   0.024   27.7    51   16.6   28.1    9.31   1.1586     351     1    100.0   15 
22/09/26   1:30   20.0   20.3   19.7    76   15.6    1.6      E   0.40   4.8     E   20.0   20.6   20.6  1018.7   0.00    0.0    0.000   0.017   27.6    52   16.9   28.1    9.42   1.1584     351     1    100.0   15 
22/09/26   1:45   19.7   19.7   19.6    75   15.1    3.2      E   0.80   9.7     E   19.7   20.1   20.1  1018.8   0.00    0.0    0.000   0.014   27.5    52   16.8   27.9    9.42   1.1590     351     1    100.0   15 
22/09/26   2:00   19.7   19.7   19.6    75   15.1    1.6     NO   0.40   6.4   ENE   19.7   20.1   20.1  1018.5   0.00    0.0    0.000   0.014   27.4    52   16.7   27.8    9.42   1.1590     352     1    100.0   15 
22/09/26   2:15   19.9   20.1   19.7    72   14.7    1.6    ENE   0.40   6.4   ENE   19.9   20.3   20.3  1018.4   0.00    0.0    0.000   0.016   27.4    52   16.7   27.7    9.42   1.1592     351     1    100.0   15 
22/09/26   2:30   20.1   20.2   20.0    73   15.1    1.6     NO   0.40   6.4   ENE   20.1   20.6   20.6  1018.4   0.00    0.0    0.000   0.019   27.3    52   16.6   27.6    9.43   1.1597     351     1    100.0   15 
22/09/26   2:45   19.4   20.0   18.9    76   15.1    3.2     NO   0.80   4.8    NO   19.4   19.9   19.9  1018.3   0.00    0.0    0.000   0.012   27.2    53   16.8   27.6    9.63   1.1594     351     1    100.0   15 
22/09/26   3:00   18.6   18.8   18.4    78   14.7    1.6     NO   0.40   4.8    NO   18.6   18.9   18.9  1018.1   0.00    0.0    0.000   0.003   27.2    53   16.8   27.5    9.63   1.1595     349     1    100.0   15 
22/09/26   3:15   18.4   18.4   18.3    78   14.5    0.0     NO   0.00   1.6    NO   18.4   18.7   18.7  1018.1   0.00    0.0    0.000   0.001   27.1    53   16.7   27.4    9.64   1.1600     352     1    100.0   15 
22/09/26   3:30   18.3   18.4   18.3    77   14.2    0.0     NO   0.00   1.6    NO   18.3   18.6   18.6  1017.8   0.00    0.0    0.000   0.000   27.0    53   16.6   27.3    9.64   1.1600     351     1    100.0   15 
22/09/26   3:45   18.4   18.5   18.3    76   14.1    1.6     NO   0.40   3.2    NO   18.4   18.6   18.6  1017.9   0.00    0.0    0.000   0.001   26.9    53   16.6   27.2    9.64   1.1604     351     1    100.0   15 
22/09/26   4:00   18.6   18.7   18.4    75   14.1    3.2     NO   0.80   6.4    NO   18.6   18.8   18.8  1018.0   0.00    0.0    0.000   0.003   26.8    53   16.4   27.1    9.64   1.1611     351     1    100.0   15 
22/09/26   4:15   18.2   18.4   18.1    75   13.7    1.6     NO   0.40   3.2    NO   18.2   18.4   18.4  1017.9   0.00    0.0    0.001   0.000   26.8    53   16.4   27.1    9.65   1.1613     352     1    100.0   15 
22/09/26   4:30   17.9   18.2   17.9    76   13.7    3.2     NO   0.80   6.4    NO   17.9   18.1   18.1  1017.9   0.00    0.0    0.004   0.000   26.7    54   16.6   27.0    9.75   1.1615     351     1    100.0   15 
22/09/26   4:45   18.3   18.3   18.2    75   13.8    1.6     NO   0.40   6.4    NO   18.3   18.4   18.4  1018.0   0.00    0.0    0.001   0.000   26.6    54   16.5   26.9    9.75   1.1618     351     1    100.0   15 
22/09/26   5:00   18.1   18.2   18.0    75   13.6    1.6    SSE   0.40   3.2   SSE   18.1   18.2   18.2  1018.1   0.00    0.0    0.002   0.000   26.6    54   16.5   26.9    9.75   1.1622     350     1    100.0   15 
22/09/26   5:15   17.6   17.9   17.2    76   13.3    1.6    SSE   0.40   3.2   SSE   17.6   17.7   17.7  1018.2   0.00    0.0    0.008   0.000   26.4    54   16.4   26.8    9.76   1.1629     352     1    100.0   15 
22/09/26   5:30   17.2   17.4   17.1    77   13.2    1.6    ONO   0.40   4.8   ONO   17.2   17.3   17.3  1018.3   0.00    0.0    0.012   0.000   26.4    54   16.3   26.7    9.76   1.1633     349     1    100.0   15 
22/09/26   5:45   17.6   17.7   17.4    75   13.1    3.2     NO   0.80   6.4    NO   17.6   17.6   17.6  1018.3   0.00    0.0    0.008   0.000   26.3    54   16.3   26.6    9.76   1.1636     350     1    100.0   15 
22/09/26   6:00   17.9   18.2   17.7    75   13.4    1.6     NO   0.40   3.2    NO   17.9   18.1   18.1  1018.3   0.00    0.0    0.004   0.000   26.2    54   16.2   26.5    9.77   1.1642     350     1    100.0   15 
22/09/26   6:15   18.4   18.5   18.2    74   13.7    3.2     NO   0.80   4.8    NO   18.4   18.6   18.6  1018.5   0.00    0.0    0.000   0.001   26.2    54   16.1   26.4    9.77   1.1647     350     1    100.0   15 
22/09/26   6:30   18.6   19.0   18.3    74   13.8    0.0     NO   0.00   1.6    NO   18.6   18.7   18.7  1018.6   0.00    0.0    0.000   0.002   26.2    54   16.2   26.5    9.77   1.1645     352     1    100.0   15 
22/09/26   6:45   19.4   19.9   19.0    70   13.8    0.0     NO   0.00   3.2    NO   19.4   19.7   19.7  1018.6   0.00    0.0    0.000   0.012   26.3    54   16.2   26.6    9.76   1.1643     351     1    100.0   15 
22/09/26   7:00   20.3   20.4   19.9    69   14.4    1.6      S   0.40   4.8     S   20.3   20.5   20.5  1018.7   0.00    0.0    0.000   0.020   26.4    52   15.8   26.6    9.46   1.1644     351     1    100.0   15 
22/09/26   7:15   20.6   20.8   20.4    68   14.5    0.0      S   0.00   3.2     S   20.6   20.7   20.7  1019.0   0.00    0.0    0.000   0.024   26.3    52   15.6   26.5    9.46   1.1655     351     1    100.0   15 
22/09/26   7:30   20.5   20.7   20.4    70   14.8    0.0      S   0.00   1.6     S   20.5   20.7   20.7  1019.2   0.00    0.0    0.000   0.023   26.2    51   15.2   26.3    9.35   1.1667     351     1    100.0   15 
22/09/26   7:45   20.7   21.2   20.5    69   14.8    0.0      S   0.00   4.8     S   20.7   20.8   20.8  1019.2   0.00    0.0    0.000   0.025   26.2    52   15.5   26.4    9.47   1.1664     350     1    100.0   15 
