                 Temp.  Temp.  Temp.  Hum.   Punt   Vel.   Dir.   Rec.  Vel.  Dir.  Sens.   Índ.   Índ.                  Int. Graus D.Graus D.  Temp.  Hum. Rosada  In.Cal.  EMC     Dens.    Mostr   Tx   Recep.  Int.
  Data    Hora    Ext.   Màx.   Mín.  Ext. Rosada   Vent   Vent   Vent  Màx.  Màx.  Tèrm.  Calor   THW    Bar    Pluja   Pluja  Calor    Fred    Int.  Int.   Int.   Int.    Int.  Int.Aire    Vent   Vent   ISS   Arc.
-------------------------------------------------------------------------------------------------------------------------------------------------------------------------------------------------------------------------
26/09/26   0:15   20.7   20.8   20.7    78   16.7    0.0    NNO   0.00   1.6   NNO   20.7   21.4   21.4  1019.2   0.00    0.0    0.000   0.025   26.9    54   16.8   27.3    9.75   1.1618     350     1    100.0   15 
26/09/26   0:30   20.5   20.7   20.3    78   16.5    0.0    ---   0.00   0.0   ---   20.5   21.2   21.2  1019.2   0.00    0.0    0.000   0.023   26.9    54   16.8   27.3    9.75   1.1618     351     1    100.0   15 
26/09/26   0:45   20.3   20.3   20.2    79   16.5    0.0    ---   0.00   0.0   ---   20.3   21.0   21.0  1019.1   0.00    0.0    0.000   0.020   26.8    54   16.7   27.2    9.75   1.1620     351     1    100.0   15 
26/09/26   1:00   20.0   20.2   19.7    79   16.2    0.0    ---   0.00   0.0   ---   20.0   20.7   20.7  1019.1   0.00    0.0    0.000   0.017   26.8    54   16.7   27.2    9.75   1.1620     351     1    100.0   15 
26/09/26   1:15   19.6   19.7   19.4    81   16.2    0.0    NNE   0.00   3.2   NNE   19.6   20.2   20.2  1019.1   0.00    0.0    0.000   0.013   26.8    54   16.7   27.1    9.75   1.1622     351     1    100.0   15 
26/09/26   1:30   19.3   19.4   19.3    82   16.1    0.0    ---   0.00   0.0   ---   19.3   19.9   19.9  1019.1   0.00    0.0    0.000   0.010   26.7    54   16.6   27.1    9.75   1.1626     351     1    100.0   15 
26/09/26   1:45   19.2   19.3   19.2    82   16.1    0.0    ---   0.00   0.0   ---   19.2   19.8   19.8  1019.2   0.00    0.0    0.000   0.009   26.7    54   16.6   27.1    9.75   1.1626     350     1    100.0   15 
26/09/26   2:00   19.1   19.1   19.1    83   16.1    0.0    ---   0.00   0.0   ---   19.1   19.6   19.6  1019.2   0.00    0.0    0.000   0.008   26.7    55   16.9   27.1    9.85   1.1626     350     1    100.0   15 
26/09/26   2:15   19.0   19.1   18.8    83   16.0    0.0    ---   0.00   0.0   ---   19.0   19.6   19.6  1019.3   0.00    0.0    0.000   0.007   26.6    55   16.8   27.0    9.85   1.1629     352     1    100.0   15 
26/09/26   2:30   18.5   18.8   18.3    86   16.1    0.0    ---   0.00   0.0   ---   18.5   19.0   19.0  1019.3   0.00    0.0    0.000   0.002   26.6    55   16.8   26.9    9.86   1.1633     351     1    100.0   15 
26/09/26   2:45   18.1   18.3   17.8    87   15.9    0.0    ---   0.00   0.0   ---   18.1   18.5   18.5  1019.4   0.00    0.0    0.003   0.000   26.6    55   16.8   26.9    9.86   1.1633     351     1    100.0   15 
26/09/26   3:00   17.9   17.9   17.8    89   16.0    0.0    ---   0.00   0.0   ---   17.9   18.3   18.3  1019.3   0.00    0.0    0.005   0.000   26.5    55   16.7   26.9    9.86   1.1635     348     1    100.0   15 
26/09/26   3:15   17.9   18.0   17.9    89   16.1    0.0    ---   0.00   0.0   ---   17.9   18.4   18.4  1019.4   0.00    0.0    0.004   0.000   26.4    55   16.7   26.8    9.87   1.1639     351     1    100.0   15 
26/09/26   3:30   18.0   18.1   17.9    89   16.2    0.0    ---   0.00   0.0   ---   18.0   18.4   18.4  1019.4   0.00    0.0    0.003   0.000   26.4    55   16.6   26.7    9.87   1.1643     350     1    100.0   15 
26/09/26   3:45   18.2   18.3   18.0    90   16.5    0.0    ---   0.00   0.0   ---   18.2   18.7   18.7  1019.5   0.00    0.0    0.002   0.000   26.3    55   16.6   26.7    9.87   1.1646     351     1    100.0   15 
26/09/26   4:00   18.4   18.4   18.3    90   16.7    0.0    ---   0.00   0.0   ---   18.4   18.9   18.9  1019.6   0.00    0.0    0.000   0.001   26.3    55   16.5   26.6    9.88   1.1650     351     1    100.0   15 
26/09/26   4:15   18.6   18.7   18.4    91   17.1    0.0    ---   0.00   0.0   ---   18.6   19.3   19.3  1019.6   0.00    0.0    0.000   0.003   26.2    55   16.5   26.6    9.88   1.1653     351     1    100.0   15 
26/09/26   4:30   18.6   18.7   18.3    90   16.9    0.0    ---   0.00   0.0   ---   18.6   19.2   19.2  1019.5   0.00    0.0    0.000   0.002   26.2    55   16.5   26.6    9.88   1.1652     351     2    100.0   15 
26/09/26   4:45   18.1   18.2   18.0    90   16.4    0.0    ---   0.00   0.0   ---   18.1   18.6   18.6  1019.6   0.00    0.0    0.002   0.000   26.2    56   16.7   26.6   10.09   1.1653     351     1    100.0   15 
26/09/26   5:00   18.0   18.0   17.9    90   16.3    0.0    ---   0.00   0.0   ---   18.0   18.5   18.5  1019.7   0.00    0.0    0.003   0.000   26.1    56   16.6   26.5   10.09   1.1657     350     1    100.0   15 
26/09/26   5:15   18.1   18.1   18.0    90   16.4    0.0    ---   0.00   0.0   ---   18.1   18.6   18.6  1019.8   0.00    0.0    0.003   0.000   26.1    56   16.6   26.4   10.09   1.1660     351     1    100.0   15 
26/09/26   5:30   18.0   18.1   17.9    91   16.5    0.0    ---   0.00   0.0   ---   18.0   18.5   18.5  1019.9   0.00    0.0    0.003   0.000   26.0    56   16.5   26.4   10.10   1.1664     352     1    100.0   15 
26/09/26   5:45   17.8   18.0   17.7    90   16.2    0.0    ---   0.00   0.0   ---   17.8   18.3   18.3  1020.0   0.00    0.0    0.005   0.000   25.9    56   16.5   26.3   10.10   1.1668     351     1    100.0   15 
26/09/26   6:00   17.7   17.7   17.6    91   16.2    0.0    ---   0.00   0.0   ---   17.7   18.1   18.1  1020.2   0.00    0.0    0.007   0.000   25.9    56   16.4   26.3   10.11   1.1673     351     1    100.0   15 
26/09/26   6:15   17.6   17.6   17.6    91   16.1    0.0    ---   0.00   0.0   ---   17.6   18.0   18.0  1020.4   0.00    0.0    0.008   0.000   25.9    56   16.4   26.3   10.11   1.1676     351     1    100.0   15 
26/09/26   6:30   17.8   18.1   17.6    91   16.3    0.0    NNO   0.00   1.6   NNO   17.8   18.3   18.3  1020.5   0.00    0.0    0.005   0.000   25.9    56   16.4   26.3   10.11   1.1677     351     1    100.0   15 
26/09/26   6:45   18.5   18.9   18.1    90   16.8    0.0    NNO   0.00   3.2   NNO   18.5   19.1   19.1  1020.5   0.00    0.0    0.000   0.002   26.0    57   16.8   26.4   10.20   1.1667     351     1    100.0   15 
26/09/26   7:00   19.4   19.8   18.9    85   16.8    0.0      E   0.00   3.2   NNO   19.4   20.1   20.1  1020.5   0.00    0.0    0.000   0.011   26.2    57   17.0   26.6   10.19   1.1659     348     1    100.0   15 
26/09/26   7:15   20.1   20.3   19.8    82   16.9    1.6      E   0.40   3.2     E   20.1   20.8   20.8  1020.6   0.00    0.0    0.000   0.018   26.3    56   16.9   26.7   10.07   1.1655     351     1    100.0   15 
26/09/26   7:30   20.3   20.4   20.3    80   16.8    1.6      E   0.40   8.0     E   20.3   21.1   21.1  1020.6   0.00    0.0    0.000   0.021   26.5    56   17.0   26.9   10.06   1.1647     349     1    100.0   15 
26/09/26   7:45   20.4   20.7   20.3    80   16.9    1.6      E   0.40   8.0     E   20.4   21.3   21.3  1020.8   0.00    0.0    0.000   0.022   26.7    56   17.2   27.1   10.05   1.1640     351     1    100.0   15 
26/09/26   8:00   20.9   21.1   20.7    77   16.7    1.6      E   0.40   4.8     E   20.9   21.4   21.4  1021.0   0.00    0.0    0.000   0.027   26.8    56   17.3   27.3   10.05   1.1637     351     1    100.0   15 
26/09/26   8:15   21.5   21.9   21.1    75   16.9    1.6    ESE   0.40   4.8   ESE   21.5   21.9   21.9  1021.1   0.00    0.0    0.000   0.033   26.8    55   17.0   27.3    9.85   1.1639     351     1    100.0   15 
26/09/26   8:30   22.2   22.4   21.9    71   16.7    1.6    ESE   0.40   4.8   ESE   22.2   22.7   22.7  1021.2   0.00    0.0    0.000   0.041   26.9    55   17.1   27.3    9.85   1.1637     351     1    100.0   15 
26/09/26   8:45   22.3   22.6   22.2    71   16.8    1.6     NO   0.40   4.8   NNO   22.3   22.7   22.7  1021.3   0.00    0.0    0.000   0.041   26.9    55   17.1   27.4    9.85   1.1635     352     1    100.0   15 
26/09/26   9:00   23.1   23.5   22.6    67   16.6    3.2      E   0.80   9.7     E   23.1   23.8   23.8  1021.2   0.00    0.0    0.000   0.050   27.1    55   17.2   27.5    9.85   1.1628     351     1    100.0   15 
26/09/26   9:15   23.5   23.7   23.4    65   16.5    4.8    ENE   1.21  12.9   ENE   23.5   24.2   24.2  1021.2   0.00    0.0    0.000   0.054   27.2    54   17.1   27.6    9.75   1.1627     349     1    100.0   15 
26/09/26   9:30   23.8   24.2   23.7    65   16.9    3.2      E   0.80  12.9   ENE   23.8   24.6   24.6  1021.2   0.00    0.0    0.000   0.057   27.3    54   17.2   27.7    9.75   1.1621     350     1    100.0   15 
26/09/26   9:45   24.3   24.4   24.2    62   16.6    4.8      E   1.21  17.7     E   24.3   24.8   24.8  1021.1   0.00    0.0    0.000   0.063   27.4    54   17.3   28.0    9.75   1.1612     352     1    100.0   15 
26/09/26  10:00   24.7   24.7   24.4    62   16.9    3.2    ENE   0.80  12.9   ESE   24.7   25.2   25.2  1021.1   0.00    0.0    0.000   0.066   27.6    54   17.4   28.1    9.75   1.1606     351     1    100.0   15 
26/09/26  10:15   24.9   25.3   24.7    60   16.6    4.8    ENE   1.21  14.5   ENE   24.9   25.4   25.4  1020.9   0.00    0.0    0.000   0.069   27.7    54   17.5   28.3    9.75   1.1598     350     1    100.0   15 
26/09/26  10:30   25.5   25.6   25.3    61   17.4    4.8    ENE   1.21  17.7     E   25.5   26.1   26.1  1020.9   0.00    0.0    0.000   0.075   27.8    54   17.6   28.4    9.75   1.1591     351     1    100.0   15 
26/09/26  10:45   25.8   26.1   25.5    60   17.4    3.2    ENE   0.80  16.1   ENE   25.8   26.3   26.3  1020.8   0.00    0.0    0.000   0.078   27.9    53   17.5   28.6    9.60   1.1586     351     1    100.0   15 
26/09/26  11:00   26.1   26.2   26.1    60   17.7    3.2    ENE   0.80  12.9   ENE   26.1   26.7   26.7  1020.7   0.00    0.0    0.000   0.081   28.0    53   17.5   28.7    9.60   1.1582     351     1    100.0   15 
26/09/26  11:15   26.4   26.7   26.1    60   18.1    4.8    ENE   1.21  14.5   ENE   26.4   27.1   27.1  1020.6   0.00    0.0    0.000   0.084   28.1    53   17.6   28.9    9.60   1.1575     350     1    100.0   15 
26/09/26  11:30   26.7   26.8   26.6    60   18.3    4.8    ENE   1.21  14.5   ENE   26.7   27.4   27.4  1020.6   0.00    0.0    0.000   0.087   28.2    53   17.7   29.1    9.59   1.1569     351     1    100.0   15 
26/09/26  11:45   26.8   27.1   26.6    61   18.6    4.8    ENE   1.21  16.1   ENE   26.8   27.6   27.6  1020.4   0.00    0.0    0.000   0.088   28.3    53   17.8   29.2    9.59   1.1564     351     1    100.0   15 
26/09/26  12:00   27.2   27.3   27.1    60   18.8    4.8      E   1.21  20.9   ENE   27.2   28.2   28.2  1020.2   0.00    0.0    0.000   0.093   28.3    53   17.8   29.2    9.59   1.1559     351     1    100.0   15 
26/09/26  12:15   27.7   27.9   27.3    58   18.7    4.8      E   1.21  16.1     E   27.7   28.7   28.7  1020.1   0.00    0.0    0.000   0.097   28.4    53   17.9   29.4    9.59   1.1552     351     1    100.0   15 
26/09/26  12:30   27.8   28.1   27.6    59   19.1    6.4      E   1.61  16.1     E   27.8   29.0   29.0  1020.0   0.00    0.0    0.000   0.099   28.6    53   18.1   29.7    9.58   1.1542     351     1    100.0   15 
26/09/26  12:45   27.6   27.7   27.5    59   18.9    6.4    ENE   1.61  20.9   ENE   27.6   28.7   28.7  1019.9   0.00    0.0    0.000   0.097   28.7    53   18.2   29.9    9.58   1.1535     350     1    100.0   15 
26/09/26  13:00   27.4   27.7   27.2    60   18.9    6.4    ENE   1.61  16.1   ESE   27.4   28.4   28.4  1019.7   0.00    0.0    0.000   0.094   28.8    53   18.2   29.9    9.57   1.1531     351     1    100.0   15 
26/09/26  13:15   27.2   27.3   27.1    60   18.7    6.4    ENE   1.61  24.1   ENE   27.2   28.1   28.1  1019.5   0.00    0.0    0.000   0.092   28.8    53   18.3   30.1    9.57   1.1525     351     1    100.0   15 
26/09/26  13:30   27.3   27.4   27.1    60   18.8    4.8    ENE   1.21  17.7     E   27.3   28.2   28.2  1019.4   0.00    0.0    0.000   0.093   28.8    53   18.3   30.1    9.57   1.1524     350     1    100.0   15 
26/09/26  13:45   27.1   27.2   26.8    60   18.6    6.4    ESE   1.61  16.1     E   27.1   27.9   27.9  1019.3   0.00    0.0    0.000   0.091   28.9    53   18.3   30.2    9.57   1.1520     351     1    100.0   15 
26/09/26  14:00   26.4   26.8   26.2    62   18.6    8.0    ENE   2.01  20.9     E   26.4   27.3   27.3  1019.2   0.00    0.0    0.000   0.084   28.8    53   18.3   30.1    9.57   1.1522     351     1    100.0   15 
26/09/26  14:15   26.4   26.9   26.1    60   18.0    3.2    ESE   0.80  12.9   ENE   26.4   27.1   27.1  1019.2   0.00    0.0    0.000   0.084   28.8    53   18.2   29.9    9.57   1.1524     352     1    100.0   15 
26/09/26  14:30   26.9   27.0   26.8    60   18.5    3.2      S   0.80   9.7     S   26.9   27.8   27.8  1019.1   0.00    0.0    0.000   0.090   28.8    53   18.2   29.9    9.57   1.1523     351     1    100.0   15 
26/09/26  14:45   26.7   26.8   26.6    61   18.5    3.2    ESE   0.80  11.3     E   26.7   27.4   27.4  1019.0   0.00    0.0    0.000   0.087   28.7    53   18.2   29.9    9.58   1.1525     350     1    100.0   15 
26/09/26  15:00   26.9   27.4   26.6    59   18.3    3.2      S   0.80   8.0     E   26.9   27.7   27.7  1019.1   0.00    0.0    0.000   0.090   28.7    53   18.2   29.9    9.58   1.1526     351     1    100.0   15 
26/09/26  15:15   27.6   27.8   27.4    58   18.6    3.2     SO   0.80  11.3   SSO   27.6   28.6   28.6  1019.2   0.00    0.0    0.000   0.097   28.7    53   18.2   29.9    9.58   1.1527     351     1    100.0   15 
26/09/26  15:30   27.8   27.9   27.7    59   19.1    3.2     SO   0.80  14.5    SO   27.8   29.0   29.0  1019.1   0.00    0.0    0.000   0.099   28.8    53   18.2   29.9    9.57   1.1523     351     1    100.0   15 
26/09/26  15:45   27.7   27.7   27.6    59   18.9    3.2     SO   0.80  11.3   SSE   27.7   28.7   28.7  1019.1   0.00    0.0    0.000   0.097   28.8    54   18.5   30.1    9.75   1.1518     351     1    100.0   15 
26/09/26  16:00   27.5   27.6   27.4    59   18.8    3.2    OSO   0.80   9.7   OSO   27.5   28.5   28.5  1019.1   0.00    0.0    0.000   0.095   28.8    54   18.5   30.1    9.75   1.1518     351     1    100.0   15 
26/09/26  16:15   27.1   27.3   26.7    61   18.9    3.2    SSO   0.80  11.3   OSO   27.1   28.0   28.0  1019.2   0.00    0.0    0.000   0.091   28.7    54   18.5   29.9    9.75   1.1522     352     1    100.0   15 
26/09/26  16:30   26.3   26.7   25.9    63   18.7    3.2    OSO   0.80  11.3   OSO   26.3   27.2   27.2  1019.1   0.00    0.0    0.000   0.083   28.7    54   18.4   29.9    9.75   1.1524     351     1    100.0   15 
26/09/26  16:45   25.7   25.9   25.5    66   18.9    3.2     SO   0.80   9.7   OSO   25.7   26.6   26.6  1019.1   0.00    0.0    0.000   0.077   28.6    54   18.4   29.8    9.75   1.1527     351     1    100.0   15 
26/09/26  17:00   25.3   25.5   25.1    67   18.7    3.2      S   0.80   9.7   SSO   25.3   26.2   26.2  1019.2   0.00    0.0    0.000   0.072   28.5    54   18.3   29.6    9.75   1.1535     349     1    100.0   15 
26/09/26  17:15   25.0   25.1   24.8    68   18.7    1.6    SSO   0.40   8.0   SSO   25.0   25.9   25.9  1019.2   0.00    0.0    0.000   0.069   28.4    55   18.5   29.6    9.85   1.1533     351     1    100.0   15 
26/09/26  17:30   24.4   24.8   24.1    71   18.8    1.6     SO   0.40   9.7   OSO   24.4   25.4   25.4  1019.3   0.00    0.0    0.000   0.063   28.4    55   18.5   29.5    9.85   1.1537     351     1    100.0   15 
26/09/26  17:45   23.8   24.1   23.5    72   18.4    0.0     SO   0.00   6.4   OSO   23.8   24.8   24.8  1019.4   0.00    0.0    0.000   0.057   28.4    55   18.5   29.5    9.85   1.1538     350     1    100.0   15 
26/09/26  18:00   23.2   23.5   22.9    74   18.3    0.0     SO   0.00   4.8    SO   23.2   24.2   24.2  1019.4   0.00    0.0    0.000   0.051   28.4    55   18.5   29.5    9.85   1.1538     350     1    100.0   15 
26/09/26  18:15   22.8   22.9   22.7    76   18.3    0.0     SO   0.00   3.2    SO   22.8   23.7   23.7  1019.5   0.00    0.0    0.000   0.046   28.3    55   18.4   29.4    9.85   1.1542     350     1    100.0   15 
26/09/26  18:30   22.6   22.7   22.6    76   18.2    0.0    ---   0.00   0.0   ---   22.6   23.4   23.4  1019.6   0.00    0.0    0.000   0.045   28.3    56   18.7   29.4   10.05   1.1542     351     1    100.0   15 
26/09/26  18:45   22.5   22.6   22.4    77   18.3    0.0      O   0.00   1.6     O   22.5   23.3   23.3  1019.7   0.00    0.0    0.000   0.043   28.1    56   18.5   29.2   10.05   1.1551     351     1    100.0   15 
26/09/26  19:00   22.3   22.4   22.1    78   18.3    0.0      O   0.00   1.6     O   22.3   23.0   23.0  1019.7   0.00    0.0    0.000   0.041   27.9    57   18.6   29.0   10.20   1.1557     349     1    100.0   15 
26/09/26  19:15   22.0   22.1   21.9    80   18.4    0.0      O   0.00   1.6     O   22.0   22.8   22.8  1019.7   0.00    0.0    0.000   0.038   27.8    57   18.5   28.8   10.19   1.1562     350     1    100.0   15 
26/09/26  19:30   21.8   21.9   21.7    80   18.2    0.0    ---   0.00   0.0   ---   21.8   22.5   22.5  1019.9   0.00    0.0    0.000   0.036   27.7    57   18.4   28.6   10.19   1.1573     352     1    100.0   15 
26/09/26  19:45   21.6   21.7   21.4    81   18.2    0.0    ---   0.00   0.0   ---   21.6   22.3   22.3  1020.0   0.00    0.0    0.000   0.034   27.6    58   18.5   28.5   10.35   1.1576     351     1    100.0   15 
26/09/26  20:00   21.3   21.4   21.2    82   18.1    0.0      O   0.00   1.6     O   21.3   22.0   22.0  1020.1   0.00    0.0    0.000   0.031   27.4    58   18.4   28.2   10.35   1.1585     351     1    100.0   15 
26/09/26  20:15   21.1   21.2   20.9    83   18.1    0.0      O   0.00   1.6     O   21.1   21.8   21.8  1020.2   0.00    0.0    0.000   0.028   27.3    59   18.6   28.2   10.55   1.1589     349     1    100.0   15 
26/09/26  20:30   20.9   20.9   20.7    83   17.9    0.0      O   0.00   1.6     O   20.9   21.7   21.7  1020.4   0.00    0.0    0.000   0.027   27.2    59   18.5   28.0   10.55   1.1596     350     1    100.0   15 
26/09/26  20:45   20.7   20.8   20.6    83   17.7    0.0      O   0.00   1.6     O   20.7   21.6   21.6  1020.4   0.00    0.0    0.000   0.024   27.1    59   18.4   27.8   10.55   1.1603     352     1    100.0   15 
26/09/26  21:00   20.5   20.6   20.4    84   17.7    0.0      O   0.00   1.6     O   20.5   21.4   21.4  1020.5   0.00    0.0    0.000   0.023   26.9    59   18.3   27.7   10.55   1.1610     350     1    100.0   15 
26/09/26  21:15   20.6   20.6   20.4    85   17.9    0.0      O   0.00   1.6     O   20.6   21.6   21.6  1020.6   0.00    0.0    0.000   0.023   26.9    59   18.2   27.6   10.55   1.1614     351     1    100.0   15 
26/09/26  21:30   20.3   20.4   20.3    86   17.9    0.0    ---   0.00   0.0   ---   20.3   21.3   21.3  1020.6   0.00    0.0    0.000   0.021   26.8    59   18.1   27.5   10.55   1.1620     351     1    100.0   15 
26/09/26  21:45   20.3   20.3   20.2    85   17.7    0.0    ---   0.00   0.0   ---   20.3   21.2   21.2  1020.7   0.00    0.0    0.000   0.020   26.7    59   18.0   27.4   10.55   1.1623     352     1    100.0   15 
26/09/26  22:00   20.1   20.2   19.9    86   17.6    0.0    ONO   0.00   1.6   ONO   20.1   20.9   20.9  1020.7   0.00    0.0    0.000   0.018   26.8    59   18.1   27.6   10.55   1.1618     351     1    100.0   15 
26/09/26  22:15   19.9   19.9   19.9    86   17.5    0.0    ---   0.00   0.0   ---   19.9   20.7   20.7  1020.8   0.00    0.0    0.000   0.016   26.9    59   18.3   27.7   10.55   1.1613     351     1    100.0   15 
26/09/26  22:30   19.9   20.0   19.9    87   17.7    0.0    ---   0.00   0.0   ---   19.9   20.8   20.8  1020.7   0.00    0.0    0.000   0.017   27.1    58   18.1   27.8   10.35   1.1610     351     1    100.0   15 
26/09/26  22:45   19.9   20.0   19.9    86   17.5    0.0    ---   0.00   0.0   ---   19.9   20.8   20.8  1020.6   0.00    0.0    0.000   0.017   27.2    58   18.2   27.9   10.35   1.1604     351     1    100.0   15 
26/09/26  23:00   19.8   19.9   19.8    86   17.4    0.0    ONO   0.00   1.6   ONO   19.8   20.7   20.7  1020.5   0.00    0.0    0.000   0.016   27.2    58   18.2   28.0   10.35   1.1599     351     1    100.0   15 
26/09/26  23:15   19.8   19.8   19.7    87   17.6    0.0    ONO   0.00   1.6   ONO   19.8   20.6   20.6  1020.5   0.00    0.0    0.000   0.015   27.2    58   18.2   28.0   10.35   1.1599     351     1    100.0   15 
26/09/26  23:30   19.7   19.7   19.6    87   17.4    0.0    ---   0.00   0.0   ---   19.7   20.5   20.5  1020.4   0.00    0.0    0.000   0.014   27.1    58   18.1   27.8   10.35   1.1604     351     1    100.0   15 
26/09/26  23:45   19.6   19.6   19.5    87   17.3    0.0    ---   0.00   0.0   ---   19.6   20.3   20.3  1020.4   0.00    0.0    0.000   0.013   27.0    58   18.0   27.7   10.35   1.1610     351     1    100.0   15 
27/09/26  00:00   19.4   19.4   19.3    87   17.2    0.0    ---   0.00   0.0   ---   19.4   20.2   20.2  1020.4   0.00    0.0    0.000   0.011   26.9    58   17.9   27.6   10.35   1.1616     352     1    100.0   15 
27/09/26   0:15   19.3   19.3   19.3    88   17.3    0.0    ONO   0.00   1.6   ONO   19.3   20.1   20.1  1020.3   0.00    0.0    0.000   0.010   26.8    58   17.9   27.5   10.35   1.1618     350     1    100.0   15 
27/09/26   0:30   19.3   19.3   19.2    88   17.2    0.0    ONO   0.00   1.6   ONO   19.3   20.0   20.0  1020.3   0.00    0.0    0.000   0.010   26.7    58   17.8   27.3   10.35   1.1623     351     1    100.0   15 
27/09/26   0:45   19.2   19.2   19.2    88   17.1    0.0    ONO   0.00   1.6   ONO   19.2   19.9   19.9  1020.3   0.00    0.0    0.000   0.009   26.7    58   17.7   27.3   10.35   1.1626     351     1    100.0   15 
27/09/26   1:00   19.1   19.2   19.0    89   17.2    0.0    ONO   0.00   1.6   ONO   19.1   19.8   19.8  1020.1   0.00    0.0    0.000   0.008   26.6    58   17.6   27.1   10.36   1.1630     351     1    100.0   15 
27/09/26   1:15   19.0   19.0   18.9    89   17.1    0.0    ONO   0.00   1.6   ONO   19.0   19.7   19.7  1020.0   0.00    0.0    0.000   0.007   26.5    58   17.6   27.1   10.36   1.1631     351     1    100.0   15 
27/09/26   1:30   18.9   19.0   18.9    89   17.1    0.0    ---   0.00   0.0   ---   18.9   19.7   19.7  1019.8   0.00    0.0    0.000   0.006   26.4    58   17.5   26.9   10.37   1.1635     351     1    100.0   15 
27/09/26   1:45   18.9   18.9   18.8    89   17.0    0.0    ---   0.00   0.0   ---   18.9   19.6   19.6  1019.9   0.00    0.0    0.000   0.006   26.3    58   17.4   26.9   10.37   1.1639     351     1    100.0   15 
27/09/26   2:00   18.8   18.8   18.8    89   17.0    0.0    ---   0.00   0.0   ---   18.8   19.5   19.5  1019.7   0.00    0.0    0.000   0.005   26.3    58   17.4   26.8   10.38   1.1640     351     1    100.0   15 
27/09/26   2:15   18.7   18.8   18.6    90   17.0    0.0    ---   0.00   0.0   ---   18.7   19.4   19.4  1019.6   0.00    0.0    0.000   0.004   26.2    58   17.3   26.7   10.38   1.1642     351     1    100.0   15 
27/09/26   2:30   18.5   18.6   18.4    90   16.8    0.0    ---   0.00   0.0   ---   18.5   19.1   19.1  1019.4   0.00    0.0    0.000   0.002   26.2    58   17.3   26.7   10.39   1.1642     351     1    100.0   15 
27/09/26   2:45   18.4   18.4   18.4    91   16.9    0.0    ---   0.00   0.0   ---   18.4   19.1   19.1  1019.4   0.00    0.0    0.000   0.001   26.1    58   17.1   26.6   10.39   1.1648     351     1    100.0   15 
27/09/26   3:00   18.3   18.4   18.3    91   16.8    0.0    ---   0.00   0.0   ---   18.3   18.9   18.9  1019.4   0.00    0.0    0.000   0.000   26.0    58   17.1   26.5   10.40   1.1651     349     1    100.0   15 
27/09/26   3:15   18.4   18.4   18.3    91   16.9    0.0    ---   0.00   0.0   ---   18.4   19.0   19.0  1019.4   0.00    0.0    0.000   0.001   25.9    58   17.0   26.4   10.40   1.1654     351     1    100.0   15 
27/09/26   3:30   18.3   18.3   18.3    91   16.8    0.0    ---   0.00   0.0   ---   18.3   18.9   18.9  1019.4   0.00    0.0    0.000   0.000   25.9    58   17.0   26.3   10.41   1.1657     352     1    100.0   15 
27/09/26   3:45   18.2   18.3   18.2    92   16.9    0.0    ---   0.00   0.0   ---   18.2   18.8   18.8  1019.3   0.00    0.0    0.001   0.000   25.8    58   16.9   26.3   10.41   1.1658     349     1    100.0   15 
27/09/26   4:00   18.2   18.2   18.1    92   16.8    0.0    ---   0.00   0.0   ---   18.2   18.7   18.7  1019.4   0.00    0.0    0.002   0.000   25.8    58   16.9   26.2   10.41   1.1662     349     1    100.0   15 
27/09/26   4:15   18.1   18.1   17.9    92   16.7    0.0    ---   0.00   0.0   ---   18.1   18.6   18.6  1019.3   0.00    0.0    0.003   0.000   25.7    58   16.8   26.2   10.42   1.1664     351     1    100.0   15 
27/09/26   4:30   17.8   17.9   17.8    92   16.5    0.0    ---   0.00   0.0   ---   17.8   18.3   18.3  1019.3   0.00    0.0    0.005   0.000   25.7    58   16.8   26.1   10.42   1.1667     351     1    100.0   15 
27/09/26   4:45   17.8   17.8   17.7    93   16.6    0.0    ---   0.00   0.0   ---   17.8   18.3   18.3  1019.3   0.00    0.0    0.006   0.000   25.6    58   16.7   26.1   10.43   1.1670     351     1    100.0   15 
27/09/26   5:00   17.7   17.7   17.7    93   16.5    0.0    ---   0.00   0.0   ---   17.7   18.2   18.2  1019.4   0.00    0.0    0.007   0.000   25.6    58   16.7   25.9   10.43   1.1674     350     1    100.0   15 
27/09/26   5:15   17.7   17.7   17.6    93   16.5    0.0    ---   0.00   0.0   ---   17.7   18.2   18.2  1019.5   0.00    0.0    0.007   0.000   25.5    58   16.6   25.9   10.43   1.1678     351     1    100.0   15 
27/09/26   5:30   17.7   17.8   17.6    94   16.7    0.0    ---   0.00   0.0   ---   17.7   18.2   18.2  1019.5   0.00    0.0    0.007   0.000   25.4    58   16.6   25.8   10.44   1.1681     350     1    100.0   15 
27/09/26   5:45   17.8   17.9   17.8    94   16.9    0.0    ---   0.00   0.0   ---   17.8   18.4   18.4  1019.6   0.00    0.0    0.005   0.000   25.4    58   16.5   25.8   10.44   1.1685     352     1    100.0   15 
27/09/26   6:00   17.9   17.9   17.8    93   16.7    0.0    ---   0.00   0.0   ---   17.9   18.4   18.4  1019.7   0.00    0.0    0.005   0.000   25.4    58   16.5   25.8   10.44   1.1686     351     1    100.0   15 
27/09/26   6:15   17.7   17.8   17.7    93   16.6    0.0    ---   0.00   0.0   ---   17.7   18.2   18.2  1019.8   0.00    0.0    0.006   0.000   25.3    58   16.5   25.7   10.45   1.1690     350     1    100.0   15 
27/09/26   6:30   17.7   17.8   17.7    94   16.7    0.0    ---   0.00   0.0   ---   17.7   18.2   18.2  1019.9   0.00    0.0    0.007   0.000   25.3    58   16.4   25.7   10.45   1.1694     351     1    100.0   15 
27/09/26   6:45   17.9   18.0   17.7    93   16.7    0.0    ---   0.00   0.0   ---   17.9   18.4   18.4  1020.0   0.00    0.0    0.005   0.000   25.4    59   16.8   25.8   10.64   1.1686     352     1    100.0   15 
27/09/26   7:00   18.1   18.3   17.9    93   17.0    0.0    ONO   0.00   1.6   ONO   18.1   18.7   18.7  1020.0   0.00    0.0    0.002   0.000   25.6    59   17.0   26.1   10.63   1.1674     351     1    100.0   15 
27/09/26   7:15   18.5   18.7   18.3    93   17.3    0.0    ONO   0.00   3.2   ONO   18.5   19.2   19.2  1020.0   0.00    0.0    0.000   0.002   25.9    59   17.3   26.4   10.61   1.1660     350     1    100.0   15 
27/09/26   7:30   19.0   19.3   18.7    91   17.5    0.0    NNE   0.00   4.8   ENE   19.0   19.8   19.8  1020.3   0.00    0.0    0.000   0.007   26.1    59   17.4   26.6   10.59   1.1654     351     1    100.0   15 
27/09/26   7:45   19.3   19.4   19.2    89   17.5    1.6     NE   0.40   4.8   ENE   19.3   20.1   20.1  1020.3   0.00    0.0    0.000   0.010   26.2    59   17.6   26.8   10.58   1.1645     351     1    100.0   15 
27/09/26   8:00   19.7   20.0   19.4    86   17.3    1.6      E   0.40   4.8     E   19.7   20.5   20.5  1020.2   0.00    0.0    0.000   0.014   26.3    59   17.7   26.9   10.57   1.1639     352     1    100.0   15 
27/09/26   8:15   20.3   20.4   20.0    83   17.3    1.6     NO   0.40   8.0    NO   20.3   21.2   21.2  1020.2   0.00    0.0    0.000   0.020   26.4    58   17.5   27.0   10.37   1.1637     351     1    100.0   15 
27/09/26   8:30   20.7   20.9   20.4    83   17.7    1.6     NO   0.40   8.0    NO   20.7   21.6   21.6  1020.3   0.00    0.0    0.000   0.024   26.5    58   17.6   27.1   10.36   1.1635     351     1    100.0   15 
27/09/26   8:45   21.2   21.7   20.9    82   18.0    1.6     NO   0.40   8.0    NO   21.2   21.9   21.9  1020.3   0.00    0.0    0.000   0.030   26.6    58   17.7   27.2   10.35   1.1629     350     1    100.0   15 
27/09/26   9:00   22.3   22.7   21.7    78   18.3    3.2      E   0.80  11.3   ENE   22.3   23.0   23.0  1020.3   0.00    0.0    0.000   0.041   26.8    58   17.8   27.4   10.35   1.1620     351     1    100.0   15 
27/09/26   9:15   22.8   23.0   22.7    76   18.4    1.6      E   0.40  11.3   ENE   22.8   23.7   23.7  1020.3   0.00    0.0    0.000   0.047   26.9    58   17.9   27.6   10.35   1.1614     351     1    100.0   15 
