                 Temp.  Temp.  Temp.  Hum.   Punt   Vel.   Dir.   Rec.  Vel.  Dir.  Sens.   Índ.   Índ.                  Int. Graus D.Graus D.  Temp.  Hum. Rosada  In.Cal.  EMC     Dens.    Mostr   Tx   Recep.  Int.
  Data    Hora    Ext.   Màx.   Mín.  Ext. Rosada   Vent   Vent   Vent  Màx.  Màx.  Tèrm.  Calor   THW    Bar    Pluja   Pluja  Calor    Fred    Int.  Int.   Int.   Int.    Int.  Int.Aire    Vent   Vent   ISS   Arc.
-------------------------------------------------------------------------------------------------------------------------------------------------------------------------------------------------------------------------
20/09/26   0:15   19.3   19.3   19.3    85   16.7    1.6     NO   0.40   4.8    NO   19.3   20.0   20.0  1023.7   0.00    0.0    0.000   0.010   26.1    58   17.2   26.6   10.39   1.1695     349     1    100.0   15 
20/09/26   0:30   19.4   19.6   19.3    85   16.9    3.2    NNO   0.80   6.4   NNO   19.4   20.2   20.2  1023.7   0.00    0.0    0.000   0.012   26.1    58   17.1   26.6   10.39   1.1698     352     1    100.0   15 
20/09/26   0:45   19.4   19.6   19.3    85   16.9    4.8     NO   1.21   8.0   NNO   19.4   20.2   20.2  1023.6   0.00    0.0    0.000   0.012   26.0    58   17.1   26.5   10.40   1.1700     351     1    100.0   15 
20/09/26   1:00   19.4   19.5   19.3    85   16.8    3.2     NO   0.80   6.4    NO   19.4   20.1   20.1  1023.6   0.00    0.0    0.000   0.011   25.9    58   17.0   26.3   10.41   1.1705     351     1    100.0   15 
20/09/26   1:15   19.4   19.5   19.4    85   16.9    3.2     NO   0.80   4.8    NO   19.4   20.2   20.2  1023.5   0.00    0.0    0.000   0.012   25.8    58   16.9   26.3   10.41   1.1708     350     1    100.0   15 
20/09/26   1:30   19.6   19.6   19.5    84   16.8    0.0     NO   0.00   3.2    NO   19.6   20.3   20.3  1023.5   0.00    0.0    0.000   0.013   25.8    58   16.9   26.2   10.41   1.1711     351     1    100.0   15 
20/09/26   1:45   19.3   19.5   19.1    84   16.5    0.0     NO   0.00   4.8    NO   19.3   19.9   19.9  1023.4   0.00    0.0    0.000   0.010   25.7    58   16.8   26.1   10.42   1.1714     351     1    100.0   15 
20/09/26   2:00   18.8   19.1   18.7    86   16.4    0.0    ENE   0.00   3.2   ENE   18.8   19.4   19.4  1023.4   0.00    0.0    0.000   0.005   25.6    58   16.7   26.1   10.43   1.1717     351     1    100.0   15 
20/09/26   2:15   18.4   18.7   18.2    87   16.2    0.0    ENE   0.00   3.2   ENE   18.4   18.9   18.9  1023.4   0.00    0.0    0.000   0.001   25.6    59   16.9   26.0   10.63   1.1716     350     1    100.0   15 
20/09/26   2:30   18.0   18.2   17.8    89   16.2    1.6    ENE   0.40   3.2   ENE   18.0   18.4   18.4  1023.2   0.00    0.0    0.003   0.000   25.5    59   16.9   25.9   10.63   1.1718     352     1    100.0   15 
20/09/26   2:45   17.9   17.9   17.8    89   16.0    1.6    NNE   0.40   4.8   NNE   17.9   18.3   18.3  1023.2   0.00    0.0    0.005   0.000   25.4    59   16.8   25.8   10.64   1.1724     350     1    100.0   15 
20/09/26   3:00   17.9   17.9   17.9    90   16.2    0.0      N   0.00   1.6     N   17.9   18.3   18.3  1023.1   0.00    0.0    0.005   0.000   25.3    59   16.7   25.7   10.65   1.1728     351     1    100.0   15 
20/09/26   3:15   17.8   17.9   17.8    90   16.2    0.0      N   0.00   3.2     N   17.8   18.3   18.3  1023.1   0.00    0.0    0.005   0.000   25.2    59   16.6   25.6   10.65   1.1731     350     1    100.0   15 
20/09/26   3:30   17.7   17.8   17.6    90   16.1    0.0      N   0.00   1.6     N   17.7   18.2   18.2  1023.2   0.00    0.0    0.006   0.000   25.2    59   16.6   25.6   10.66   1.1735     351     1    100.0   15 
20/09/26   3:45   17.6   17.7   17.4    90   15.9    1.6      N   0.40   3.2     N   17.6   18.0   18.0  1023.4   0.00    0.0    0.008   0.000   25.1    59   16.5   25.5   10.66   1.1740     350     1    100.0   15 
20/09/26   4:00   17.4   17.4   17.3    90   15.7    0.0      N   0.00   3.2     N   17.4   17.8   17.8  1023.4   0.00    0.0    0.010   0.000   25.0    59   16.4   25.4   10.67   1.1746     350     1    100.0   15 
20/09/26   4:15   17.2   17.3   17.2    90   15.6    0.0      N   0.00   1.6     N   17.2   17.6   17.6  1023.4   0.00    0.0    0.012   0.000   24.9    59   16.4   25.3   10.67   1.1748     351     1    100.0   15 
20/09/26   4:30   17.1   17.2   17.0    90   15.5    1.6    OSO   0.40   3.2     N   17.1   17.5   17.5  1023.3   0.00    0.0    0.013   0.000   24.9    59   16.3   25.3   10.68   1.1751     351     1    100.0   15 
20/09/26   4:45   16.7   17.0   16.3    90   15.1    4.8     NO   1.21   8.0    NO   16.7   17.0   17.0  1023.4   0.00    0.0    0.017   0.000   24.8    59   16.2   25.2   10.69   1.1757     352     1    100.0   15 
20/09/26   5:00   16.3   16.4   16.3    91   14.9    3.2     NO   0.80   6.4    NO   16.3   16.6   16.6  1023.4   0.00    0.0    0.021   0.000   24.7    59   16.2   25.1   10.69   1.1760     350     1    100.0   15 
20/09/26   5:15   16.7   16.9   16.4    92   15.4    1.6     NO   0.40   4.8    NO   16.7   17.1   17.1  1023.5   0.00    0.0    0.017   0.000   24.7    59   16.1   25.1   10.69   1.1765     351     1    100.0   15 
20/09/26   5:30   16.9   16.9   16.8    91   15.4    3.2     NO   0.80   6.4    NO   16.9   17.2   17.2  1023.6   0.00    0.0    0.015   0.000   24.6    59   16.1   24.9   10.70   1.1769     350     1    100.0   15 
20/09/26   5:45   16.8   16.9   16.8    91   15.4    3.2     NO   0.80   4.8    NO   16.8   17.2   17.2  1023.8   0.00    0.0    0.016   0.000   24.5    59   16.0   24.8   10.71   1.1777     351     1    100.0   15 
20/09/26   6:00   16.9   17.0   16.8    91   15.5    1.6     NO   0.40   4.8    NO   16.9   17.3   17.3  1024.0   0.00    0.0    0.014   0.000   24.4    59   15.9   24.8   10.71   1.1783     350     1    100.0   15 
20/09/26   6:15   17.2   17.3   17.0    90   15.6    1.6     NO   0.40   3.2    NO   17.2   17.6   17.6  1024.1   0.00    0.0    0.012   0.000   24.4    59   15.9   24.8   10.71   1.1783     351     1    100.0   15 
20/09/26   6:30   17.6   17.8   17.3    90   15.9    0.0    ---   0.00   0.0   ---   17.6   18.0   18.0  1024.2   0.00    0.0    0.008   0.000   24.6    60   16.3   24.9   10.90   1.1775     350     1    100.0   15 
20/09/26   6:45   17.8   17.9   17.7    89   16.0    0.0     NO   0.00   1.6    NO   17.8   18.3   18.3  1024.3   0.00    0.0    0.005   0.000   24.9    60   16.6   25.3   10.88   1.1758     350     1    100.0   15 
20/09/26   7:00   18.1   18.3   17.9    89   16.2    0.0     NO   0.00   3.2    NO   18.1   18.6   18.6  1024.3   0.00    0.0    0.003   0.000   25.3    60   17.0   25.8   10.85   1.1738     351     1    100.0   15 
20/09/26   7:15   18.2   18.3   17.9    87   16.0    3.2     NO   0.80   4.8    NO   18.2   18.6   18.6  1024.4   0.00    0.0    0.002   0.000   25.7    60   17.3   26.2   10.82   1.1718     351     1    100.0   15 
20/09/26   7:30   18.1   18.5   17.9    88   16.1    0.0     NO   0.00   4.8    NO   18.1   18.6   18.6  1024.5   0.00    0.0    0.002   0.000   25.9    59   17.3   26.4   10.60   1.1709     351     1    100.0   15 
20/09/26   7:45   19.3   20.1   18.6    85   16.7    0.0     NO   0.00   3.2    NO   19.3   20.0   20.0  1024.6   0.00    0.0    0.000   0.010   26.2    59   17.6   26.8   10.58   1.1695     350     1    100.0   15 
20/09/26   8:00   20.2   20.6   20.1    81   16.9    1.6     NO   0.40   4.8    NO   20.2   21.0   21.0  1024.7   0.00    0.0    0.000   0.020   26.4    58   17.5   27.0   10.37   1.1688     350     1    100.0   15 
20/09/26   8:15   21.1   21.4   20.6    77   16.9    1.6    ENE   0.40   4.8   ENE   21.1   21.5   21.5  1024.9   0.00    0.0    0.000   0.028   26.7    58   17.7   27.3   10.35   1.1679     350     1    100.0   15 
20/09/26   8:30   21.4   21.4   21.3    79   17.6    1.6    ENE   0.40   4.8   ENE   21.4   22.0   22.0  1025.1   0.00    0.0    0.000   0.032   26.9    58   17.9   27.6   10.35   1.1670     351     1    100.0   15 
20/09/26   8:45   21.6   21.8   21.4    78   17.6    1.6    SSE   0.40   4.8    NO   21.6   22.2   22.2  1025.2   0.00    0.0    0.000   0.034   27.0    57   17.8   27.6   10.16   1.1669     351     1    100.0   15 
20/09/26   9:00   22.4   23.1   21.8    74   17.5    1.6      E   0.40   3.2   SSE   22.4   23.0   23.0  1025.2   0.00    0.0    0.000   0.042   27.2    57   17.9   27.8   10.17   1.1661     350     1    100.0   15 
20/09/26   9:15   23.6   23.8   23.1    71   18.0    1.6     SE   0.40   4.8     O   23.6   24.5   24.5  1025.4   0.00    0.0    0.000   0.054   27.3    57   18.1   28.1   10.17   1.1654     351     1    100.0   15 
20/09/26   9:30   23.6   24.2   23.3    68   17.4    1.6     SO   0.40   6.4   ENE   23.6   24.4   24.4  1025.3   0.00    0.0    0.000   0.055   27.4    56   17.9   28.2   10.05   1.1652     351     1    100.0   15 
20/09/26   9:45   24.7   25.1   24.2    63   17.2    3.2      E   0.80   8.0     E   24.7   25.3   25.3  1025.3   0.00    0.0    0.000   0.067   27.6    56   18.0   28.3   10.05   1.1646     350     1    100.0   15 
20/09/26  10:00   25.3   25.7   25.1    57   16.1    1.6     SE   0.40   9.7     E   25.3   25.6   25.6  1025.3   0.00    0.0    0.000   0.072   27.7    55   17.8   28.4    9.85   1.1644     350     1    100.0   15 
20/09/26  10:15   25.9   26.2   25.7    48   14.0    3.2     SE   0.80   9.7     E   25.9   25.8   25.8  1025.4   0.00    0.0    0.000   0.079   27.8    55   18.0   28.7    9.85   1.1637     352     1    100.0   15 
20/09/26  10:30   26.3   26.5   26.2    49   14.8    3.2      E   0.80   9.7     E   26.3   26.4   26.4  1025.4   0.00    0.0    0.000   0.083   27.9    54   17.8   28.7    9.75   1.1635     351     1    100.0   15 
20/09/26  10:45   26.3   26.5   26.2    49   14.7    3.2      S   0.80  11.3     S   26.3   26.3   26.3  1025.4   0.00    0.0    0.000   0.083   28.0    53   17.5   28.7    9.60   1.1636     351     1    100.0   15 
20/09/26  11:00   26.7   26.9   26.4    47   14.5    3.2    ENE   0.80  16.1     E   26.7   26.6   26.6  1025.4   0.00    0.0    0.000   0.087   28.1    52   17.3   28.7    9.40   1.1638     351     1    100.0   15 
20/09/26  11:15   27.2   27.3   27.0    45   14.3    3.2     SO   0.80  11.3     E   27.2   27.0   27.0  1025.4   0.00    0.0    0.000   0.093   28.1    52   17.3   28.8    9.40   1.1635     351     1    100.0   15 
20/09/26  11:30   27.3   27.4   27.2    45   14.3    3.2      E   0.80  14.5     E   27.3   27.1   27.1  1025.3   0.00    0.0    0.000   0.093   28.2    51   17.1   28.8    9.30   1.1635     351     1    100.0   15 
20/09/26  11:45   27.8   28.1   27.4    43   14.1    3.2    ESE   0.80  11.3    NE   27.8   27.7   27.7  1025.1   0.00    0.0    0.000   0.099   28.3    52   17.5   29.1    9.39   1.1623     351     1    100.0   15 
20/09/26  12:00   28.3   28.6   28.1    41   13.8    3.2    ENE   0.80  11.3     E   28.3   28.3   28.3  1025.1   0.00    0.0    0.000   0.104   28.4    52   17.6   29.2    9.39   1.1617     351     1    100.0   15 
20/09/26  12:15   28.6   28.8   28.6    42   14.4    3.2    ENE   0.80  12.9   ESE   28.6   28.8   28.8  1024.9   0.00    0.0    0.000   0.107   28.5    52   17.7   29.4    9.38   1.1609     349     1    100.0   15 
20/09/26  12:30   28.9   29.1   28.8    39   13.6    4.8    ENE   1.21  16.1   ENE   28.9   29.0   29.0  1024.7   0.00    0.0    0.000   0.111   28.6    52   17.8   29.6    9.38   1.1601     352     1    100.0   15 
20/09/26  12:45   28.8   28.9   28.7    38   13.1    4.8      E   1.21  14.5   ENE   28.8   28.7   28.7  1024.6   0.00    0.0    0.000   0.109   28.7    51   17.5   29.6    9.28   1.1601     351     1    100.0   15 
20/09/26  13:00   29.1   29.4   28.7    39   13.7    4.8      E   1.21  20.9     E   29.1   29.1   29.1  1024.4   0.00    0.0    0.000   0.112   28.7    51   17.5   29.6    9.28   1.1599     351     1    100.0   15 
20/09/26  13:15   29.4   29.5   29.3    38   13.6    4.8    ENE   1.21  19.3   ENE   29.4   29.3   29.3  1024.3   0.00    0.0    0.000   0.115   28.7    51   17.6   29.7    9.28   1.1595     351     1    100.0   15 
20/09/26  13:30   29.7   29.8   29.5    38   13.8    3.2    ESE   0.80  11.3     E   29.7   29.6   29.6  1024.2   0.00    0.0    0.000   0.118   28.8    51   17.6   29.8    9.27   1.1591     352     1    100.0   15 
20/09/26  13:45   29.6   29.8   29.2    42   15.3    4.8    ESE   1.21  22.5     E   29.6   29.8   29.8  1024.0   0.00    0.0    0.000   0.117   28.8    51   17.7   29.9    9.27   1.1586     350     1    100.0   15 
20/09/26  14:00   29.1   29.2   29.1    42   14.8    4.8      E   1.21  14.5   ENE   29.1   29.4   29.4  1024.1   0.00    0.0    0.000   0.112   28.8    51   17.7   29.9    9.27   1.1587     351     1    100.0   15 
20/09/26  14:15   29.1   29.2   28.9    43   15.2    4.8    ENE   1.21  12.9     E   29.1   29.4   29.4  1023.9   0.00    0.0    0.000   0.112   28.9    51   17.7   30.0    9.27   1.1582     350     1    100.0   15 
20/09/26  14:30   29.4   29.8   28.9    43   15.5    3.2      E   0.80   8.0     E   29.4   29.8   29.8  1023.9   0.00    0.0    0.000   0.115   28.9    51   17.7   30.0    9.27   1.1582     351     1    100.0   15 
20/09/26  14:45   29.6   29.8   29.4    44   16.0    3.2      S   0.80  14.5     E   29.6   30.0   30.0  1023.8   0.00    0.0    0.000   0.117   28.9    51   17.7   30.0    9.27   1.1581     351     1    100.0   15 
20/09/26  15:00   29.4   29.6   29.3    45   16.3    3.2      S   0.80  12.9     S   29.4   30.0   30.0  1023.9   0.00    0.0    0.000   0.116   28.8    51   17.7   29.9    9.27   1.1584     351     1    100.0   15 
20/09/26  15:15   28.9   29.2   28.7    46   16.1    4.8    OSO   1.21  14.5     S   28.9   29.6   29.6  1023.9   0.00    0.0    0.000   0.110   28.9    51   17.7   30.0    9.27   1.1582     350     1    100.0   15 
20/09/26  15:30   28.7   29.1   28.2    48   16.6    4.8    OSO   1.21  11.3   OSO   28.7   29.4   29.4  1023.8   0.00    0.0    0.000   0.108   28.9    51   17.8   30.1    9.27   1.1578     351     1    100.0   15 
20/09/26  15:45   28.3   28.5   28.2    48   16.3    4.8    SSO   1.21  14.5     S   28.3   28.8   28.8  1023.9   0.00    0.0    0.000   0.104   28.9    51   17.8   30.1    9.27   1.1579     352     1    100.0   15 
20/09/26  16:00   28.1   28.3   27.7    49   16.3    4.8      S   1.21  12.9   OSO   28.1   28.5   28.5  1023.9   0.00    0.0    0.000   0.101   28.9    51   17.8   30.1    9.27   1.1579     351     1    100.0   15 
20/09/26  16:15   27.4   27.7   27.2    51   16.4    4.8      S   1.21  14.5   OSO   27.4   27.7   27.7  1023.9   0.00    0.0    0.000   0.095   28.9    51   17.7   30.0    9.27   1.1582     351     1    100.0   15 
20/09/26  16:30   27.2   27.3   27.2    53   16.8    4.8      S   1.21  12.9   OSO   27.2   27.6   27.6  1023.9   0.00    0.0    0.000   0.093   28.8    51   17.7   29.9    9.27   1.1585     351     1    100.0   15 
20/09/26  16:45   27.1   27.2   27.1    53   16.7    3.2    SSO   0.80  12.9   SSO   27.1   27.4   27.4  1023.9   0.00    0.0    0.000   0.091   28.8    52   18.0   30.0    9.37   1.1580     350     1    100.0   15 
20/09/26  17:00   27.0   27.2   26.8    56   17.5    3.2    OSO   0.80   9.7    SO   27.0   27.6   27.6  1023.9   0.00    0.0    0.000   0.090   28.8    51   17.6   29.8    9.27   1.1587     350     1    100.0   15 
20/09/26  17:15   26.4   26.8   26.3    57   17.2    3.2     SO   0.80  11.3   OSO   26.4   26.9   26.9  1023.9   0.00    0.0    0.000   0.084   28.7    51   17.6   29.7    9.28   1.1591     351     1    100.0   15 
20/09/26  17:30   26.1   26.3   25.8    58   17.2    3.2      S   0.80   8.0   SSO   26.1   26.6   26.6  1023.9   0.00    0.0    0.000   0.081   28.7    51   17.5   29.6    9.28   1.1593     351     1    100.0   15 
20/09/26  17:45   25.6   25.8   25.3    60   17.2    1.6     SO   0.40   6.4   SSO   25.6   26.1   26.1  1024.0   0.00    0.0    0.000   0.075   28.6    52   17.7   29.5    9.38   1.1596     352     1    100.0   15 
20/09/26  18:00   24.8   25.3   24.4    62   17.1    1.6     SO   0.40   6.4   SSO   24.8   25.4   25.4  1024.0   0.00    0.0    0.000   0.068   28.6    52   17.7   29.5    9.38   1.1596     351     1    100.0   15 
20/09/26  18:15   24.1   24.4   23.8    65   17.1    3.2    OSO   0.80   6.4   OSO   24.1   24.8   24.8  1024.0   0.00    0.0    0.000   0.060   28.5    52   17.7   29.4    9.38   1.1599     350     1    100.0   15 
20/09/26  18:30   23.6   23.8   23.3    67   17.1    1.6      O   0.40   6.4   OSO   23.6   24.3   24.3  1024.1   0.00    0.0    0.000   0.054   28.3    52   17.5   29.2    9.39   1.1609     351     1    100.0   15 
20/09/26  18:45   23.1   23.3   22.9    69   17.1    3.2    OSO   0.80   6.4    SO   23.1   23.8   23.8  1024.3   0.00    0.0    0.000   0.050   28.1    53   17.6   28.9    9.60   1.1617     351     1    100.0   15 
20/09/26  19:00   22.8   22.9   22.7    70   17.0    1.6    OSO   0.40   8.0   SSO   22.8   23.4   23.4  1024.5   0.00    0.0    0.000   0.046   28.0    53   17.5   28.7    9.60   1.1626     352     1    100.0   15 
20/09/26  19:15   22.6   22.7   22.4    71   17.0    1.6    OSO   0.40   6.4    SO   22.6   23.1   23.1  1024.6   0.00    0.0    0.000   0.044   27.9    53   17.5   28.6    9.60   1.1630     351     1    100.0   15 
20/09/26  19:30   22.3   22.4   22.2    72   17.0    1.6     SO   0.40   6.4    SO   22.3   22.8   22.8  1024.6   0.00    0.0    0.000   0.041   27.8    53   17.4   28.4    9.61   1.1636     351     1    100.0   15 
20/09/26  19:45   22.0   22.1   21.9    73   16.9    1.6     SO   0.40   3.2    SO   22.0   22.4   22.4  1024.8   0.00    0.0    0.000   0.038   27.6    54   17.5   28.2    9.75   1.1646     351     1    100.0   15 
20/09/26  20:00   21.8   21.9   21.7    73   16.7    1.6    OSO   0.40   4.8   OSO   21.8   22.2   22.2  1024.9   0.00    0.0    0.000   0.036   27.4    54   17.3   27.9    9.75   1.1658     352     1    100.0   15 
20/09/26  20:15   21.5   21.7   21.2    73   16.5    0.0    OSO   0.00   3.2   OSO   21.5   21.8   21.8  1024.9   0.00    0.0    0.000   0.033   27.2    54   17.1   27.7    9.75   1.1666     350     1    100.0   15 
20/09/26  20:30   21.1   21.2   21.1    74   16.3    1.6    OSO   0.40   4.8   OSO   21.1   21.4   21.4  1025.0   0.00    0.0    0.000   0.029   27.1    54   17.0   27.5    9.75   1.1673     350     1    100.0   15 
20/09/26  20:45   21.1   21.2   21.1    74   16.3    1.6    OSO   0.40   3.2   OSO   21.1   21.4   21.4  1024.9   0.00    0.0    0.000   0.029   27.0    55   17.2   27.4    9.85   1.1675     351     1    100.0   15 
20/09/26  21:00   21.1   21.1   21.1    74   16.2    1.6    OSO   0.40   4.8    SO   21.1   21.3   21.3  1024.9   0.00    0.0    0.000   0.028   26.9    55   17.1   27.3    9.85   1.1680     351     1    100.0   15 
20/09/26  21:15   21.1   21.2   21.1    74   16.3    0.0    ONO   0.00   3.2   ONO   21.1   21.4   21.4  1024.7   0.00    0.0    0.000   0.029   26.7    55   16.9   27.1    9.85   1.1686     352     1    100.0   15 
20/09/26  21:30   21.1   21.1   21.0    75   16.5    1.6      O   0.40   4.8   OSO   21.1   21.4   21.4  1024.7   0.00    0.0    0.000   0.028   26.7    56   17.2   27.1   10.05   1.1685     350     1    100.0   15 
20/09/26  21:45   20.9   21.0   20.9    75   16.3    1.6    ONO   0.40   4.8     O   20.9   21.3   21.3  1024.6   0.00    0.0    0.000   0.027   26.7    56   17.2   27.1   10.05   1.1684     350     1    100.0   15 
20/09/26  22:00   20.9   20.9   20.8    75   16.3    0.0      O   0.00   3.2     O   20.9   21.3   21.3  1024.7   0.00    0.0    0.000   0.027   26.7    56   17.2   27.2   10.05   1.1682     351     1    100.0   15 
20/09/26  22:15   20.7   20.8   20.7    75   16.1    1.6      O   0.40   4.8   OSO   20.7   21.2   21.2  1024.7   0.00    0.0    0.000   0.025   26.7    57   17.4   27.2   10.15   1.1681     352     1    100.0   15 
20/09/26  22:30   20.6   20.7   20.6    73   15.6    1.6    OSO   0.40   4.8   OSO   20.6   21.0   21.0  1024.6   0.00    0.0    0.000   0.024   26.7    57   17.4   27.2   10.15   1.1680     351     1    100.0   15 
20/09/26  22:45   20.6   20.6   20.6    73   15.5    0.0    OSO   0.00   3.2   OSO   20.6   21.0   21.0  1024.8   0.00    0.0    0.000   0.023   26.7    57   17.4   27.2   10.15   1.1682     350     1    100.0   15 
20/09/26  23:00   20.6   20.6   20.5    73   15.5    1.6    OSO   0.40   6.4    NO   20.6   21.0   21.0  1024.8   0.00    0.0    0.000   0.023   26.7    57   17.4   27.2   10.15   1.1682     350     1    100.0   15 
20/09/26  23:15   20.4   20.6   20.4    72   15.2    1.6     NO   0.40   6.4    NO   20.4   20.8   20.8  1024.8   0.00    0.0    0.000   0.022   26.7    57   17.4   27.2   10.15   1.1682     351     1    100.0   15 
20/09/26  23:30   20.7   20.8   20.4    72   15.4    1.6    ENE   0.40   6.4   ENE   20.7   21.0   21.0  1024.5   0.00    0.0    0.000   0.024   26.6    57   17.4   27.1   10.15   1.1682     351     1    100.0   15 
20/09/26  23:45   20.8   20.9   20.7    72   15.5    0.0    ENE   0.00   3.2   ENE   20.8   21.1   21.1  1024.5   0.00    0.0    0.000   0.025   26.6    57   17.3   27.1   10.16   1.1684     351     1    100.0   15 
21/09/26  00:00   20.5   20.7   20.2    74   15.7    1.6     NO   0.40   8.0    NO   20.5   21.0   21.0  1024.6   0.00    0.0    0.000   0.023   26.5    57   17.3   27.0   10.16   1.1689     350     1    100.0   15 
21/09/26   0:15   19.7   20.1   19.6    76   15.3    1.6     NO   0.40   6.4    NO   19.7   20.2   20.2  1024.5   0.00    0.0    0.000   0.014   26.4    57   17.2   26.9   10.17   1.1691     350     1    100.0   15 
21/09/26   0:30   19.7   19.9   19.6    75   15.2    0.0     NO   0.00   3.2    NO   19.7   20.2   20.2  1024.4   0.00    0.0    0.000   0.014   26.4    57   17.2   26.9   10.17   1.1692     351     1    100.0   15 
21/09/26   0:45   19.9   20.1   19.8    74   15.2    0.0     NO   0.00   3.2    NO   19.9   20.4   20.4  1024.4   0.00    0.0    0.000   0.017   26.3    57   17.1   26.8   10.17   1.1695     352     1    100.0   15 
21/09/26   1:00   19.9   20.1   19.9    74   15.2    0.0     NO   0.00   3.2    NO   19.9   20.4   20.4  1024.3   0.00    0.0    0.000   0.017   26.3    57   17.1   26.7   10.18   1.1696     351     1    100.0   15 
21/09/26   1:15   19.9   19.9   19.8    73   15.0    1.6     NO   0.40   3.2    NO   19.9   20.4   20.4  1024.0   0.00    0.0    0.000   0.017   26.2    57   17.0   26.7   10.18   1.1697     351     1    100.0   15 
21/09/26   1:30   19.8   19.9   19.7    73   14.8    0.0     NO   0.00   3.2    NO   19.8   20.2   20.2  1024.0   0.00    0.0    0.000   0.015   26.1    57   16.9   26.6   10.19   1.1702     351     1    100.0   15 
21/09/26   1:45   19.8   19.8   19.7    73   14.8    0.0     NO   0.00   3.2    NO   19.8   20.2   20.2  1023.9   0.00    0.0    0.000   0.015   26.1    57   16.9   26.5   10.19   1.1704     352     1    100.0   15 
21/09/26   2:00   19.6   19.7   19.4    74   14.8    1.6     NO   0.40   3.2    NO   19.6   20.0   20.0  1023.8   0.00    0.0    0.000   0.013   26.0    57   16.8   26.4   10.20   1.1706     351     1    100.0   15 
21/09/26   2:15   19.2   19.4   18.9    72   14.0    0.0     NO   0.00   3.2    NO   19.2   19.4   19.4  1023.7   0.00    0.0    0.000   0.009   25.9    57   16.8   26.4   10.20   1.1708     351     1    100.0   15 
21/09/26   2:30   18.9   18.9   18.8    74   14.2    1.6     NO   0.40   3.2    NO   18.9   19.1   19.1  1023.5   0.00    0.0    0.000   0.006   25.9    57   16.7   26.3   10.21   1.1708     351     1    100.0   15 
21/09/26   2:45   18.8   18.9   18.7    73   13.9    1.6     NO   0.40   6.4    NO   18.8   19.1   19.1  1023.5   0.00    0.0    0.000   0.005   25.8    58   16.9   26.3   10.41   1.1707     349     1    100.0   15 
21/09/26   3:00   18.3   18.7   18.2    73   13.4    1.6     NO   0.40   6.4    NO   18.3   18.4   18.4  1023.5   0.00    0.0    0.000   0.000   25.8    58   16.9   26.2   10.41   1.1710     352     1    100.0   15 
21/09/26   3:15   18.3   18.4   18.2    75   13.8    0.0     NO   0.00   1.6    NO   18.3   18.4   18.4  1023.5   0.00    0.0    0.001   0.000   25.7    58   16.8   26.2   10.42   1.1713     350     1    100.0   15 
21/09/26   3:30   18.5   18.6   18.4    76   14.2    0.0     NO   0.00   1.6    NO   18.5   18.7   18.7  1023.5   0.00    0.0    0.000   0.002   25.6    58   16.7   26.1   10.43   1.1719     351     1    100.0   15 
21/09/26   3:45   18.6   18.6   18.6    75   14.0    0.0     NO   0.00   3.2    NO   18.6   18.8   18.8  1023.4   0.00    0.0    0.000   0.002   25.6    58   16.7   25.9   10.43   1.1721     348     1    100.0   15 
21/09/26   4:00   18.7   18.7   18.6    75   14.1    1.6     SE   0.40   3.2    NO   18.7   18.9   18.9  1023.4   0.00    0.0    0.000   0.003   25.5    58   16.6   25.9   10.43   1.1724     352     1    100.0   15 
21/09/26   4:15   18.6   18.7   18.6    75   14.1    1.6     SE   0.40   3.2    SE   18.6   18.8   18.8  1023.3   0.00    0.0    0.000   0.003   25.4    58   16.6   25.8   10.44   1.1726     350     1    100.0   15 
21/09/26   4:30   18.6   18.6   18.6    75   14.0    0.0     SE   0.00   3.2    SE   18.6   18.8   18.8  1023.5   0.00    0.0    0.000   0.002   25.4    58   16.5   25.8   10.44   1.1730     351     1    100.0   15 
21/09/26   4:45   18.6   18.6   18.6    74   13.8    0.0     SE   0.00   3.2    SE   18.6   18.7   18.7  1023.4   0.00    0.0    0.000   0.002   25.3    58   16.5   25.7   10.45   1.1733     351     1    100.0   15 
21/09/26   5:00   18.7   18.8   18.6    72   13.5    1.6    ESE   0.40   4.8   ESE   18.7   18.8   18.8  1023.4   0.00    0.0    0.000   0.003   25.3    58   16.4   25.7   10.45   1.1735     351     1    100.0   15 
21/09/26   5:15   18.9   18.9   18.8    72   13.7    3.2    ENE   0.80   8.0   ENE   18.9   19.1   19.1  1023.5   0.00    0.0    0.000   0.006   25.2    58   16.3   25.5   10.46   1.1742     351     1    100.0   15 
21/09/26   5:30   18.9   18.9   18.9    73   14.0    3.2    ENE   0.80   8.0   ENE   18.9   19.2   19.2  1023.6   0.00    0.0    0.000   0.006   25.1    58   16.3   25.4   10.46   1.1746     351     1    100.0   15 
21/09/26   5:45   18.8   18.9   18.8    73   13.9    3.2    NNE   0.80   8.0     E   18.8   19.1   19.1  1023.5   0.00    0.0    0.000   0.005   25.1    58   16.2   25.4   10.47   1.1748     351     1    100.0   15 
21/09/26   6:00   19.0   19.0   18.9    72   13.8    0.0      E   0.00   1.6     E   19.0   19.2   19.2  1023.6   0.00    0.0    0.000   0.007   25.1    58   16.2   25.4   10.47   1.1749     351     1    100.0   15 
21/09/26   6:15   19.1   19.3   19.0    71   13.7    1.6      E   0.40   4.8     E   19.1   19.3   19.3  1023.7   0.00    0.0    0.000   0.008   25.0    58   16.2   25.3   10.47   1.1753     352     1    100.0   15 
21/09/26   6:30   19.4   19.5   19.3    70   13.8    0.0      E   0.00   3.2     E   19.4   19.6   19.6  1023.8   0.00    0.0    0.000   0.011   25.0    58   16.2   25.3   10.47   1.1755     351     1    100.0   15 
21/09/26   6:45   19.7   19.9   19.5    69   13.9    0.0      E   0.00   3.2     E   19.7   19.9   19.9  1023.7   0.00    0.0    0.000   0.014   25.1    59   16.5   25.4   10.67   1.1747     351     1    100.0   15 
21/09/26   7:00   20.1   20.3   19.9    70   14.4    1.6     SE   0.40   3.2    SE   20.1   20.4   20.4  1023.8   0.00    0.0    0.000   0.018   25.3    59   16.7   25.7   10.65   1.1736     350     1    100.0   15 
21/09/26   7:15   20.4   21.0   20.2    69   14.6    1.6    ESE   0.40   4.8   ESE   20.4   20.6   20.6  1023.8   0.00    0.0    0.000   0.022   25.7    59   17.1   26.2   10.62   1.1713     351     1    100.0   15 
21/09/26   7:30   21.4   21.7   21.0    66   14.8    1.6    ENE   0.40   6.4    NE   21.4   21.4   21.4  1023.9   0.00    0.0    0.000   0.032   26.1    58   17.2   26.6   10.39   1.1697     351     1    100.0   15 
21/09/26   7:45   21.4   21.7   21.3    66   14.8    1.6      E   0.40   4.8   ENE   21.4   21.4   21.4  1023.8   0.00    0.0    0.000   0.032   26.4    57   17.2   26.9   10.17   1.1686     351     1    100.0   15 
21/09/26   8:00   21.2   21.3   21.1    66   14.6    1.6    ESE   0.40   4.8     E   21.2   21.1   21.1  1023.8   0.00    0.0    0.000   0.030   26.6    57   17.3   27.1   10.16   1.1676     351     1    100.0   15 
21/09/26   8:15   22.1   22.7   21.3    62   14.4    1.6    ESE   0.40   3.2   ESE   22.1   22.0   22.0  1023.8   0.00    0.0    0.000   0.039   26.7    56   17.2   27.2   10.05   1.1672     349     1    100.0   15 
21/09/26   8:30   23.3   23.7   22.8    60   15.1    1.6    ESE   0.40   4.8     E   23.3   23.7   23.7  1023.8   0.00    0.0    0.000   0.052   26.9    56   17.4   27.4   10.05   1.1660     350     1    100.0   15 
21/09/26   8:45   24.2   24.7   23.7    58   15.4    1.6      E   0.40  11.3     E   24.2   24.5   24.5  1023.9   0.00    0.0    0.000   0.061   27.1    55   17.3   27.6    9.85   1.1657     350     1    100.0   15 
21/09/26   9:00   24.4   24.6   24.3    58   15.6    3.2      E   0.80  11.3   ENE   24.4   24.7   24.7  1023.8   0.00    0.0    0.000   0.064   27.2    54   17.1   27.7    9.75   1.1654     351     1    100.0   15 
