                 Temp.  Temp.  Temp.  Hum.   Punt   Vel.   Dir.   Rec.  Vel.  Dir.  Sens.   Índ.   Índ.                  Int. Graus D.Graus D.  Temp.  Hum. Rosada  In.Cal.  EMC     Dens.    Mostr   Tx   Recep.  Int.
  Data    Hora    Ext.   Màx.   Mín.  Ext. Rosada   Vent   Vent   Vent  Màx.  Màx.  Tèrm.  Calor   THW    Bar    Pluja   Pluja  Calor    Fred    Int.  Int.   Int.   Int.    Int.  Int.Aire    Vent   Vent   ISS   Arc.
-------------------------------------------------------------------------------------------------------------------------------------------------------------------------------------------------------------------------
11/09/26   0:15   18.4   18.4   18.3    83   15.4    4.8    ENE   1.21   8.0   ENE   18.4   18.8   18.8  1017.7   0.00    0.0    0.000   0.001   25.4    54   15.5   25.7    9.79   1.1675     350     1    100.0   15 
11/09/26   0:30   18.4   18.4   18.3    83   15.4    4.8    ENE   1.21   9.7     E   18.4   18.8   18.8  1017.6   0.00    0.0    0.000   0.001   25.4    54   15.4   25.6    9.80   1.1677     351     1    100.0   15 
11/09/26   0:45   18.4   18.5   18.4    81   15.1    4.8    ENE   1.21  11.3   ENE   18.4   18.9   18.9  1017.5   0.00    0.0    0.000   0.001   25.3    54   15.4   25.5    9.80   1.1678     350     1    100.0   15 
11/09/26   1:00   18.3   18.4   18.2    78   14.4    4.8    ENE   1.21  11.3   ENE   18.3   18.6   18.6  1017.4   0.00    0.0    0.001   0.000   25.3    54   15.3   25.4    9.80   1.1680     351     1    100.0   15 
11/09/26   1:15   18.2   18.2   18.1    78   14.3    4.8    ENE   1.21   8.0     E   18.2   18.4   18.4  1017.3   0.00    0.0    0.002   0.000   25.2    54   15.3   25.4    9.80   1.1682     350     1    100.0   15 
11/09/26   1:30   17.9   18.1   17.9    79   14.2    4.8    ENE   1.21   8.0     E   17.9   18.2   18.2  1017.2   0.00    0.0    0.004   0.000   25.2    54   15.2   25.3    9.80   1.1683     351     1    100.0   15 
11/09/26   1:45   17.8   17.9   17.7    79   14.1    3.2    ENE   0.80   8.0   ENE   17.8   18.0   18.0  1017.2   0.00    0.0    0.006   0.000   25.1    54   15.1   25.2    9.81   1.1689     351     1    100.0   15 
11/09/26   2:00   17.7   17.7   17.6    79   14.0    1.6    ENE   0.40   6.4   ENE   17.7   17.9   17.9  1017.2   0.00    0.0    0.007   0.000   25.0    54   15.0   25.1    9.81   1.1692     352     1    100.0   15 
11/09/26   2:15   17.4   17.6   17.2    80   13.9    0.0    ENE   0.00   3.2    NE   17.4   17.6   17.6  1017.1   0.00    0.0    0.010   0.000   24.9    54   15.0   25.1    9.81   1.1693     350     1    100.0   15 
11/09/26   2:30   17.1   17.2   17.1    81   13.8    0.0    NNE   0.00   3.2    NE   17.1   17.3   17.3  1017.1   0.00    0.0    0.013   0.000   24.9    54   14.9   25.0    9.81   1.1696     350     1    100.0   15 
11/09/26   2:45   17.1   17.1   17.0    81   13.8    1.6     NO   0.40   3.2   NNE   17.1   17.2   17.2  1017.2   0.00    0.0    0.013   0.000   24.8    54   14.9   24.9    9.82   1.1700     350     1    100.0   15 
11/09/26   3:00   16.9   17.0   16.8    80   13.4    1.6     NO   0.40   4.8    NO   16.9   17.0   17.0  1017.1   0.00    0.0    0.015   0.000   24.7    54   14.8   24.8    9.82   1.1705     351     1    100.0   15 
11/09/26   3:15   16.9   16.9   16.8    79   13.3    1.6     NO   0.40   3.2    NE   16.9   17.1   17.1  1017.2   0.00    0.0    0.014   0.000   24.7    54   14.7   24.8    9.82   1.1709     352     1    100.0   15 
11/09/26   3:30   16.7   16.9   16.3    82   13.6    3.2     NO   0.80   6.4    NO   16.7   16.9   16.9  1017.4   0.00    0.0    0.017   0.000   24.6    54   14.7   24.7    9.82   1.1714     351     1    100.0   15 
11/09/26   3:45   16.1   16.3   16.0    84   13.4    3.2     NO   0.80   6.4    NO   16.1   16.2   16.2  1017.4   0.00    0.0    0.023   0.000   24.6    54   14.6   24.7    9.83   1.1717     351     1    100.0   15 
11/09/26   4:00   15.9   16.0   15.8    85   13.4    3.2     NO   0.80   6.4    NO   15.9   16.0   16.0  1017.6   0.00    0.0    0.025   0.000   24.4    54   14.5   24.6    9.83   1.1725     351     1    100.0   15 
11/09/26   4:15   15.7   15.8   15.7    86   13.4    1.6     NO   0.40   6.4    NO   15.7   15.8   15.8  1017.5   0.00    0.0    0.027   0.000   24.4    54   14.5   24.6    9.83   1.1727     351     1    100.0   15 
11/09/26   4:30   15.6   15.7   15.4    86   13.3    0.0     NO   0.00   1.6    NO   15.6   15.7   15.7  1017.6   0.00    0.0    0.028   0.000   24.3    54   14.4   24.4    9.84   1.1734     351     1    100.0   15 
11/09/26   4:45   15.3   15.4   15.2    87   13.1    0.0     NO   0.00   3.2    NO   15.3   15.3   15.3  1017.6   0.00    0.0    0.032   0.000   24.2    54   14.3   24.4    9.84   1.1736     350     1    100.0   15 
11/09/26   5:00   15.1   15.2   14.9    87   12.9    0.0     NO   0.00   3.2    NO   15.1   15.1   15.1  1017.7   0.00    0.0    0.034   0.000   24.1    55   14.5   24.3   10.03   1.1740     351     1    100.0   15 
11/09/26   5:15   14.8   14.9   14.8    88   12.8    1.6     NO   0.40   3.2    NO   14.8   14.8   14.8  1018.0   0.00    0.0    0.037   0.000   24.1    55   14.5   24.3   10.04   1.1745     351     1    100.0   15 
11/09/26   5:30   14.8   14.9   14.8    88   12.9    0.0     NO   0.00   1.6    NO   14.8   14.9   14.9  1018.1   0.00    0.0    0.036   0.000   24.0    55   14.4   24.3   10.04   1.1750     352     1    100.0   15 
11/09/26   5:45   14.8   14.8   14.7    88   12.8    0.0    ---   0.00   0.0   ---   14.8   14.8   14.8  1018.3   0.00    0.0    0.037   0.000   23.9    55   14.3   24.2   10.05   1.1758     350     1    100.0   15 
11/09/26   6:00   14.7   14.7   14.6    88   12.7    0.0     NO   0.00   1.6    NO   14.7   14.7   14.7  1018.3   0.00    0.0    0.038   0.000   23.8    55   14.2   24.1   10.05   1.1761     350     1    100.0   15 
11/09/26   6:15   14.8   14.9   14.7    88   12.9    0.0     NO   0.00   3.2    NO   14.8   14.9   14.9  1018.5   0.00    0.0    0.036   0.000   23.9    55   14.3   24.2   10.05   1.1760     350     1    100.0   15 
11/09/26   6:30   15.1   15.2   14.9    86   12.7    0.0     NO   0.00   1.6    NO   15.1   15.1   15.1  1018.7   0.00    0.0    0.034   0.000   24.1    56   14.7   24.3   10.24   1.1750     352     1    100.0   15 
11/09/26   6:45   15.6   16.0   15.2    85   13.0    0.0     NO   0.00   1.6    NO   15.6   15.6   15.6  1018.8   0.00    0.0    0.029   0.000   24.4    56   15.1   24.7   10.21   1.1732     350     1    100.0   15 
11/09/26   7:00   16.7   17.3   16.1    80   13.2    0.0     NO   0.00   1.6    NO   16.7   16.8   16.8  1018.9   0.00    0.0    0.017   0.000   24.8    55   15.2   25.0    9.98   1.1717     350     1    100.0   15 
11/09/26   7:15   17.6   17.8   17.3    76   13.3    0.0     NO   0.00   3.2    NO   17.6   17.7   17.7  1019.1   0.00    0.0    0.008   0.000   25.2    55   15.5   25.4    9.95   1.1699     349     1    100.0   15 
11/09/26   7:30   17.4   17.8   17.2    77   13.4    1.6     NO   0.40   3.2    NO   17.4   17.5   17.5  1019.1   0.00    0.0    0.009   0.000   25.6    54   15.6   25.8    9.79   1.1686     350     1    100.0   15 
11/09/26   7:45   18.0   18.8   17.3    75   13.5    0.0     NO   0.00   3.2    NO   18.0   18.1   18.1  1019.2   0.00    0.0    0.003   0.000   25.8    53   15.5   26.0    9.65   1.1679     351     1    100.0   15 
11/09/26   8:00   19.4   19.9   18.8    71   14.0    1.6    ENE   0.40   4.8    NO   19.4   19.6   19.6  1019.2   0.00    0.0    0.000   0.011   26.0    53   15.7   26.2    9.65   1.1668     350     1    100.0   15 
11/09/26   8:15   19.9   20.2   19.6    70   14.3    1.6     NO   0.40   6.4    NO   19.9   20.3   20.3  1019.3   0.00    0.0    0.000   0.017   26.2    53   15.9   26.4    9.65   1.1658     351     1    100.0   15 
11/09/26   8:30   19.7   19.9   19.6    70   14.1    1.6     NO   0.40   4.8    NO   19.7   20.0   20.0  1019.5   0.00    0.0    0.000   0.014   26.3    51   15.4   26.5    9.35   1.1662     351     1    100.0   15 
11/09/26   8:45   20.3   20.7   19.9    69   14.4    1.6     NO   0.40   6.4    NO   20.3   20.5   20.5  1019.6   0.00    0.0    0.000   0.020   26.4    52   15.7   26.6    9.46   1.1656     351     1    100.0   15 
11/09/26   9:00   21.4   22.2   20.7    65   14.6    1.6    ESE   0.40   8.0     E   21.4   21.3   21.3  1019.6   0.00    0.0    0.000   0.032   26.6    52   15.9   26.7    9.45   1.1648     349     1    100.0   15 
11/09/26   9:15   22.4   22.6   22.2    66   15.7    1.6      S   0.40   6.4   OSO   22.4   22.7   22.7  1019.7   0.00    0.0    0.000   0.042   26.8    52   16.1   27.0    9.45   1.1638     351     1    100.0   15 
11/09/26   9:30   22.9   23.1   22.6    67   16.4    1.6      O   0.40   4.8     O   22.9   23.4   23.4  1019.7   0.00    0.0    0.000   0.047   26.9    51   15.9   27.1    9.34   1.1634     350     1    100.0   15 
11/09/26   9:45   23.6   24.1   23.1    64   16.3    1.6      E   0.40   9.7     E   23.6   24.2   24.2  1019.6   0.00    0.0    0.000   0.054   27.1    51   16.1   27.3    9.33   1.1624     350     1    100.0   15 
11/09/26  10:00   24.6   24.9   24.1    60   16.3    1.6      E   0.40   9.7     E   24.6   25.0   25.0  1019.5   0.00    0.0    0.000   0.065   27.3    51   16.3   27.5    9.33   1.1614     351     1    100.0   15 
11/09/26  10:15   24.8   24.9   24.7    55   15.2    1.6    SSE   0.40   8.0     S   24.8   25.0   25.0  1019.4   0.00    0.0    0.000   0.068   27.4    51   16.4   27.7    9.32   1.1607     349     1    100.0   15 
11/09/26  10:30   25.3   25.6   25.0    49   13.8    1.6    OSO   0.40   8.0     S   25.3   25.2   25.2  1019.3   0.00    0.0    0.000   0.072   27.6    51   16.5   27.9    9.32   1.1597     347     1    100.0   15 
11/09/26  10:45   25.9   26.2   25.6    44   12.8    3.2      S   0.80   9.7   SSO   25.9   25.7   25.7  1019.2   0.00    0.0    0.000   0.079   27.7    50   16.3   27.9    9.11   1.1595     351     1    100.0   15 
11/09/26  11:00   26.3   26.4   26.1    44   13.1    3.2     SO   0.80  11.3   SSO   26.3   26.1   26.1  1019.0   0.00    0.0    0.000   0.083   27.7    49   16.0   27.9    8.91   1.1594     349     1    100.0   15 
11/09/26  11:15   26.3   26.3   26.1    42   12.3    4.8     SO   1.21  12.9   OSO   26.3   25.9   25.9  1018.9   0.00    0.0    0.000   0.083   27.8    48   15.8   28.1    8.81   1.1591     351     1    100.0   15 
11/09/26  11:30   26.8   27.1   26.3    39   11.7    3.2      S   0.80  14.5    SO   26.8   26.2   26.2  1018.8   0.00    0.0    0.000   0.088   27.9    47   15.6   28.2    8.60   1.1589     351     1    100.0   15 
11/09/26  11:45   27.3   27.4   27.1    41   12.9    3.2    OSO   0.80   9.7   SSO   27.3   26.8   26.8  1018.7   0.00    0.0    0.000   0.093   28.0    47   15.6   28.2    8.60   1.1585     351     1    100.0   15 
11/09/26  12:00   27.8   28.1   27.3    43   14.1    4.8      S   1.21  12.9   ENE   27.8   27.6   27.6  1018.3   0.00    0.0    0.000   0.098   28.1    46   15.4   28.2    8.45   1.1582     351     1    100.0   15 
11/09/26  12:15   28.0   28.3   27.7    44   14.6    4.8     SE   1.21  12.9    NE   28.0   28.0   28.0  1018.1   0.00    0.0    0.000   0.101   28.1    47   15.7   28.4    8.60   1.1573     351     1    100.0   15 
11/09/26  12:30   28.3   28.3   28.2    45   15.2    4.8    SSE   1.21  14.5     O   28.3   28.5   28.5  1018.1   0.00    0.0    0.000   0.104   28.2    47   15.8   28.5    8.60   1.1570     351     1    100.0   15 
11/09/26  12:45   28.1   28.2   27.9    47   15.7    4.8     SO   1.21  12.9     S   28.1   28.3   28.3  1017.9   0.00    0.0    0.000   0.101   28.2    46   15.5   28.5    8.45   1.1569     350     1    100.0   15 
11/09/26  13:00   28.1   28.2   28.1    45   15.1    4.8    SSO   1.21  12.9     O   28.1   28.3   28.3  1017.7   0.00    0.0    0.000   0.102   28.2    47   15.8   28.6    8.59   1.1562     351     1    100.0   15 
11/09/26  13:15   28.3   28.4   28.2    44   14.9    4.8    OSO   1.21  12.9     S   28.3   28.5   28.5  1017.7   0.00    0.0    0.000   0.104   28.2    46   15.5   28.5    8.45   1.1567     351     1    100.0   15 
11/09/26  13:30   28.2   28.3   28.0    45   15.2    4.8    OSO   1.21  14.5    SO   28.2   28.4   28.4  1017.7   0.00    0.0    0.000   0.103   28.2    46   15.5   28.5    8.45   1.1567     351     1    100.0   15 
11/09/26  13:45   28.4   28.6   28.1    42   14.3    4.8      S   1.21  14.5   SSE   28.4   28.5   28.5  1017.7   0.00    0.0    0.000   0.105   28.3    46   15.6   28.7    8.45   1.1562     351     1    100.0   15 
11/09/26  14:00   28.7   29.0   28.4    43   14.9    3.2    OSO   0.80  11.3   OSO   28.7   29.1   29.1  1017.5   0.00    0.0    0.000   0.108   28.4    46   15.7   28.8    8.45   1.1557     352     1    100.0   15 
11/09/26  14:15   28.6   28.8   28.2    47   16.2    4.8      S   1.21  14.5   OSO   28.6   29.2   29.2  1017.5   0.00    0.0    0.000   0.107   28.4    46   15.7   28.8    8.45   1.1556     351     1    100.0   15 
11/09/26  14:30   27.9   28.2   27.8    49   16.2    6.4      S   1.61  17.7    SO   27.9   28.2   28.2  1017.6   0.00    0.0    0.000   0.100   28.4    47   16.0   28.9    8.59   1.1550     351     1    100.0   15 
11/09/26  14:45   28.0   28.1   27.9    49   16.3    4.8    SSO   1.21  12.9     S   28.0   28.4   28.4  1017.5   0.00    0.0    0.000   0.101   28.5    47   16.1   29.1    8.58   1.1547     350     1    100.0   15 
11/09/26  15:00   28.2   28.6   27.9    47   15.8    4.8    OSO   1.21  11.3   OSO   28.2   28.6   28.6  1017.7   0.00    0.0    0.000   0.103   28.6    47   16.2   29.2    8.58   1.1542     350     1    100.0   15 
11/09/26  15:15   28.3   28.6   28.0    47   15.9    4.8     SO   1.21  16.1   OSO   28.3   28.8   28.8  1017.7   0.00    0.0    0.000   0.104   28.7    47   16.2   29.3    8.58   1.1540     352     1    100.0   15 
11/09/26  15:30   28.1   28.1   27.9    48   16.0    4.8     SO   1.21  12.9    SO   28.1   28.4   28.4  1017.7   0.00    0.0    0.000   0.101   28.7    47   16.3   29.4    8.58   1.1537     351     1    100.0   15 
11/09/26  15:45   27.9   28.1   27.7    46   15.2    6.4      S   1.61  12.9   SSE   27.9   28.1   28.1  1017.7   0.00    0.0    0.000   0.100   28.7    47   16.3   29.4    8.58   1.1537     351     1    100.0   15 
11/09/26  16:00   27.9   28.0   27.8    44   14.5    4.8    OSO   1.21  14.5     S   27.9   27.8   27.8  1017.7   0.00    0.0    0.000   0.100   28.7    47   16.3   29.4    8.58   1.1538     351     1    100.0   15 
11/09/26  16:15   27.8   27.9   27.7    43   14.1    4.8      S   1.21  12.9     S   27.8   27.7   27.7  1017.9   0.00    0.0    0.000   0.099   28.7    46   16.0   29.3    8.45   1.1544     351     1    100.0   15 
11/09/26  16:30   27.3   27.7   27.0    44   14.0    6.4      S   1.61  14.5   SSE   27.3   27.1   27.1  1018.1   0.00    0.0    0.000   0.094   28.7    46   15.9   29.2    8.45   1.1548     350     1    100.0   15 
11/09/26  16:45   26.8   27.0   26.5    43   13.2    4.8      S   1.21  16.1     S   26.8   26.5   26.5  1018.2   0.00    0.0    0.000   0.089   28.6    45   15.5   29.1    8.28   1.1557     351     1    100.0   15 
11/09/26  17:00   26.2   26.5   25.9    47   14.0    6.4      S   1.61  14.5   SSE   26.2   26.1   26.1  1018.3   0.00    0.0    0.000   0.082   28.6    45   15.5   28.9    8.28   1.1562     350     1    100.0   15 
11/09/26  17:15   25.8   25.9   25.6    49   14.3    4.8      S   1.21  12.9   OSO   25.8   25.8   25.8  1018.5   0.00    0.0    0.000   0.078   28.4    45   15.4   28.8    8.29   1.1569     352     1    100.0   15 
11/09/26  17:30   25.4   25.6   25.3    53   15.2    4.8      S   1.21  11.3   OSO   25.4   25.6   25.6  1018.6   0.00    0.0    0.000   0.074   28.3    45   15.3   28.6    8.29   1.1576     351     1    100.0   15 
11/09/26  17:45   24.8   25.3   24.4    56   15.4    4.8      S   1.21  12.9     S   24.8   25.0   25.0  1018.8   0.00    0.0    0.000   0.067   28.3    46   15.6   28.6    8.45   1.1577     351     1    100.0   15 
11/09/26  18:00   24.2   24.4   23.9    59   15.6    3.2      S   0.80   9.7     S   24.2   24.6   24.6  1018.9   0.00    0.0    0.000   0.061   28.2    46   15.5   28.4    8.45   1.1583     351     1    100.0   15 
11/09/26  18:15   23.7   23.9   23.6    60   15.5    1.6      S   0.40   8.0     S   23.7   24.2   24.2  1019.0   0.00    0.0    0.000   0.056   28.1    47   15.7   28.3    8.60   1.1586     351     1    100.0   15 
11/09/26  18:30   23.3   23.6   23.1    62   15.6    1.6      S   0.40   6.4   SSO   23.3   23.8   23.8  1019.3   0.00    0.0    0.000   0.052   27.9    47   15.6   28.2    8.60   1.1595     351     1    100.0   15 
11/09/26  18:45   23.0   23.1   22.8    65   16.1    1.6      S   0.40   4.8     S   23.0   23.5   23.5  1019.5   0.00    0.0    0.000   0.049   27.8    48   15.8   28.1    8.81   1.1598     350     1    100.0   15 
11/09/26  19:00   22.7   22.8   22.7    66   16.0    1.6     SE   0.40   3.2    SE   22.7   23.1   23.1  1019.7   0.00    0.0    0.000   0.046   27.7    48   15.7   27.9    8.81   1.1606     351     1    100.0   15 
11/09/26  19:15   22.6   22.7   22.5    67   16.1    1.6      S   0.40   4.8   SSE   22.6   22.9   22.9  1019.9   0.00    0.0    0.000   0.044   27.7    49   16.0   27.9    8.91   1.1608     349     1    100.0   15 
11/09/26  19:30   22.4   22.5   22.3    69   16.4    1.6      S   0.40   4.8     S   22.4   22.8   22.8  1020.1   0.00    0.0    0.000   0.042   27.6    49   15.9   27.7    8.92   1.1615     351     1    100.0   15 
11/09/26  19:45   22.2   22.3   22.2    70   16.5    1.6    SSO   0.40   4.8   SSO   22.2   22.6   22.6  1020.4   0.00    0.0    0.000   0.041   27.5    50   16.1   27.7    9.12   1.1617     350     1    100.0   15 
11/09/26  20:00   22.1   22.2   22.1    71   16.6    0.0     SO   0.00   4.8    SO   22.1   22.5   22.5  1020.5   0.00    0.0    0.000   0.039   27.4    50   16.1   27.7    9.12   1.1622     350     1    100.0   15 
11/09/26  20:15   22.0   22.1   21.9    72   16.7    0.0     SO   0.00   1.6    SO   22.0   22.4   22.4  1020.7   0.00    0.0    0.000   0.038   27.4    51   16.4   27.7    9.32   1.1622     350     1    100.0   15 
11/09/26  20:30   21.9   22.0   21.9    71   16.4    1.6     SO   0.40   3.2    SO   21.9   22.3   22.3  1020.8   0.00    0.0    0.000   0.038   27.3    51   16.3   27.6    9.33   1.1626     351     1    100.0   15 
11/09/26  20:45   21.7   21.9   21.6    72   16.5    1.6    ONO   0.40   4.8   ONO   21.7   22.1   22.1  1020.8   0.00    0.0    0.000   0.035   27.2    51   16.2   27.4    9.33   1.1632     350     1    100.0   15 
11/09/26  21:00   21.6   21.7   21.6    72   16.3    1.6    ONO   0.40   3.2   ONO   21.6   21.9   21.9  1021.0   0.00    0.0    0.000   0.034   27.2    51   16.2   27.4    9.33   1.1634     351     1    100.0   15 
11/09/26  21:15   21.6   21.7   21.5    72   16.3    1.6    ONO   0.40   3.2   ONO   21.6   21.8   21.8  1021.1   0.00    0.0    0.000   0.034   27.1    51   16.1   27.3    9.33   1.1641     350     1    100.0   15 
11/09/26  21:30   21.6   21.7   21.5    73   16.5    1.6      E   0.40   4.8     E   21.6   21.9   21.9  1021.3   0.00    0.0    0.000   0.034   27.1    52   16.4   27.4    9.43   1.1639     351     1    100.0   15 
11/09/26  21:45   21.7   21.7   21.7    73   16.6    3.2    ENE   0.80   4.8     E   21.7   22.0   22.0  1021.3   0.00    0.0    0.000   0.035   27.1    52   16.4   27.3    9.44   1.1642     352     1    100.0   15 
11/09/26  22:00   21.7   21.7   21.6    73   16.6    1.6    ENE   0.40   4.8   ENE   21.7   22.0   22.0  1021.4   0.00    0.0    0.000   0.035   27.1    52   16.4   27.4    9.43   1.1640     350     1    100.0   15 
11/09/26  22:15   21.6   21.6   21.4    74   16.7    1.6    ENE   0.40   4.8   ENE   21.6   21.9   21.9  1021.5   0.00    0.0    0.000   0.034   27.2    52   16.5   27.4    9.43   1.1639     349     1    100.0   15 
11/09/26  22:30   21.3   21.4   21.2    76   16.9    1.6    ENE   0.40   4.8   ENE   21.3   21.8   21.8  1021.4   0.00    0.0    0.000   0.031   27.2    52   16.5   27.4    9.43   1.1638     351     1    100.0   15 
11/09/26  22:45   21.3   21.3   21.2    80   17.7    4.8    ENE   1.21   6.4   ENE   21.3   21.9   21.9  1021.3   0.00    0.0    0.000   0.031   27.1    52   16.4   27.4    9.43   1.1639     351     1    100.0   15 
11/09/26  23:00   21.3   21.3   21.2    81   17.9    1.6    ENE   0.40   4.8   ENE   21.3   21.9   21.9  1021.2   0.00    0.0    0.000   0.031   27.1    53   16.7   27.4    9.64   1.1636     350     1    100.0   15 
11/09/26  23:15   21.0   21.2   20.9    81   17.6    1.6    ENE   0.40   4.8   ENE   21.0   21.7   21.7  1021.3   0.00    0.0    0.000   0.028   27.0    53   16.6   27.3    9.64   1.1641     351     1    100.0   15 
11/09/26  23:30   20.9   20.9   20.8    81   17.5    1.6    ENE   0.40   4.8   ENE   20.9   21.6   21.6  1021.3   0.00    0.0    0.000   0.027   26.9    53   16.5   27.2    9.64   1.1646     350     1    100.0   15 
11/09/26  23:45   20.6   20.8   20.5    81   17.2    1.6     NO   0.40   4.8    NO   20.6   21.4   21.4  1021.3   0.00    0.0    0.000   0.024   26.8    53   16.4   27.1    9.64   1.1649     351     1    100.0   15 
12/09/26  00:00   20.7   20.8   20.6    82   17.5    1.6     NO   0.40   3.2    NO   20.7   21.6   21.6  1021.1   0.00    0.0    0.000   0.025   26.8    53   16.4   27.1    9.65   1.1650     351     1    100.0   15 
12/09/26   0:15   20.7   20.8   20.7    83   17.7    1.6     NO   0.40   4.8    NO   20.7   21.6   21.6  1021.2   0.00    0.0    0.000   0.025   26.7    53   16.3   27.0    9.65   1.1654     349     1    100.0   15 
12/09/26   0:30   20.4   20.7   20.1    83   17.4    1.6    ENE   0.40   4.8   ENE   20.4   21.3   21.3  1021.1   0.00    0.0    0.000   0.021   26.7    53   16.3   26.9    9.65   1.1656     351     1    100.0   15 
12/09/26   0:45   20.0   20.1   19.9    84   17.2    3.2    ENE   0.80   6.4   ENE   20.0   20.8   20.8  1021.1   0.00    0.0    0.000   0.017   26.6    53   16.2   26.8    9.65   1.1661     351     1    100.0   15 
12/09/26   1:00   19.8   19.9   19.7    83   16.8    1.6    NNO   0.40   3.2   ENE   19.8   20.5   20.5  1021.0   0.00    0.0    0.000   0.015   26.5    53   16.1   26.8    9.65   1.1663     350     1    100.0   15 
12/09/26   1:15   19.6   19.7   19.5    84   16.8    0.0    NNO   0.00   3.2     N   19.6   20.3   20.3  1021.0   0.00    0.0    0.000   0.013   26.4    53   16.1   26.7    9.65   1.1666     351     1    100.0   15 
12/09/26   1:30   19.5   19.5   19.4    85   16.9    1.6    ENE   0.40   4.8   NNE   19.5   20.2   20.2  1021.0   0.00    0.0    0.000   0.012   26.4    53   16.0   26.6    9.65   1.1668     351     1    100.0   15 
12/09/26   1:45   19.3   19.4   19.2    86   16.9    1.6    NNO   0.40   4.8     N   19.3   20.0   20.0  1020.9   0.00    0.0    0.000   0.010   26.3    53   16.0   26.6    9.65   1.1670     351     1    100.0   15 
12/09/26   2:00   19.1   19.2   19.0    86   16.7    0.0    NNO   0.00   3.2   NNO   19.1   19.8   19.8  1021.1   0.00    0.0    0.000   0.008   26.3    54   16.2   26.6    9.76   1.1671     350     1    100.0   15 
12/09/26   2:15   18.8   19.0   18.6    87   16.6    1.6    NNO   0.40   3.2   NNO   18.8   19.4   19.4  1021.0   0.00    0.0    0.000   0.005   26.2    54   16.1   26.4    9.77   1.1676     350     1    100.0   15 
12/09/26   2:30   18.6   18.7   18.5    88   16.5    1.6    NNO   0.40   4.8   NNO   18.6   19.1   19.1  1020.9   0.00    0.0    0.000   0.002   26.1    54   16.1   26.4    9.77   1.1678     352     1    100.0   15 
12/09/26   2:45   18.3   18.5   18.2    88   16.3    0.0    NNO   0.00   3.2   NNO   18.3   18.8   18.8  1020.9   0.00    0.0    0.000   0.000   26.1    54   16.0   26.3    9.77   1.1681     350     1    100.0   15 
12/09/26   3:00   18.1   18.2   17.9    89   16.2    0.0    NNO   0.00   1.6   NNO   18.1   18.6   18.6  1021.0   0.00    0.0    0.003   0.000   26.0    54   16.0   26.3    9.77   1.1684     350     1    100.0   15 
12/09/26   3:15   17.8   17.9   17.7    89   15.9    0.0    NNO   0.00   3.2   NNO   17.8   18.2   18.2  1021.1   0.00    0.0    0.006   0.000   25.9    54   15.9   26.2    9.78   1.1692     351     1    100.0   15 
12/09/26   3:30   17.6   17.7   17.6    89   15.8    0.0    NNO   0.00   1.6   NNO   17.6   18.0   18.0  1021.0   0.00    0.0    0.008   0.000   25.8    54   15.8   26.1    9.78   1.1693     352     1    100.0   15 
12/09/26   3:45   17.4   17.6   17.3    90   15.8    0.0    NNO   0.00   1.6   NNO   17.4   17.8   17.8  1021.0   0.00    0.0    0.009   0.000   25.8    54   15.8   26.0    9.78   1.1696     351     1    100.0   15 
12/09/26   4:00   17.3   17.3   17.3    90   15.7    0.0    NNO   0.00   3.2   NNO   17.3   17.7   17.7  1021.0   0.00    0.0    0.010   0.000   25.7    54   15.7   25.9    9.78   1.1699     351     1    100.0   15 
12/09/26   4:15   17.4   17.5   17.3    91   15.9    1.6    NNO   0.40   4.8   NNO   17.4   17.8   17.8  1021.0   0.00    0.0    0.010   0.000   25.6    54   15.6   25.8    9.79   1.1705     350     1    100.0   15 
12/09/26   4:30   17.3   17.4   17.3    90   15.7    1.6    NNO   0.40   4.8   NNO   17.3   17.7   17.7  1021.0   0.00    0.0    0.010   0.000   25.6    54   15.6   25.8    9.79   1.1708     351     1    100.0   15 
12/09/26   4:45   17.3   17.3   17.2    90   15.6    0.0    NNO   0.00   3.2   NNO   17.3   17.7   17.7  1020.9   0.00    0.0    0.011   0.000   25.5    54   15.5   25.7    9.79   1.1709     351     1    100.0   15 
12/09/26   5:00   17.2   17.2   17.1    91   15.7    0.0    NNO   0.00   3.2   NNO   17.2   17.6   17.6  1020.9   0.00    0.0    0.012   0.000   25.4    54   15.5   25.7    9.79   1.1712     351     1    100.0   15 
12/09/26   5:15   17.0   17.1   16.9    91   15.5    0.0    NNO   0.00   3.2   NNO   17.0   17.3   17.3  1021.0   0.00    0.0    0.014   0.000   25.4    55   15.7   25.6    9.94   1.1712     351     1    100.0   15 
12/09/26   5:30   16.9   17.0   16.9    91   15.5    3.2    NNO   0.80   6.4   NNO   16.9   17.3   17.3  1021.0   0.00    0.0    0.014   0.000   25.3    55   15.6   25.6    9.95   1.1715     351     1    100.0   15 
12/09/26   5:45   16.9   17.0   16.9    91   15.5    3.2    NNO   0.80   4.8   NNO   16.9   17.3   17.3  1021.2   0.00    0.0    0.014   0.000   25.2    55   15.5   25.4    9.95   1.1723     352     1    100.0   15 
12/09/26   6:00   17.1   17.2   16.9    92   15.7    1.6    NNO   0.40   4.8   NNO   17.1   17.4   17.4  1021.2   0.00    0.0    0.013   0.000   25.2    55   15.5   25.4    9.96   1.1726     351     1    100.0   15 
12/09/26   6:15   17.2   17.2   17.1    91   15.7    0.0    NNO   0.00   3.2   NNO   17.2   17.6   17.6  1021.2   0.00    0.0    0.012   0.000   25.2    55   15.5   25.4    9.95   1.1724     351     1    100.0   15 
12/09/26   6:30   17.2   17.5   17.1    91   15.7    0.0    NNO   0.00   3.2   NNO   17.2   17.6   17.6  1021.1   0.00    0.0    0.012   0.000   25.3    57   16.2   25.7   10.25   1.1709     351     1    100.0   15 
12/09/26   6:45   18.0   18.4   17.5    90   16.3    0.0    NNO   0.00   3.2   NNO   18.0   18.5   18.5  1021.3   0.00    0.0    0.003   0.000   25.7    57   16.5   26.1   10.22   1.1694     352     1    100.0   15 
12/09/26   7:00   18.7   18.9   18.4    87   16.5    0.0    ESE   0.00   3.2   NNO   18.7   19.3   19.3  1021.3   0.00    0.0    0.000   0.004   26.0    56   16.5   26.4   10.10   1.1680     351     1    100.0   15 
12/09/26   7:15   19.2   19.8   18.9    86   16.8    1.6    ESE   0.40   4.8   ESE   19.2   19.9   19.9  1021.4   0.00    0.0    0.000   0.009   26.3    56   16.9   26.7   10.07   1.1664     351     1    100.0   15 
12/09/26   7:30   20.1   20.3   19.8    82   16.9    1.6    ESE   0.40   6.4   ONO   20.1   20.9   20.9  1021.5   0.00    0.0    0.000   0.019   26.6    55   16.8   27.0    9.85   1.1655     350     1    100.0   15 
