                 Temp.  Temp.  Temp.  Hum.   Punt   Vel.   Dir.   Rec.  Vel.  Dir.  Sens.   Índ.   Índ.                  Int. Graus D.Graus D.  Temp.  Hum. Rosada  In.Cal.  EMC     Dens.    Mostr   Tx   Recep.  Int.
  Data    Hora    Ext.   Màx.   Mín.  Ext. Rosada   Vent   Vent   Vent  Màx.  Màx.  Tèrm.  Calor   THW    Bar    Pluja   Pluja  Calor    Fred    Int.  Int.   Int.   Int.    Int.  Int.Aire    Vent   Vent   ISS   Arc.
-------------------------------------------------------------------------------------------------------------------------------------------------------------------------------------------------------------------------
28/09/26   0:15   20.7   20.7   20.7    91   19.2    0.0    ---   0.00   0.0   ---   20.7   21.9   21.9  1019.1   0.00    0.0    0.000   0.025   26.3    62   18.5   27.1   11.16   1.1613     301     1     88.0   15 
28/09/26   0:30   20.7   20.7   20.6    91   19.1    0.0    ENE   0.00   1.6   ENE   20.7   21.8   21.8  1018.9   0.00    0.0    0.000   0.024   26.3    62   18.4   27.1   11.16   1.1615     352     1    100.0   15 
28/09/26   0:45   20.6   20.6   20.6    91   19.0    0.0    ENE   0.00   3.2   ENE   20.6   21.7   21.7  1019.0   0.00    0.0    0.000   0.023   26.2    62   18.4   27.0   11.17   1.1618     351     1    100.0   15 
28/09/26   1:00   20.6   20.6   20.4    91   19.0    0.0    ENE   0.00   1.6   ENE   20.6   21.7   21.7  1019.0   0.00    0.0    0.000   0.023   26.2    62   18.3   26.9   11.17   1.1621     351     1    100.0   15 
28/09/26   1:15   20.3   20.4   20.2    91   18.8    0.0    NNO   0.00   1.6   NNO   20.3   21.4   21.4  1018.9   0.00    0.0    0.000   0.021   26.1    62   18.3   26.8   11.17   1.1624     351     1    100.0   15 
28/09/26   1:30   20.1   20.2   20.1    92   18.8    0.0    NNO   0.00   1.6   NNO   20.1   21.1   21.1  1018.8   0.00    0.0    0.000   0.019   26.1    62   18.2   26.8   11.17   1.1625     351     1    100.0   15 
28/09/26   1:45   20.0   20.1   19.9    92   18.7    0.0    ---   0.00   0.0   ---   20.0   21.0   21.0  1018.7   0.00    0.0    0.000   0.017   26.0    62   18.2   26.7   11.17   1.1627     351     1    100.0   15 
28/09/26   2:00   19.9   20.0   19.9    93   18.8    0.0    NNO   0.00   1.6   NNO   19.9   20.9   20.9  1018.7   0.00    0.0    0.000   0.017   25.9    62   18.1   26.7   11.18   1.1629     351     1    100.0   15 
28/09/26   2:15   19.9   19.9   19.8    93   18.7    0.0    NNO   0.00   1.6   NNO   19.9   20.9   20.9  1018.6   0.00    0.0    0.000   0.016   25.9    62   18.0   26.6   11.18   1.1632     351     1    100.0   15 
28/09/26   2:30   19.7   19.8   19.6    93   18.5    0.0    NNO   0.00   1.6   NNO   19.7   20.6   20.6  1018.4   0.00    0.0    0.000   0.014   25.8    62   18.0   26.5   11.18   1.1632     349     1    100.0   15 
28/09/26   2:45   19.6   19.6   19.4    93   18.4    0.0    NNO   0.00   1.6   NNO   19.6   20.4   20.4  1018.2   0.00    0.0    0.000   0.013   25.8    62   17.9   26.4   11.18   1.1633     352     1    100.0   15 
28/09/26   3:00   19.5   19.5   19.4    93   18.3    0.0    ---   0.00   0.0   ---   19.5   20.4   20.4  1018.2   0.00    0.0    0.000   0.012   25.7    61   17.6   26.3   10.98   1.1639     351     1    100.0   15 
28/09/26   3:15   19.4   19.5   19.4    94   18.5    0.0      E   0.00   3.2     E   19.4   20.3   20.3  1018.1   0.00    0.0    0.000   0.012   25.7    61   17.6   26.2   10.99   1.1642     351     1    100.0   15 
28/09/26   3:30   19.3   19.4   19.3    94   18.3    0.0      E   0.00   1.6     E   19.3   20.2   20.2  1018.1   0.00    0.0    0.000   0.010   25.6    61   17.5   26.2   10.99   1.1644     349     1    100.0   15 
28/09/26   3:45   19.2   19.3   19.2    94   18.2    0.0    ---   0.00   0.0   ---   19.2   20.1   20.1  1018.0   0.00    0.0    0.000   0.009   25.6    61   17.5   26.1   10.99   1.1646     352     1    100.0   15 
28/09/26   4:00   19.2   19.2   19.2    94   18.2    0.0    ---   0.00   0.0   ---   19.2   20.0   20.0  1018.0   0.00    0.0    0.000   0.009   25.5    61   17.4   26.1   10.99   1.1649     351     1    100.0   15 
28/09/26   4:15   19.0   19.2   18.8    94   18.0    0.0    ---   0.00   0.0   ---   19.0   19.8   19.8  1018.0   0.00    0.0    0.000   0.007   25.4    61   17.4   26.0   10.99   1.1652     351     1    100.0   15 
28/09/26   4:30   18.8   18.8   18.8    94   17.8    0.0    NNO   0.00   1.6   NNO   18.8   19.5   19.5  1018.0   0.00    0.0    0.000   0.005   25.4    61   17.3   25.9   11.00   1.1655     351     1    100.0   15 
28/09/26   4:45   18.8   18.8   18.8    94   17.8    0.0     NO   0.00   1.6    NO   18.8   19.6   19.6  1017.9   0.00    0.0    0.000   0.005   25.4    61   17.3   25.9   11.00   1.1654     351     1    100.0   15 
28/09/26   5:00   18.8   18.9   18.8    94   17.8    0.0    ---   0.00   0.0   ---   18.8   19.6   19.6  1017.9   0.00    0.0    0.000   0.005   25.3    61   17.2   25.8   11.00   1.1659     352     1    100.0   15 
28/09/26   5:15   18.8   18.8   18.7    94   17.8    0.0    ---   0.00   0.0   ---   18.8   19.5   19.5  1017.9   0.00    0.0    0.000   0.005   25.2    61   17.2   25.7   11.00   1.1662     351     1    100.0   15 
28/09/26   5:30   18.6   18.7   18.6    95   17.8    0.0    ---   0.00   0.0   ---   18.6   19.3   19.3  1017.9   0.00    0.0    0.000   0.003   25.2    61   17.1   25.7   11.00   1.1666     350     1    100.0   15 
28/09/26   5:45   18.6   18.6   18.4    94   17.6    0.0    ---   0.00   0.0   ---   18.6   19.2   19.2  1018.0   0.00    0.0    0.000   0.002   25.1    61   17.1   25.6   11.01   1.1669     351     1    100.0   15 
28/09/26   6:00   18.4   18.5   18.4    95   17.6    0.0    ---   0.00   0.0   ---   18.4   19.1   19.1  1018.1   0.00    0.0    0.000   0.001   25.1    61   17.0   25.6   11.01   1.1673     350     1    100.0   15 
28/09/26   6:15   18.4   18.5   18.4    95   17.6    0.0    ---   0.00   0.0   ---   18.4   19.1   19.1  1018.2   0.00    0.0    0.000   0.001   25.1    61   17.0   25.6   11.01   1.1674     351     1    100.0   15 
28/09/26   6:30   18.4   18.4   18.3    95   17.6    0.0    ---   0.00   0.0   ---   18.4   19.1   19.1  1018.3   0.00    0.0    0.000   0.001   25.1    63   17.6   25.7   11.41   1.1665     351     1    100.0   15 
28/09/26   6:45   18.3   18.3   18.3    95   17.5    0.0    ---   0.00   0.0   ---   18.3   19.0   19.0  1018.4   0.00    0.0    0.000   0.000   25.3    63   17.7   25.9   11.40   1.1658     351     1    100.0   15 
28/09/26   7:00   18.4   18.5   18.3    95   17.6    0.0    NNO   0.00   1.6   NNO   18.4   19.1   19.1  1018.4   0.00    0.0    0.000   0.001   25.4    63   17.9   26.1   11.39   1.1649     351     1    100.0   15 
28/09/26   7:15   18.7   18.8   18.5    95   17.9    0.0    NNO   0.00   1.6   NNO   18.7   19.4   19.4  1018.4   0.00    0.0    0.000   0.004   25.7    62   17.8   26.3   11.19   1.1641     351     1    100.0   15 
28/09/26   7:30   18.9   19.1   18.8    96   18.2    0.0    ---   0.00   0.0   ---   18.9   19.7   19.7  1018.4   0.00    0.0    0.000   0.006   25.9    62   18.0   26.6   11.18   1.1630     351     1    100.0   15 
28/09/26   7:45   19.2   19.3   19.1    95   18.4    0.0    ---   0.00   0.0   ---   19.2   20.1   20.1  1018.2   0.00    0.0    0.000   0.009   26.1    62   18.2   26.8   11.17   1.1618     350     1    100.0   15 
28/09/26   8:00   19.3   19.4   19.2    95   18.5    0.0    ---   0.00   0.0   ---   19.3   20.2   20.2  1018.3   0.00    0.0    0.000   0.010   26.4    62   18.5   27.2   11.16   1.1601     350     1    100.0   15 
28/09/26   8:15   19.8   20.0   19.5    92   18.5    0.0     NO   0.00   4.8    NO   19.8   20.8   20.8  1018.3   0.00    0.0    0.000   0.016   26.7    61   18.5   27.4   10.95   1.1591     351     1    100.0   15 
28/09/26   8:30   20.4   21.1   20.0    90   18.7    0.0    ENE   0.00   4.8   ENE   20.4   21.4   21.4  1018.3   0.00    0.0    0.000   0.021   26.8    61   18.6   27.6   10.95   1.1585     351     1    100.0   15 
28/09/26   8:45   21.6   22.0   21.1    84   18.8    0.0    ESE   0.00   6.4   ENE   21.6   22.6   22.6  1018.4   0.00    0.0    0.000   0.034   26.7    61   18.5   27.4   10.95   1.1592     351     1    100.0   15 
28/09/26   9:00   22.3   22.7   22.0    81   18.9    0.0    ENE   0.00   3.2   ENE   22.3   23.1   23.1  1018.6   0.00    0.0    0.000   0.041   26.9    61   18.7   27.8   10.95   1.1582     349     1    100.0   15 
28/09/26   9:15   22.9   23.1   22.7    75   18.3    1.6    ENE   0.40   9.7     E   22.9   23.8   23.8  1018.8   0.00    0.0    0.000   0.048   27.1    60   18.7   28.0   10.75   1.1577     350     1    100.0   15 
28/09/26   9:30   23.3   23.7   23.1    71   17.7    0.0      E   0.00   8.0     E   23.3   24.2   24.2  1018.7   0.00    0.0    0.000   0.052   27.2    60   18.8   28.2   10.75   1.1570     349     1    100.0   15 
28/09/26   9:45   24.1   24.4   23.7    68   17.8    1.6    ENE   0.40  11.3     E   24.1   24.9   24.9  1018.6   0.00    0.0    0.000   0.060   27.3    59   18.6   28.2   10.55   1.1567     349     1    100.0   15 
28/09/26  10:00   24.7   24.9   24.4    66   17.9    1.6    ENE   0.40   9.7     E   24.7   25.5   25.5  1018.5   0.00    0.0    0.000   0.067   27.4    58   18.4   28.3   10.35   1.1565     351     1    100.0   15 
28/09/26  10:15   25.2   25.4   24.9    67   18.6    1.6    ESE   0.40   8.0     E   25.2   26.1   26.1  1018.5   0.00    0.0    0.000   0.071   27.5    58   18.5   28.4   10.35   1.1562     350     1    100.0   15 
28/09/26  10:30   25.3   25.5   25.1    67   18.7    1.6    ENE   0.40   6.4   ESE   25.3   26.2   26.2  1018.5   0.00    0.0    0.000   0.072   27.6    58   18.5   28.5   10.35   1.1558     352     1    100.0   15 
28/09/26  10:45   25.1   25.2   25.1    68   18.8    1.6      E   0.40   8.0    NE   25.1   26.1   26.1  1018.5   0.00    0.0    0.000   0.071   27.6    58   18.5   28.5   10.35   1.1558     351     1    100.0   15 
28/09/26  11:00   25.1   25.2   25.0    70   19.2    1.6    ENE   0.40   9.7     E   25.1   26.1   26.1  1018.4   0.00    0.0    0.000   0.070   27.6    58   18.5   28.5   10.35   1.1557     349     1    100.0   15 
28/09/26  11:15   25.1   25.2   25.0    69   19.0    1.6      E   0.40  11.3   ENE   25.1   26.1   26.1  1018.3   0.00    0.0    0.000   0.071   27.6    58   18.6   28.6   10.35   1.1553     350     1    100.0   15 
28/09/26  11:30   25.3   25.4   25.2    69   19.2    1.6    ENE   0.40   8.0     E   25.3   26.3   26.3  1018.2   0.00    0.0    0.000   0.073   27.7    58   18.7   28.7   10.35   1.1546     352     1    100.0   15 
28/09/26  11:45   25.2   25.3   25.1    69   19.1    1.6    ENE   0.40  11.3   ENE   25.2   26.2   26.2  1018.1   0.00    0.0    0.000   0.072   27.7    58   18.7   28.7   10.35   1.1544     351     1    100.0   15 
28/09/26  12:00   25.6   25.7   25.3    67   19.0    3.2      E   0.80  11.3   ENE   25.6   26.4   26.4  1017.9   0.00    0.0    0.000   0.075   27.8    58   18.8   28.9   10.35   1.1536     350     1    100.0   15 
28/09/26  12:15   25.4   25.6   25.4    67   18.9    3.2    ENE   0.80  16.1   ENE   25.4   26.3   26.3  1017.7   0.00    0.0    0.000   0.074   27.9    58   18.9   29.0   10.35   1.1532     351     1    100.0   15 
28/09/26  12:30   25.4   25.5   25.4    66   18.6    0.0    ENE   0.00   6.4   ENE   25.4   26.3   26.3  1017.5   0.00    0.0    0.000   0.074   27.9    58   18.9   29.0   10.35   1.1529     352     1    100.0   15 
28/09/26  12:45   25.5   25.7   25.4    66   18.7    1.6      E   0.40  14.5   ESE   25.5   26.3   26.3  1017.2   0.00    0.0    0.000   0.075   27.9    58   18.9   29.0   10.35   1.1526     351     1    100.0   15 
28/09/26  13:00   25.9   26.1   25.7    63   18.3    1.6    ENE   0.40  11.3   ESE   25.9   26.7   26.7  1017.1   0.00    0.0    0.000   0.079   27.9    57   18.6   29.0   10.20   1.1526     349     1    100.0   15 
28/09/26  13:15   25.7   25.9   25.6    63   18.1    1.6    ENE   0.40  14.5   ENE   25.7   26.4   26.4  1017.1   0.00    0.0    0.000   0.077   27.9    57   18.6   29.0   10.20   1.1526     350     1    100.0   15 
28/09/26  13:30   25.9   26.2   25.6    58   17.0    1.6     SE   0.40  17.7   ESE   25.9   26.3   26.3  1017.1   0.00    0.0    0.000   0.079   28.0    56   18.4   29.0   10.05   1.1527     351     1    100.0   15 
28/09/26  13:45   26.3   26.3   26.2    55   16.5    3.2      E   0.80  17.7   ESE   26.3   26.6   26.6  1016.9   0.00    0.0    0.000   0.083   28.1    54   17.9   28.9    9.75   1.1531     351     1    100.0   15 
28/09/26  14:00   26.3   26.3   26.1    56   16.8    3.2    ESE   0.80  11.3   ENE   26.3   26.7   26.7  1016.9   0.00    0.0    0.000   0.083   28.1    53   17.6   28.8    9.60   1.1535     351     1    100.0   15 
28/09/26  14:15   25.9   26.1   25.7    59   17.3    3.2      E   0.80  12.9     E   25.9   26.4   26.4  1016.8   0.00    0.0    0.000   0.079   28.0    53   17.5   28.7    9.60   1.1537     351     1    100.0   15 
28/09/26  14:30   25.6   25.7   25.5    62   17.7    3.2      E   0.80  17.7    NE   25.6   26.2   26.2  1016.7   0.00    0.0    0.000   0.075   28.0    53   17.5   28.7    9.60   1.1536     351     1    100.0   15 
28/09/26  14:45   25.8   25.9   25.6    61   17.7    3.2      E   0.80  17.7     E   25.8   26.4   26.4  1016.6   0.00    0.0    0.000   0.078   28.1    54   17.9   28.9    9.75   1.1528     352     1    100.0   15 
28/09/26  15:00   25.8   25.8   25.7    60   17.4    3.2      E   0.80  16.1   ENE   25.8   26.3   26.3  1016.6   0.00    0.0    0.000   0.078   28.2    54   18.0   29.1    9.75   1.1522     350     1    100.0   15 
28/09/26  15:15   25.7   25.8   25.7    59   17.1    3.2      E   0.80  17.7     E   25.7   26.2   26.2  1016.6   0.00    0.0    0.000   0.077   28.2    54   18.0   29.2    9.75   1.1519     350     1    100.0   15 
28/09/26  15:30   25.8   25.8   25.7    57   16.6    1.6      E   0.40  16.1   ESE   25.8   26.2   26.2  1016.6   0.00    0.0    0.000   0.078   28.3    53   17.8   29.2    9.59   1.1520     351     1    100.0   15 
28/09/26  15:45   25.8   25.8   25.7    59   17.2    3.2      E   0.80  12.9     E   25.8   26.3   26.3  1016.7   0.00    0.0    0.000   0.078   28.2    54   18.0   29.2    9.75   1.1520     352     1    100.0   15 
28/09/26  16:00   25.7   25.9   25.4    63   18.1    1.6      E   0.40  20.9   ENE   25.7   26.4   26.4  1016.6   0.00    0.0    0.000   0.077   28.2    54   18.0   29.2    9.75   1.1519     351     1    100.0   15 
28/09/26  16:15   25.1   25.4   24.8    67   18.6    1.6    ENE   0.40  14.5    SE   25.1   26.0   26.0  1016.7   0.00    0.0    0.000   0.071   28.1    55   18.2   29.1    9.85   1.1521     349     1    100.0   15 
28/09/26  16:30   24.7   24.8   24.7    68   18.4    1.6      E   0.40  11.3   ESE   24.7   25.6   25.6  1016.9   0.00    0.0    0.000   0.067   28.1    55   18.2   29.1    9.85   1.1523     350     1    100.0   15 
28/09/26  16:45   24.4   24.7   24.1    71   18.8    1.6      E   0.40  14.5   ENE   24.4   25.4   25.4  1016.8   0.00    0.0    0.000   0.063   28.1    56   18.5   29.1   10.05   1.1521     351     1    100.0   15 
28/09/26  17:00   23.9   24.1   23.7    73   18.8    1.6    ENE   0.40  12.9   ESE   23.9   24.9   24.9  1016.9   0.00    0.0    0.000   0.058   27.9    56   18.4   28.9   10.05   1.1528     351     1    100.0   15 
28/09/26  17:15   23.5   23.7   23.4    74   18.6    0.0    ESE   0.00   9.7     E   23.5   24.6   24.6  1016.9   0.00    0.0    0.000   0.054   27.9    57   18.6   28.9   10.19   1.1527     351     1    100.0   15 
28/09/26  17:30   23.3   23.4   23.2    75   18.6    0.0    ESE   0.00   3.2   NNE   23.3   24.3   24.3  1017.0   0.00    0.0    0.000   0.052   27.8    57   18.5   28.8   10.19   1.1531     350     1    100.0   15 
28/09/26  17:45   23.0   23.2   22.9    75   18.3    0.0    ENE   0.00   3.2     E   23.0   23.9   23.9  1017.0   0.00    0.0    0.000   0.049   27.8    57   18.5   28.8   10.19   1.1531     351     1    100.0   15 
28/09/26  18:00   22.8   22.9   22.7    76   18.3    0.0      E   0.00   3.2   ENE   22.8   23.7   23.7  1017.2   0.00    0.0    0.000   0.046   27.7    58   18.7   28.7   10.35   1.1538     351     1    100.0   15 
28/09/26  18:15   22.6   22.7   22.4    77   18.3    0.0    ENE   0.00   4.8   ENE   22.6   23.3   23.3  1017.2   0.00    0.0    0.000   0.044   27.4    58   18.4   28.3   10.35   1.1549     350     1    100.0   15 
28/09/26  18:30   22.3   22.4   22.3    79   18.5    0.0      E   0.00   3.2     E   22.3   23.1   23.1  1017.3   0.00    0.0    0.000   0.042   27.3    59   18.6   28.2   10.55   1.1552     351     1    100.0   15 
28/09/26  18:45   22.2   22.3   22.2    79   18.4    0.0    SSE   0.00   3.2   SSE   22.2   22.9   22.9  1017.3   0.00    0.0    0.000   0.041   27.3    59   18.6   28.2   10.55   1.1555     351     1    100.0   15 
28/09/26  19:00   22.1   22.2   22.1    80   18.5    0.0      E   0.00   3.2     E   22.1   22.9   22.9  1017.4   0.00    0.0    0.000   0.039   27.2    59   18.5   28.1   10.55   1.1559     351     1    100.0   15 
28/09/26  19:15   22.0   22.1   21.9    80   18.4    0.0    ENE   0.00   1.6     E   22.0   22.8   22.8  1017.5   0.00    0.0    0.000   0.038   27.1    60   18.6   27.9   10.75   1.1565     351     1    100.0   15 
28/09/26  19:30   21.9   21.9   21.8    81   18.5    0.0      E   0.00   1.6     E   21.9   22.7   22.7  1017.5   0.00    0.0    0.000   0.037   27.0    60   18.6   27.8   10.75   1.1568     350     1    100.0   15 
28/09/26  19:45   21.8   21.8   21.8    81   18.4    0.0    ---   0.00   0.0   ---   21.8   22.6   22.6  1017.7   0.00    0.0    0.000   0.036   27.0    60   18.6   27.8   10.75   1.1570     349     1    100.0   15 
28/09/26  20:00   21.8   21.9   21.8    81   18.4    0.0    ---   0.00   0.0   ---   21.8   22.6   22.6  1017.7   0.00    0.0    0.000   0.036   26.9    60   18.5   27.8   10.75   1.1574     351     1    100.0   15 
28/09/26  20:15   21.8   21.9   21.7    81   18.4    0.0    ---   0.00   0.0   ---   21.8   22.6   22.6  1017.9   0.00    0.0    0.000   0.036   26.8    60   18.4   27.6   10.75   1.1581     352     1    100.0   15 
28/09/26  20:30   21.6   21.7   21.5    82   18.4    0.0    ---   0.00   0.0   ---   21.6   22.4   22.4  1017.9   0.00    0.0    0.000   0.034   26.8    60   18.4   27.6   10.75   1.1581     351     1    100.0   15 
28/09/26  20:45   21.5   21.6   21.4    82   18.3    0.0     NO   0.00   1.6    NO   21.5   22.3   22.3  1017.7   0.00    0.0    0.000   0.033   26.9    60   18.5   27.7   10.75   1.1577     351     1    100.0   15 
28/09/26  21:00   21.6   21.7   21.6    82   18.4    0.0    ENE   0.00   1.6   ENE   21.6   22.4   22.4  1017.9   0.00    0.0    0.000   0.034   27.0    60   18.6   27.8   10.75   1.1572     351     1    100.0   15 
28/09/26  21:15   21.6   21.7   21.6    84   18.8    0.0    ENE   0.00   3.2   ENE   21.6   22.6   22.6  1017.8   0.00    0.0    0.000   0.034   27.1    60   18.6   27.9   10.75   1.1568     351     1    100.0   15 
28/09/26  21:30   21.5   21.6   21.4    85   18.9    0.0    ENE   0.00   1.6   ENE   21.5   22.4   22.4  1017.9   0.00    0.0    0.000   0.033   27.1    60   18.6   27.9   10.75   1.1570     350     1    100.0   15 
28/09/26  21:45   21.4   21.5   21.4    85   18.8    0.0    ENE   0.00   1.6   ENE   21.4   22.4   22.4  1018.1   0.00    0.0    0.000   0.032   27.1    60   18.6   27.9   10.75   1.1571     350     1    100.0   15 
28/09/26  22:00   21.4   21.5   21.3    85   18.8    0.0    ---   0.00   0.0   ---   21.4   22.3   22.3  1018.0   0.00    0.0    0.000   0.032   27.1    60   18.6   27.9   10.75   1.1570     351     1    100.0   15 
28/09/26  22:15   21.3   21.3   21.3    85   18.7    0.0    ---   0.00   0.0   ---   21.3   22.2   22.2  1018.0   0.00    0.0    0.000   0.031   27.1    60   18.6   27.9   10.75   1.1570     351     1    100.0   15 
28/09/26  22:30   21.2   21.3   21.1    85   18.6    0.0    ---   0.00   0.0   ---   21.2   22.1   22.1  1017.8   0.00    0.0    0.000   0.030   27.1    60   18.6   27.9   10.75   1.1568     351     1    100.0   15 
28/09/26  22:45   21.2   21.2   21.1    86   18.7    0.0    ENE   0.00   1.6   ENE   21.2   22.1   22.1  1017.8   0.00    0.0    0.000   0.030   27.0    60   18.6   27.8   10.75   1.1571     351     1    100.0   15 
28/09/26  23:00   21.2   21.2   21.1    85   18.5    0.0    ---   0.00   0.0   ---   21.2   22.0   22.0  1017.7   0.00    0.0    0.000   0.030   26.9    60   18.5   27.7   10.75   1.1576     351     1    100.0   15 
28/09/26  23:15   21.1   21.1   21.0    86   18.6    0.0    ---   0.00   0.0   ---   21.1   21.9   21.9  1017.7   0.00    0.0    0.000   0.028   26.7    60   18.3   27.4   10.75   1.1585     351     1    100.0   15 
28/09/26  23:30   20.9   21.0   20.9    86   18.5    0.0    ---   0.00   0.0   ---   20.9   21.9   21.9  1017.6   0.00    0.0    0.000   0.027   26.6    60   18.2   27.3   10.75   1.1590     352     1    100.0   15 
28/09/26  23:45   20.9   20.9   20.9    87   18.6    0.0      E   0.00   6.4   ENE   20.9   21.9   21.9  1017.5   0.00    0.0    0.000   0.027   26.5    60   18.1   27.2   10.76   1.1594     350     1    100.0   15 
29/09/26  00:00   21.0   21.0   20.9    87   18.8    0.0    ENE   0.00   8.0   ENE   21.0   21.9   21.9  1017.5   0.00    0.0    0.000   0.028   26.4    60   18.1   27.1   10.77   1.1597     351     1    100.0   15 
29/09/26   0:15   20.9   20.9   20.9    87   18.6    0.0      E   0.00   1.6    NE   20.9   21.9   21.9  1017.6   0.00    0.0    0.000   0.027   26.4    60   18.0   27.1   10.77   1.1602     348     1    100.0   15 
29/09/26   0:30   20.9   20.9   20.9    87   18.6    0.0    ESE   0.00   1.6   ESE   20.9   21.9   21.9  1017.8   0.00    0.0    0.000   0.027   26.3    60   17.9   26.9   10.78   1.1609     350     1    100.0   15 
29/09/26   0:45   20.9   20.9   20.9    88   18.8    0.0      E   0.00   1.6     E   20.9   21.9   21.9  1017.6   0.00    0.0    0.000   0.027   26.2    60   17.8   26.8   10.78   1.1611     352     1    100.0   15 
29/09/26   1:00   20.9   21.0   20.9    88   18.9    0.0    ENE   0.00   1.6   ENE   20.9   21.9   21.9  1017.6   0.00    0.0    0.000   0.027   26.2    60   17.8   26.8   10.79   1.1613     351     1    100.0   15 
29/09/26   1:15   21.1   21.1   21.0    88   19.0    0.0    ENE   0.00   3.2   ENE   21.1   22.1   22.1  1017.5   0.00    0.0    0.000   0.028   26.1    60   17.7   26.7   10.79   1.1618     351     1    100.0   15 
29/09/26   1:30   21.0   21.1   21.0    89   19.1    0.0    ESE   0.00   3.2   ESE   21.0   22.1   22.1  1017.3   0.00    0.0    0.000   0.028   26.1    60   17.7   26.7   10.79   1.1616     351     1    100.0   15 
29/09/26   1:45   21.0   21.0   21.0    89   19.1    0.0     NE   0.00   4.8    NE   21.0   22.1   22.1  1017.2   0.00    0.0    0.000   0.028   26.0    60   17.6   26.6   10.80   1.1617     351     1    100.0   15 
29/09/26   2:00   20.9   21.0   20.9    89   19.1    0.0    ENE   0.00   8.0     E   20.9   22.0   22.0  1017.1   0.00    0.0    0.000   0.027   25.9    60   17.6   26.5   10.80   1.1619     352     1    100.0   15 
29/09/26   2:15   20.8   20.9   20.8    89   19.0    0.0    ENE   0.00  12.9   ENE   20.8   21.9   21.9  1017.0   0.00    0.0    0.000   0.026   25.9    60   17.5   26.4   10.81   1.1621     351     1    100.0   15 
29/09/26   2:30   20.8   20.8   20.7    90   19.1    0.0    ENE   0.00   4.8     E   20.8   21.9   21.9  1017.0   0.00    0.0    0.000   0.025   25.9    60   17.5   26.4   10.81   1.1620     351     1    100.0   15 
29/09/26   2:45   20.7   20.7   20.6    91   19.1    0.0      E   0.00   8.0     E   20.7   21.8   21.8  1017.0   0.00    0.0    0.000   0.024   25.8    60   17.5   26.4   10.81   1.1624     351     1    100.0   15 
29/09/26   3:00   20.6   20.7   20.6    92   19.3    0.0    ENE   0.00   8.0    NE   20.6   21.8   21.8  1016.9   0.00    0.0    0.000   0.024   25.8    60   17.4   26.3   10.81   1.1626     351     1    100.0   15 
29/09/26   3:15   20.7   20.7   20.6    92   19.3    1.6    ENE   0.40  11.3   ENE   20.7   21.8   21.8  1016.7   0.00    0.0    0.000   0.024   25.7    60   17.4   26.3   10.82   1.1626     350     1    100.0   15 
29/09/26   3:30   20.5   20.6   20.4    92   19.2    0.0    ENE   0.00   6.4    NE   20.5   21.7   21.7  1016.7   0.00    0.0    0.000   0.023   25.7    60   17.4   26.3   10.82   1.1626     351     1    100.0   15 
29/09/26   3:45   20.4   20.4   20.4    93   19.3    1.6    ENE   0.40   8.0   ENE   20.4   21.6   21.6  1016.7   0.00    0.0    0.000   0.022   25.7    61   17.6   26.2   10.99   1.1625     351     1    100.0   15 
29/09/26   4:00   20.4   20.5   20.4    93   19.3    0.0     NE   0.00   4.8   ENE   20.4   21.6   21.6  1016.8   0.00    0.0    0.000   0.022   25.6    61   17.5   26.2   10.99   1.1629     352     1    100.0   15 
29/09/26   4:15   20.4   20.4   20.3    93   19.2    0.0    ENE   0.00   8.0    NE   20.4   21.6   21.6  1016.3   0.00    0.0    0.000   0.021   25.6    61   17.5   26.1   10.99   1.1627     351     1    100.0   15 
29/09/26   4:30   20.4   20.4   20.3    93   19.2    0.0    ENE   0.00  11.3     E   20.4   21.6   21.6  1016.2   0.00    0.0    0.000   0.021   25.5    61   17.4   26.1   10.99   1.1628     351     1    100.0   15 
29/09/26   4:45   20.4   20.4   20.3    93   19.2    1.6    ENE   0.40  12.9     E   20.4   21.6   21.6  1016.3   0.00    0.0    0.000   0.021   25.5    61   17.4   26.1   10.99   1.1629     350     1    100.0   15 
29/09/26   5:00   20.4   20.4   20.3    93   19.2    0.0    ENE   0.00   8.0    NE   20.4   21.6   21.6  1016.1   0.00    0.0    0.000   0.021   25.4    61   17.4   26.0   10.99   1.1629     350     1    100.0   15 
29/09/26   5:15   20.3   20.3   20.3    93   19.2    0.0    ENE   0.00   4.8   ENE   20.3   21.4   21.4  1016.2   0.00    0.0    0.000   0.021   25.4    61   17.3   25.9   11.00   1.1634     352     1    100.0   15 
29/09/26   5:30   20.3   20.3   20.3    94   19.3    0.0    ENE   0.00   6.4   ESE   20.3   21.4   21.4  1015.9   0.00    0.0    0.000   0.020   25.3    61   17.3   25.9   11.00   1.1633     351     1    100.0   15 
29/09/26   5:45   20.3   20.4   20.3    94   19.3    1.6    ENE   0.40  12.9   ENE   20.3   21.5   21.5  1016.3   0.00    0.0    0.000   0.021   25.3    61   17.3   25.9   11.00   1.1638     351     1    100.0   15 
29/09/26   6:00   20.3   20.4   20.3    93   19.2    0.0      E   0.00   4.8    NE   20.3   21.4   21.4  1016.3   0.20    0.0    0.000   0.021   25.3    61   17.2   25.8   11.00   1.1641     351     1    100.0   15 
29/09/26   6:15   20.2   20.3   20.2    94   19.2    0.0     SO   0.00   1.6    SO   20.2   21.3   21.3  1016.9   2.80   23.4    0.000   0.020   25.2    61   17.2   25.7   11.00   1.1651     351     1    100.0   15 
29/09/26   6:30   20.1   20.2   20.1    94   19.1    0.0     NO   0.00   9.7   NNO   20.1   21.2   21.2  1017.4  14.80  107.6    0.000   0.019   25.3    62   17.5   25.9   11.20   1.1650     351     1    100.0   15 
29/09/26   6:45   19.8   20.1   19.6    94   18.8    0.0     NO   0.00   4.8   ONO   19.8   20.8   20.8  1017.7  12.40  138.8    0.000   0.016   25.4    62   17.6   26.1   11.19   1.1645     351     1    100.0   15 
29/09/26   7:00   19.4   19.6   18.9    94   18.4    1.6     NO   0.40  11.3    NO   19.4   20.3   20.3  1017.9   8.80   86.6    0.000   0.011   25.6    62   17.8   26.2   11.19   1.1638     351     1    100.0   15 
29/09/26   7:15   18.5   18.9   18.2    95   17.7    1.6    NNO   0.40   8.0    NO   18.5   19.2   19.2  1018.2   7.60   86.0    0.000   0.002   25.7    62   17.9   26.4   11.18   1.1635     349     1    100.0   15 
29/09/26   7:30   18.1   18.2   17.9    95   17.2    0.0     NO   0.00   6.4    NO   18.1   18.7   18.7  1018.1   3.60   26.6    0.003   0.000   25.8    62   17.9   26.4   11.18   1.1632     352     1    100.0   15 
29/09/26   7:45   18.0   18.1   17.9    96   17.4    0.0     NO   0.00   3.2    NO   18.0   18.6   18.6  1018.2   5.20   90.8    0.003   0.000   25.8    62   17.9   26.4   11.18   1.1633     350     1    100.0   15 
29/09/26   8:00   18.2   18.3   18.1    95   17.4    0.0     NO   0.00   3.2    NO   18.2   18.8   18.8  1018.2   1.40   13.2    0.002   0.000   25.8    62   17.9   26.4   11.18   1.1632     351     1    100.0   15 
29/09/26   8:15   18.3   18.3   18.2    96   17.6    1.6     NO   0.40   4.8    NO   18.3   18.9   18.9  1018.1   0.80   11.4    0.001   0.000   25.8    62   17.9   26.4   11.18   1.1631     351     1    100.0   15 
29/09/26   8:30   18.4   18.6   18.3    96   17.8    0.0     NO   0.00   4.8    NO   18.4   19.2   19.2  1017.9   0.00    0.0    0.000   0.001   25.8    62   17.9   26.4   11.18   1.1629     352     1    100.0   15 
29/09/26   8:45   18.6   18.6   18.6    96   17.9    0.0    ESE   0.00   3.2    NO   18.6   19.3   19.3  1018.1   1.40   11.6    0.000   0.002   25.8    62   17.9   26.4   11.18   1.1631     350     1    100.0   15 
29/09/26   9:00   18.7   18.7   18.6    96   18.0    0.0    ENE   0.00   3.2   ESE   18.7   19.4   19.4  1017.9   0.80    6.6    0.000   0.003   25.8    62   17.9   26.4   11.18   1.1630     351     1    100.0   15 
29/09/26   9:15   18.8   18.8   18.7    96   18.1    0.0    ONO   0.00   4.8   ONO   18.8   19.6   19.6  1018.2   0.00    0.8    0.000   0.005   25.7    62   17.9   26.4   11.18   1.1636     351     1    100.0   15 
29/09/26   9:30   18.9   18.9   18.8    96   18.2    0.0    ONO   0.00   3.2   ONO   18.9   19.7   19.7  1018.5   0.00    0.0    0.000   0.006   25.7    62   17.8   26.3   11.19   1.1642     352     1    100.0   15 
29/09/26   9:45   18.9   18.9   18.9    96   18.3    0.0     NE   0.00   4.8   ENE   18.9   19.7   19.7  1018.3   0.00    0.0    0.000   0.006   25.7    62   17.9   26.4   11.18   1.1637     350     1    100.0   15 
