                 Temp.  Temp.  Temp.  Hum.   Punt   Vel.   Dir.   Rec.  Vel.  Dir.  Sens.   Índ.   Índ.                  Int. Graus D.Graus D.  Temp.  Hum. Rosada  In.Cal.  EMC     Dens.    Mostr   Tx   Recep.  Int.
  Data    Hora    Ext.   Màx.   Mín.  Ext. Rosada   Vent   Vent   Vent  Màx.  Màx.  Tèrm.  Calor   THW    Bar    Pluja   Pluja  Calor    Fred    Int.  Int.   Int.   Int.    Int.  Int.Aire    Vent   Vent   ISS   Arc.
-------------------------------------------------------------------------------------------------------------------------------------------------------------------------------------------------------------------------
 3/09/26   0:15   22.6   22.7   22.3    74   17.7    3.2     NO   0.80   4.8    NO   22.6   23.2   23.2  1020.6   0.00    0.0    0.000   0.044   27.9    58   18.9   29.0   10.35   1.1565     348     1    100.0   15 
 3/09/26   0:30   22.8   22.8   22.7    72   17.5    3.2     NO   0.80   4.8    NO   22.8   23.5   23.5  1020.6   0.00    0.0    0.000   0.046   27.8    58   18.8   28.9   10.35   1.1568     351     1    100.0   15 
 3/09/26   0:45   22.7   22.8   22.7    74   17.8    1.6     NO   0.40   4.8    NO   22.7   23.5   23.5  1020.6   0.00    0.0    0.000   0.046   27.8    57   18.5   28.7   10.19   1.1576     351     1    100.0   15 
 3/09/26   1:00   22.8   22.9   22.7    77   18.6    1.6     NO   0.40   3.2    NO   22.8   23.8   23.8  1020.5   0.00    0.0    0.000   0.047   27.8    57   18.5   28.7   10.19   1.1574     351     1    100.0   15 
 3/09/26   1:15   22.9   23.0   22.9    77   18.7    0.0     NO   0.00   3.2    NO   22.9   23.9   23.9  1020.4   0.00    0.0    0.000   0.048   27.7    57   18.4   28.7   10.19   1.1576     350     1    100.0   15 
 3/09/26   1:30   22.8   22.9   22.7    78   18.7    0.0     NO   0.00   1.6    NO   22.8   23.7   23.7  1020.4   0.00    0.0    0.000   0.046   27.7    58   18.7   28.7   10.35   1.1571     350     1    100.0   15 
 3/09/26   1:45   22.6   22.7   22.6    79   18.8    0.0     NO   0.00   1.6    NO   22.6   23.5   23.5  1020.5   0.00    0.0    0.000   0.045   27.7    58   18.7   28.7   10.35   1.1572     350     1    100.0   15 
 3/09/26   2:00   22.7   22.7   22.6    82   19.4    0.0    ---   0.00   0.0   ---   22.7   23.7   23.7  1020.4   0.00    0.0    0.000   0.045   27.7    58   18.7   28.7   10.35   1.1571     352     1    100.0   15 
 3/09/26   2:15   22.6   22.7   22.5    84   19.8    0.0     NO   0.00   1.6    NO   22.6   23.7   23.7  1020.4   0.00    0.0    0.000   0.045   27.7    59   19.0   28.8   10.55   1.1567     351     1    100.0   15 
 3/09/26   2:30   22.4   22.6   22.3    85   19.7    0.0     NO   0.00   1.6    NO   22.4   23.4   23.4  1020.4   0.00    0.0    0.000   0.042   27.7    59   19.0   28.8   10.55   1.1567     351     1    100.0   15 
 3/09/26   2:45   22.1   22.3   21.9    85   19.5    0.0    ---   0.00   0.0   ---   22.1   23.1   23.1  1020.4   0.00    0.0    0.000   0.039   27.7    60   19.2   28.8   10.75   1.1565     351     1    100.0   15 
 3/09/26   3:00   21.8   21.9   21.7    85   19.1    0.0     NO   0.00   1.6    NO   21.8   22.8   22.8  1020.3   0.00    0.0    0.000   0.036   27.6    60   19.1   28.7   10.75   1.1568     352     1    100.0   15 
 3/09/26   3:15   21.4   21.7   21.2    83   18.4    1.6     NO   0.40   4.8    NO   21.4   22.3   22.3  1020.3   0.00    0.0    0.000   0.032   27.6    60   19.1   28.7   10.75   1.1571     351     1    100.0   15 
 3/09/26   3:30   21.4   21.4   21.3    84   18.6    1.6     NO   0.40   3.2    NO   21.4   22.3   22.3  1020.2   0.00    0.0    0.000   0.032   27.5    60   19.0   28.6   10.75   1.1573     351     1    100.0   15 
 3/09/26   3:45   21.4   21.4   21.3    84   18.6    0.0     NO   0.00   1.6    NO   21.4   22.3   22.3  1020.2   0.00    0.0    0.000   0.032   27.4    59   18.7   28.4   10.55   1.1579     351     1    100.0   15 
 3/09/26   4:00   21.3   21.4   21.2    84   18.5    0.0     NO   0.00   1.6    NO   21.3   22.1   22.1  1020.1   0.00    0.0    0.000   0.031   27.4    59   18.7   28.4   10.55   1.1578     351     1    100.0   15 
 3/09/26   4:15   21.1   21.2   20.9    84   18.2    0.0     NO   0.00   1.6    NO   21.1   21.9   21.9  1020.0   0.00    0.0    0.000   0.028   27.3    59   18.6   28.2   10.55   1.1583     350     1    100.0   15 
 3/09/26   4:30   20.8   20.9   20.7    85   18.2    0.0     NO   0.00   1.6    NO   20.8   21.7   21.7  1020.0   0.00    0.0    0.000   0.025   27.3    59   18.6   28.2   10.55   1.1586     351     1    100.0   15 
 3/09/26   4:45   20.6   20.7   20.4    84   17.8    0.0     NO   0.00   1.6    NO   20.6   21.5   21.5  1020.1   0.00    0.0    0.000   0.023   27.2    59   18.5   28.1   10.55   1.1591     351     1    100.0   15 
 3/09/26   5:00   20.4   20.5   20.4    85   17.8    0.0     NO   0.00   1.6    NO   20.4   21.4   21.4  1020.2   0.00    0.0    0.000   0.022   27.2    59   18.5   28.0   10.55   1.1594     350     1    100.0   15 
 3/09/26   5:15   20.4   20.4   20.4    85   17.8    1.6     NO   0.40   3.2    NO   20.4   21.3   21.3  1020.2   0.00    0.0    0.000   0.021   27.1    59   18.4   27.9   10.55   1.1598     352     1    100.0   15 
 3/09/26   5:30   20.4   20.5   20.4    84   17.6    1.6     NO   0.40   3.2    NO   20.4   21.4   21.4  1020.3   0.00    0.0    0.000   0.022   27.1    59   18.4   27.8   10.55   1.1601     351     1    100.0   15 
 3/09/26   5:45   20.5   20.6   20.4    82   17.3    1.6     NO   0.40   3.2    NO   20.5   21.4   21.4  1020.4   0.00    0.0    0.000   0.023   27.0    59   18.3   27.8   10.55   1.1605     351     1    100.0   15 
 3/09/26   6:00   20.6   20.8   20.4    80   17.0    1.6     NO   0.40   4.8    NO   20.6   21.4   21.4  1020.5   0.00    0.0    0.000   0.023   27.0    58   18.0   27.7   10.35   1.1611     351     1    100.0   15 
 3/09/26   6:15   21.1   21.3   20.8    77   16.9    1.6     NO   0.40   4.8    NO   21.1   21.5   21.5  1020.7   0.00    0.0    0.000   0.028   27.1    57   17.8   27.7   10.16   1.1614     351     1    100.0   15 
 3/09/26   6:30   21.7   22.0   21.3    75   17.0    0.0     NO   0.00   3.2    NO   21.7   22.1   22.1  1020.8   0.00    0.0    0.000   0.035   27.1    57   17.8   27.7   10.16   1.1616     351     1    100.0   15 
 3/09/26   6:45   22.4   22.9   22.0    72   17.1    0.0     NO   0.00   3.2    NO   22.4   23.0   23.0  1021.0   0.00    0.0    0.000   0.043   27.2    56   17.7   27.8   10.05   1.1614     351     1    100.0   15 
 3/09/26   7:00   23.3   23.5   22.9    73   18.2    0.0     NO   0.00   3.2    NO   23.3   24.3   24.3  1021.1   0.00    0.0    0.000   0.052   27.5    56   17.9   28.2   10.05   1.1600     351     1    100.0   15 
 3/09/26   7:15   23.6   23.8   23.4    72   18.2    1.6    SSE   0.40   3.2   SSE   23.6   24.6   24.6  1021.1   0.00    0.0    0.000   0.054   27.8    56   18.2   28.7   10.05   1.1585     351     1    100.0   15 
 3/09/26   7:30   23.9   24.1   23.8    71   18.4    1.6    SSE   0.40   4.8   SSE   23.9   24.9   24.9  1021.1   0.00    0.0    0.000   0.058   27.9    56   18.3   28.8   10.05   1.1579     352     1    100.0   15 
 3/09/26   7:45   24.5   24.7   24.1    69   18.4    1.6    OSO   0.40   4.8   OSO   24.5   25.4   25.4  1021.0   0.00    0.0    0.000   0.064   28.1    56   18.5   29.1   10.05   1.1570     349     1    100.0   15 
 3/09/26   8:00   24.9   25.3   24.7    67   18.3    0.0    OSO   0.00   3.2   OSO   24.9   25.7   25.7  1021.0   0.00    0.0    0.000   0.068   28.2    56   18.6   29.2   10.05   1.1564     351     1    100.0   15 
 3/09/26   8:15   25.6   25.9   25.3    65   18.5    0.0    OSO   0.00   3.2   OSO   25.6   26.3   26.3  1021.0   0.00    0.0    0.000   0.075   28.3    56   18.7   29.4   10.05   1.1557     350     1    100.0   15 
 3/09/26   8:30   26.2   26.7   25.9    63   18.6    1.6     SO   0.40   3.2    SO   26.2   27.1   27.1  1021.0   0.00    0.0    0.000   0.082   28.4    55   18.5   29.5    9.85   1.1556     351     1    100.0   15 
 3/09/26   8:45   27.4   27.9   26.7    58   18.4    1.6      E   0.40   8.0     E   27.4   28.2   28.2  1021.1   0.00    0.0    0.000   0.094   28.5    55   18.6   29.7    9.85   1.1552     351     1    100.0   15 
 3/09/26   9:00   28.3   28.7   28.0    50   16.9    1.6    ENE   0.40   8.0     E   28.3   29.0   29.0  1021.1   0.00    0.0    0.000   0.104   28.7    54   18.4   29.9    9.75   1.1548     351     1    100.0   15 
 3/09/26   9:15   29.1   29.4   28.8    47   16.6    1.6    ENE   0.40   9.7     E   29.1   29.9   29.9  1021.3   0.00    0.0    0.000   0.112   28.8    52   17.9   29.9    9.37   1.1553     351     1    100.0   15 
 3/09/26   9:30   29.7   29.8   29.4    45   16.5    3.2      E   0.80  11.3   ENE   29.7   30.2   30.2  1021.3   0.00    0.0    0.000   0.118   28.9    51   17.8   30.1    9.27   1.1549     352     1    100.0   15 
 3/09/26   9:45   29.7   29.8   29.6    45   16.5    3.2    ENE   0.80  14.5     E   29.7   30.2   30.2  1021.3   0.00    0.0    0.000   0.118   29.1    49   17.3   30.1    8.86   1.1549     351     1    100.0   15 
 3/09/26  10:00   30.3   30.8   29.8    44   16.7    3.2    ESE   0.80  11.3     E   30.3   31.0   31.0  1021.1   0.00    0.0    0.000   0.125   29.3    50   17.8   30.3    9.06   1.1534     351     1    100.0   15 
 3/09/26  10:15   30.9   31.1   30.8    44   17.2    3.2    ENE   0.80  12.9   ENE   30.9   31.7   31.7  1021.3   0.00    0.0    0.000   0.131   29.5    49   17.7   30.4    8.85   1.1529     351     1    100.0   15 
 3/09/26  10:30   31.2   31.4   31.0    43   17.2    3.2      E   0.80  12.9     E   31.2   31.9   31.9  1020.9   0.00    0.0    0.000   0.134   29.6    49   17.8   30.6    8.85   1.1520     351     1    100.0   15 
 3/09/26  10:45   31.3   31.6   31.1    43   17.2    3.2     SO   0.80  12.9   OSO   31.3   32.1   32.1  1020.7   0.00    0.0    0.000   0.135   29.8    49   17.9   30.8    8.85   1.1508     352     1    100.0   15 
 3/09/26  11:00   31.5   31.7   31.3    43   17.4    4.8    ENE   1.21  14.5     E   31.5   32.5   32.5  1020.6   0.00    0.0    0.000   0.137   29.9    48   17.7   30.9    8.73   1.1503     350     1    100.0   15 
 3/09/26  11:15   32.0   32.4   31.6    42   17.5    4.8      S   1.21  12.9   ESE   32.0   33.1   33.1  1020.3   0.00    0.0    0.000   0.142   29.6    47   17.1   30.4    8.54   1.1522     351     1    100.0   15 
 3/09/26  11:30   32.4   32.7   32.2    42   17.8    4.8      S   1.21  12.9     S   32.4   33.7   33.7  1020.2   0.00    0.0    0.000   0.146   29.3    46   16.5   29.9    8.45   1.1542     351     1    100.0   15 
 3/09/26  11:45   32.6   32.8   32.5    41   17.6    4.8    OSO   1.21  11.3     O   32.6   33.8   33.8  1020.0   0.00    0.0    0.000   0.149   29.1    45   16.0   29.7    8.26   1.1553     352     1    100.0   15 
 3/09/26  12:00   32.5   32.8   32.3    41   17.5    4.8     SO   1.21  16.1   OSO   32.5   33.6   33.6  1019.9   0.00    0.0    0.000   0.148   29.0    45   15.9   29.6    8.27   1.1558     351     1    100.0   15 
 3/09/26  12:15   32.8   33.0   32.6    41   17.8    6.4      S   1.61  16.1   OSO   32.8   34.1   34.1  1019.8   0.00    0.0    0.000   0.150   28.8    45   15.7   29.4    8.27   1.1565     351     1    100.0   15 
 3/09/26  12:30   32.7   32.8   32.6    42   18.1    4.8    OSO   1.21  14.5    SO   32.7   34.2   34.2  1019.8   0.00    0.0    0.000   0.150   28.8    44   15.4   29.3    8.15   1.1570     351     1    100.0   15 
 3/09/26  12:45   32.9   33.1   32.8    43   18.7    6.4      S   1.61  14.5   SSO   32.9   34.8   34.8  1019.8   0.00    0.0    0.000   0.152   28.8    45   15.7   29.3    8.27   1.1567     352     1    100.0   15 
 3/09/26  13:00   32.7   32.8   32.6    44   18.9    6.4    SSO   1.61  16.1   SSE   32.7   34.7   34.7  1019.8   0.00    0.0    0.000   0.150   28.8    45   15.7   29.3    8.27   1.1568     351     1    100.0   15 
 3/09/26  13:15   32.8   32.9   32.7    42   18.2    6.4    SSO   1.61  17.7    SO   32.8   34.4   34.4  1019.8   0.00    0.0    0.000   0.151   28.8    45   15.7   29.3    8.27   1.1567     351     1    100.0   15 
 3/09/26  13:30   32.6   32.8   32.4    43   18.4    6.4      S   1.61  19.3    SO   32.6   34.3   34.3  1019.7   0.00    0.0    0.000   0.149   28.8    45   15.7   29.3    8.27   1.1567     351     1    100.0   15 
 3/09/26  13:45   32.6   32.8   32.2    45   19.1    8.0     SO   2.01  19.3     S   32.6   34.8   34.8  1019.6   0.00    0.0    0.000   0.149   28.7    45   15.6   29.2    8.28   1.1568     350     1    100.0   15 
 3/09/26  14:00   32.1   32.2   31.9    47   19.3    8.0    SSO   2.01  16.1   SSE   32.1   34.2   34.2  1019.5   0.00    0.0    0.000   0.143   28.7    45   15.6   29.2    8.28   1.1570     352     1    100.0   15 
 3/09/26  14:15   32.1   32.2   31.8    50   20.3    8.0    SSO   2.01  19.3   OSO   32.1   34.8   34.8  1019.5   0.00    0.0    0.000   0.143   28.7    45   15.6   29.2    8.28   1.1570     350     1    100.0   15 
 3/09/26  14:30   31.6   31.8   31.6    52   20.6    8.0      S   2.01  24.1     E   31.6   34.6   34.6  1019.5   0.00    0.0    0.000   0.138   28.7    44   15.2   29.1    8.15   1.1574     351     1    100.0   15 
 3/09/26  14:45   31.4   31.6   31.2    55   21.3    8.0    SSO   2.01  17.7    SO   31.4   34.6   34.6  1019.6   0.00    0.0    0.000   0.136   28.6    44   15.2   28.9    8.15   1.1578     350     1    100.0   15 
 3/09/26  15:00   31.2   31.3   30.9    57   21.6    8.0      S   2.01  17.7   OSO   31.2   34.5   34.5  1019.5   0.00    0.0    0.000   0.134   28.6    44   15.2   28.9    8.15   1.1577     351     1    100.0   15 
 3/09/26  15:15   30.7   30.9   30.6    59   21.7    8.0      S   2.01  17.7    SO   30.7   34.2   34.2  1019.4   0.00    0.0    0.000   0.128   28.7    44   15.2   29.1    8.15   1.1573     351     1    100.0   15 
 3/09/26  15:30   30.4   30.6   30.2    59   21.5    8.0      S   2.01  20.9     S   30.4   33.7   33.7  1019.4   0.00    0.0    0.000   0.126   28.6    44   15.2   28.9    8.15   1.1576     350     1    100.0   15 
 3/09/26  15:45   30.2   30.5   30.1    61   21.9    8.0    SSO   2.01  17.7   SSE   30.2   33.7   33.7  1019.2   0.00    0.0    0.000   0.124   28.6    44   15.1   28.9    8.15   1.1576     351     1    100.0   15 
 3/09/26  16:00   29.9   30.1   29.8    60   21.3    8.0    SSO   2.01  17.7     S   29.9   32.8   32.8  1019.3   0.00    0.0    0.000   0.120   28.5    44   15.1   28.8    8.15   1.1581     352     1    100.0   15 
 3/09/26  16:15   29.8   29.9   29.6    61   21.5    8.0    OSO   2.01  20.9   OSO   29.8   32.9   32.9  1019.2   0.00    0.0    0.000   0.120   28.4    44   15.0   28.6    8.15   1.1585     351     1    100.0   15 
 3/09/26  16:30   29.6   29.7   29.4    61   21.3    8.0    SSO   2.01  17.7     S   29.6   32.4   32.4  1019.2   0.00    0.0    0.000   0.117   28.3    45   15.3   28.6    8.29   1.1583     351     1    100.0   15 
 3/09/26  16:45   29.5   29.6   29.4    61   21.2    6.4     SO   1.61  14.5   OSO   29.5   32.2   32.2  1019.2   0.00    0.0    0.000   0.116   28.4    44   15.0   28.6    8.15   1.1584     351     1    100.0   15 
 3/09/26  17:00   29.4   29.6   29.3    60   20.9    4.8    OSO   1.21  17.7   OSO   29.4   31.9   31.9  1019.1   0.00    0.0    0.000   0.116   28.4    44   15.0   28.6    8.15   1.1584     351     1    100.0   15 
 3/09/26  17:15   29.0   29.3   28.5    63   21.2    6.4     SO   1.61  17.7   OSO   29.0   31.7   31.7  1019.1   0.00    0.0    0.000   0.111   28.3    44   14.9   28.5    8.15   1.1586     352     1    100.0   15 
 3/09/26  17:30   28.3   28.4   28.1    65   21.1    6.4     SO   1.61  14.5    SO   28.3   30.4   30.4  1019.2   0.00    0.0    0.000   0.104   28.3    44   14.9   28.5    8.15   1.1587     351     1    100.0   15 
 3/09/26  17:45   27.7   28.1   27.4    67   21.0    6.4    OSO   1.61  17.7     O   27.7   29.7   29.7  1019.2   0.00    0.0    0.000   0.098   28.3    44   14.9   28.5    8.15   1.1587     351     1    100.0   15 
 3/09/26  18:00   27.1   27.4   26.8    69   20.9    6.4    SSO   1.61  16.1     O   27.1   28.7   28.7  1019.3   0.00    0.0    0.000   0.091   28.3    45   15.3   28.6    8.29   1.1584     351     1    100.0   15 
 3/09/26  18:15   26.6   26.8   26.3    71   20.9    6.4      S   1.61  14.5   ESE   26.6   28.2   28.2  1019.4   0.00    0.0    0.000   0.086   28.3    46   15.6   28.7    8.45   1.1581     352     1    100.0   15 
 3/09/26  18:30   26.1   26.3   26.0    73   20.9    4.8      S   1.21  12.9   OSO   26.1   27.6   27.6  1019.5   0.00    0.0    0.000   0.081   28.4    47   16.0   28.9    8.59   1.1572     351     1    100.0   15 
 3/09/26  18:45   25.8   26.0   25.7    74   20.8    4.8    SSO   1.21  14.5     S   25.8   27.2   27.2  1019.6   0.00    0.0    0.000   0.078   28.4    47   16.0   28.9    8.59   1.1573     351     1    100.0   15 
 3/09/26  19:00   25.6   25.7   25.5    76   21.1    3.2      S   0.80   9.7   SSO   25.6   27.2   27.2  1019.8   0.00    0.0    0.000   0.076   28.4    48   16.4   29.0    8.79   1.1571     351     1    100.0   15 
 3/09/26  19:15   25.4   25.5   25.3    77   21.1    3.2    OSO   0.80  11.3   OSO   25.4   27.0   27.0  1020.0   0.00    0.0    0.000   0.073   28.3    48   16.3   28.8    8.79   1.1579     350     1    100.0   15 
 3/09/26  19:30   25.2   25.3   25.1    78   21.1    1.6      S   0.40   6.4   SSO   25.2   26.8   26.8  1020.2   0.00    0.0    0.000   0.072   28.2    48   16.2   28.7    8.79   1.1587     352     1    100.0   15 
 3/09/26  19:45   25.1   25.2   25.1    78   21.0    1.6    OSO   0.40   4.8    SE   25.1   26.7   26.7  1020.4   0.00    0.0    0.000   0.071   28.1    49   16.4   28.6    8.90   1.1591     351     1    100.0   15 
 3/09/26  20:00   25.0   25.1   24.9    80   21.3    1.6    OSO   0.40   4.8     S   25.0   26.7   26.7  1020.5   0.00    0.0    0.000   0.069   28.0    49   16.3   28.4    8.90   1.1597     351     1    100.0   15 
 3/09/26  20:15   24.8   24.9   24.7    81   21.3    1.6     SO   0.40   8.0   SSO   24.8   26.6   26.6  1020.6   0.00    0.0    0.000   0.068   27.9    50   16.6   28.4    9.10   1.1597     351     1    100.0   15 
 3/09/26  20:30   24.7   24.7   24.6    83   21.6    0.0     SO   0.00   4.8    SO   24.7   26.4   26.4  1020.7   0.00    0.0    0.000   0.066   27.9    50   16.5   28.3    9.11   1.1601     351     1    100.0   15 
 3/09/26  20:45   24.6   24.6   24.5    84   21.7    0.0    SSO   0.00   3.2   SSO   24.6   26.4   26.4  1020.8   0.00    0.0    0.000   0.065   27.8    50   16.5   28.2    9.11   1.1604     350     1    100.0   15 
 3/09/26  21:00   24.4   24.5   24.4    84   21.6    0.0    SSO   0.00   3.2   SSO   24.4   26.2   26.2  1020.7   0.00    0.0    0.000   0.064   27.8    51   16.7   28.2    9.31   1.1602     349     1    100.0   15 
 3/09/26  21:15   24.3   24.4   24.3    86   21.8    1.6    SSO   0.40   4.8   SSO   24.3   26.1   26.1  1020.7   0.00    0.0    0.000   0.063   27.7    51   16.7   28.1    9.31   1.1605     351     1    100.0   15 
 3/09/26  21:30   24.2   24.3   24.2    87   21.9    0.0    SSO   0.00   3.2   SSO   24.2   26.1   26.1  1020.6   0.00    0.0    0.000   0.061   27.7    51   16.7   28.1    9.31   1.1604     352     1    100.0   15 
 3/09/26  21:45   24.3   24.3   24.2    87   22.0    0.0    OSO   0.00   4.8   OSO   24.3   26.1   26.1  1020.7   0.00    0.0    0.000   0.062   27.7    52   16.9   28.1    9.41   1.1604     350     1    100.0   15 
 3/09/26  22:00   24.2   24.3   24.2    87   21.9    1.6     SO   0.40   4.8   OSO   24.2   26.1   26.1  1020.4   0.00    0.0    0.000   0.061   27.7    52   16.9   28.1    9.41   1.1600     351     1    100.0   15 
 3/09/26  22:15   24.1   24.2   23.9    88   21.9    1.6    OSO   0.40   4.8   OSO   24.1   25.9   25.9  1020.4   0.00    0.0    0.000   0.060   27.7    53   17.2   28.2    9.61   1.1596     350     1    100.0   15 
 3/09/26  22:30   23.8   23.9   23.8    89   21.9    0.0    OSO   0.00   4.8   OSO   23.8   25.6   25.6  1020.6   0.00    0.0    0.000   0.057   27.8    55   17.9   28.6    9.85   1.1583     350     1    100.0   15 
 3/09/26  22:45   23.7   23.8   23.6    89   21.7    0.0    OSO   0.00   3.2   OSO   23.7   25.3   25.3  1020.5   0.00    0.0    0.000   0.056   27.9    60   19.5   29.3   10.75   1.1552     351     1    100.0   15 
 3/09/26  23:00   23.5   23.6   23.4    89   21.6    0.0    OSO   0.00   3.2   OSO   23.5   24.9   24.9  1020.5   0.00    0.0    0.000   0.054   28.0    63   20.3   29.7   11.30   1.1536     349     1    100.0   15 
 3/09/26  23:15   23.3   23.4   23.2    90   21.6    0.0    OSO   0.00   4.8   OSO   23.3   24.7   24.7  1020.4   0.00    0.0    0.000   0.052   28.0    64   20.6   29.8   11.50   1.1531     351     1    100.0   15 
 3/09/26  23:30   23.2   23.2   23.1    90   21.4    0.0    ONO   0.00   3.2   ONO   23.2   24.5   24.5  1020.5   0.00    0.0    0.000   0.050   28.0    64   20.6   29.8   11.50   1.1531     350     1    100.0   15 
 3/09/26  23:45   23.0   23.1   22.9    90   21.3    0.0    ONO   0.00   4.8   ONO   23.0   24.4   24.4  1020.4   0.00    0.0    0.000   0.049   27.9    65   20.8   29.8   11.70   1.1529     352     1    100.0   15 
 4/09/26  00:00   22.9   22.9   22.9    90   21.2    1.6    ONO   0.40   3.2   ONO   22.9   24.3   24.3  1020.3   0.00    0.0    0.000   0.048   27.9    65   20.8   29.8   11.70   1.1528     351     1    100.0   15 
 4/09/26   0:15   22.9   22.9   22.8    90   21.2    0.0    ONO   0.00   3.2   ONO   22.9   24.3   24.3  1020.3   0.00    0.0    0.000   0.047   27.9    66   20.9   29.9   11.91   1.1527     350     1    100.0   15 
 4/09/26   0:30   22.8   22.9   22.8    90   21.1    0.0    ONO   0.00   3.2   ONO   22.8   24.2   24.2  1020.2   0.00    0.0    0.000   0.047   27.8    66   20.9   29.8   11.91   1.1529     351     1    100.0   15 
 4/09/26   0:45   22.7   22.8   22.6    90   20.9    0.0    ONO   0.00   1.6   ONO   22.7   24.0   24.0  1020.1   0.00    0.0    0.000   0.045   27.8    66   20.9   29.8   11.91   1.1528     351     1    100.0   15 
 4/09/26   1:00   22.4   22.6   22.3    90   20.7    0.0    ONO   0.00   1.6   ONO   22.4   23.7   23.7  1020.1   0.00    0.0    0.000   0.043   27.8    66   20.8   29.7   11.91   1.1530     351     1    100.0   15 
 4/09/26   1:15   22.3   22.3   22.2    91   20.7    0.0    ONO   0.00   3.2   ONO   22.3   23.6   23.6  1019.8   0.00    0.0    0.000   0.041   27.7    66   20.8   29.6   11.91   1.1530     350     1    100.0   15 
 4/09/26   1:30   22.1   22.2   22.0    91   20.6    0.0    ONO   0.00   3.2   ONO   22.1   23.4   23.4  1019.7   0.00    0.0    0.000   0.039   27.7    66   20.7   29.5   11.91   1.1532     351     1    100.0   15 
 4/09/26   1:45   21.9   22.0   21.9    91   20.4    0.0    ONO   0.00   3.2   ONO   21.9   23.2   23.2  1019.6   0.00    0.0    0.000   0.037   27.6    66   20.7   29.4   11.92   1.1534     351     1    100.0   15 
 4/09/26   2:00   21.9   21.9   21.8    91   20.4    0.0    ONO   0.00   1.6   ONO   21.9   23.2   23.2  1019.5   0.00    0.0    0.000   0.037   27.6    66   20.6   29.3   11.92   1.1536     351     1    100.0   15 
 4/09/26   2:15   21.7   21.8   21.6    91   20.2    0.0    ONO   0.00   1.6   ONO   21.7   23.0   23.0  1019.4   0.00    0.0    0.000   0.035   27.5    65   20.3   29.1   11.72   1.1542     352     1    100.0   15 
 4/09/26   2:30   21.6   21.7   21.5    91   20.0    0.0    ONO   0.00   4.8   ONO   21.6   22.8   22.8  1019.3   0.00    0.0    0.000   0.034   27.5    65   20.3   29.1   11.72   1.1541     350     1    100.0   15 
 4/09/26   2:45   21.6   21.6   21.5    92   20.2    0.0    ONO   0.00   3.2   ONO   21.6   22.9   22.9  1019.3   0.00    0.0    0.000   0.034   27.4    65   20.2   28.9   11.72   1.1547     351     1    100.0   15 
 4/09/26   3:00   21.6   21.6   21.6    91   20.0    0.0    ONO   0.00   3.2   ONO   21.6   22.8   22.8  1019.2   0.00    0.0    0.000   0.034   27.3    66   20.4   28.9   11.93   1.1544     350     1    100.0   15 
 4/09/26   3:15   21.5   21.6   21.4    91   20.0    0.0    ONO   0.00   1.6   ONO   21.5   22.7   22.7  1019.1   0.00    0.0    0.000   0.033   27.3    66   20.4   28.9   11.93   1.1543     351     1    100.0   15 
 4/09/26   3:30   21.3   21.4   21.2    91   19.7    0.0    ONO   0.00   4.8   ONO   21.3   22.5   22.5  1019.0   0.00    0.0    0.000   0.031   27.3    66   20.4   28.8   11.93   1.1546     350     1    100.0   15 
 4/09/26   3:45   21.2   21.3   21.2    92   19.9    3.2    ONO   0.80   4.8   ONO   21.2   22.4   22.4  1018.9   0.00    0.0    0.000   0.030   27.2    66   20.3   28.7   11.93   1.1547     351     1    100.0   15 
 4/09/26   4:00   21.2   21.3   21.2    92   19.9    1.6     NO   0.40   6.4    NO   21.2   22.4   22.4  1018.8   0.00    0.0    0.000   0.030   27.1    66   20.2   28.6   11.93   1.1552     351     1    100.0   15 
 4/09/26   4:15   21.4   21.7   21.2    92   20.1    1.6    ENE   0.40   6.4    NE   21.4   22.7   22.7  1018.7   0.00    0.0    0.000   0.032   27.0    66   20.1   28.4   11.94   1.1556     351     1    100.0   15 
 4/09/26   4:30   21.9   21.9   21.7    91   20.4    3.2    ENE   0.80   6.4   ENE   21.9   23.2   23.2  1018.5   0.00    0.0    0.000   0.037   27.0    66   20.1   28.4   11.94   1.1554     351     1    100.0   15 
 4/09/26   4:45   21.8   21.9   21.6    90   20.1    0.0    ENE   0.00   3.2   ENE   21.8   23.1   23.1  1018.6   0.00    0.0    0.000   0.036   26.9    66   20.1   28.3   11.94   1.1558     349     1    100.0   15 
 4/09/26   5:00   21.2   21.5   21.1    91   19.7    0.0    ENE   0.00   3.2   ENE   21.2   22.4   22.4  1018.4   0.00    0.0    0.000   0.030   26.9    66   20.1   28.3   11.94   1.1557     351     1    100.0   15 
 4/09/26   5:15   21.1   21.1   21.1    92   19.7    0.0    ENE   0.00   3.2   ENE   21.1   22.3   22.3  1018.4   0.00    0.0    0.000   0.028   26.9    66   20.0   28.2   11.94   1.1560     351     1    100.0   15 
 4/09/26   5:30   21.1   21.1   21.1    93   19.9    1.6    ENE   0.40   4.8   ENE   21.1   22.3   22.3  1018.5   0.00    0.0    0.000   0.028   26.8    67   20.2   28.2   12.14   1.1559     350     1    100.0   15 
 4/09/26   5:45   21.2   21.3   21.1    93   20.0    1.6    ENE   0.40   3.2   ENE   21.2   22.4   22.4  1018.4   0.00    0.0    0.000   0.030   26.8    67   20.1   28.1   12.15   1.1561     350     1    100.0   15 
 4/09/26   6:00   21.4   21.6   21.3    92   20.1    1.6    ENE   0.40   4.8   ENE   21.4   22.7   22.7  1018.4   0.00    0.0    0.000   0.032   26.8    67   20.1   28.1   12.15   1.1562     351     1    100.0   15 
 4/09/26   6:15   21.7   21.8   21.6    91   20.1    1.6    NNO   0.40   4.8   NNO   21.7   22.9   22.9  1018.6   0.00    0.0    0.000   0.035   26.8    67   20.2   28.2   12.14   1.1561     351     1    100.0   15 
 4/09/26   6:30   22.2   22.4   21.8    90   20.4    0.0    NNO   0.00   1.6   NNO   22.2   23.4   23.4  1018.6   0.00    0.0    0.000   0.040   27.0    66   20.1   28.4   11.94   1.1556     352     1    100.0   15 
 4/09/26   6:45   22.8   23.3   22.4    88   20.7    0.0    NNO   0.00   1.6   NNO   22.8   24.1   24.1  1018.7   0.00    0.0    0.000   0.047   27.2    66   20.3   28.7   11.93   1.1545     350     1    100.0   15 
 4/09/26   7:00   23.7   23.9   23.3    85   21.0    1.6      E   0.40   6.4   ENE   23.7   25.2   25.2  1018.8   0.00    0.0    0.000   0.056   27.5    66   20.6   29.2   11.92   1.1530     350     1    100.0   15 
 4/09/26   7:15   24.1   24.3   23.9    83   21.0    1.6      E   0.40   8.0     E   24.1   25.7   25.7  1018.7   0.00    0.0    0.000   0.060   27.7    66   20.7   29.5   11.91   1.1521     350     1    100.0   15 
 4/09/26   7:30   24.4   24.7   24.2    81   21.0    0.0    ENE   0.00   4.8   ENE   24.4   26.1   26.1  1018.7   0.00    0.0    0.000   0.064   27.8    65   20.6   29.7   11.71   1.1516     351     1    100.0   15 
 4/09/26   7:45   25.0   25.2   24.7    79   21.1    0.0    ENE   0.00   3.2   ENE   25.0   26.6   26.6  1018.7   0.00    0.0    0.000   0.069   28.0    65   20.8   29.9   11.70   1.1507     350     1    100.0   15 
 4/09/26   8:00   25.1   25.4   25.0    78   21.0    1.6      S   0.40   4.8     O   25.1   26.7   26.7  1018.6   0.00    0.0    0.000   0.071   28.1    64   20.7   30.0   11.50   1.1504     351     1    100.0   15 
