                 Temp.  Temp.  Temp.  Hum.   Punt   Vel.   Dir.   Rec.  Vel.  Dir.  Sens.   Índ.   Índ.                  Int. Graus D.Graus D.  Temp.  Hum. Rosada  In.Cal.  EMC     Dens.    Mostr   Tx   Recep.  Int.
  Data    Hora    Ext.   Màx.   Mín.  Ext. Rosada   Vent   Vent   Vent  Màx.  Màx.  Tèrm.  Calor   THW    Bar    Pluja   Pluja  Calor    Fred    Int.  Int.   Int.   Int.    Int.  Int.Aire    Vent   Vent   ISS   Arc.
-------------------------------------------------------------------------------------------------------------------------------------------------------------------------------------------------------------------------
23/09/26   0:15   20.2   20.3   20.1    86   17.7    0.0    OSO   0.00   4.8   OSO   20.2   21.1   21.1  1019.1   0.00    0.0    0.000   0.019   26.9    59   18.3   27.7   10.55   1.1594     348     1    100.0   15 
23/09/26   0:30   20.0   20.2   19.9    87   17.8    0.0    OSO   0.00   4.8   OSO   20.0   20.9   20.9  1019.3   0.00    0.0    0.000   0.017   26.9    59   18.2   27.6   10.55   1.1599     351     1    100.0   15 
23/09/26   0:45   19.7   19.9   19.5    88   17.6    3.2     NO   0.80   6.4    NO   19.7   20.5   20.5  1019.3   0.00    0.0    0.000   0.014   26.9    59   18.2   27.6   10.55   1.1599     350     1    100.0   15 
23/09/26   1:00   19.5   19.5   19.4    88   17.5    3.2     NO   0.80   4.8    NO   19.5   20.3   20.3  1019.3   0.00    0.0    0.000   0.012   26.8    59   18.1   27.6   10.55   1.1601     348     1    100.0   15 
23/09/26   1:15   19.4   19.5   19.4    88   17.4    3.2     NO   0.80   4.8    NO   19.4   20.2   20.2  1019.3   0.00    0.0    0.000   0.012   26.8    59   18.1   27.5   10.55   1.1605     350     1    100.0   15 
23/09/26   1:30   19.4   19.5   19.4    89   17.6    1.6     NO   0.40   4.8    NO   19.4   20.3   20.3  1019.3   0.00    0.0    0.000   0.012   26.7    59   18.0   27.4   10.55   1.1608     351     1    100.0   15 
23/09/26   1:45   19.7   19.8   19.5    88   17.6    4.8    ENE   1.21   8.0   ENE   19.7   20.5   20.5  1019.3   0.00    0.0    0.000   0.014   26.7    59   18.0   27.4   10.55   1.1608     350     1    100.0   15 
23/09/26   2:00   19.8   19.8   19.7    88   17.7    3.2    ENE   0.80   8.0     E   19.8   20.6   20.6  1019.3   0.00    0.0    0.000   0.015   26.7    59   18.0   27.3   10.55   1.1610     351     1    100.0   15 
23/09/26   2:15   19.6   19.7   19.5    88   17.6    3.2      E   0.80   8.0     E   19.6   20.4   20.4  1019.2   0.00    0.0    0.000   0.013   26.6    59   17.9   27.3   10.55   1.1613     352     1    100.0   15 
23/09/26   2:30   19.3   19.5   19.2    89   17.5    1.6    ENE   0.40   4.8     E   19.3   20.1   20.1  1019.4   0.00    0.0    0.000   0.010   26.6    59   17.9   27.2   10.56   1.1617     351     1    100.0   15 
23/09/26   2:45   19.1   19.2   18.9    89   17.2    0.0    ---   0.00   0.0   ---   19.1   19.8   19.8  1019.3   0.00    0.0    0.000   0.008   26.5    59   17.8   27.1   10.56   1.1619     351     1    100.0   15 
23/09/26   3:00   18.8   18.9   18.7    90   17.1    0.0    ---   0.00   0.0   ---   18.8   19.4   19.4  1019.3   0.00    0.0    0.000   0.005   26.5    59   17.8   27.1   10.56   1.1620     351     1    100.0   15 
23/09/26   3:15   18.6   18.7   18.6    91   17.1    0.0    ENE   0.00   1.6   ENE   18.6   19.3   19.3  1019.3   0.00    0.0    0.000   0.003   26.4    59   17.8   27.1   10.57   1.1622     350     1    100.0   15 
23/09/26   3:30   18.5   18.6   18.4    91   17.0    0.0    ENE   0.00   1.6   ENE   18.5   19.1   19.1  1019.3   0.00    0.0    0.000   0.002   26.4    59   17.7   27.0   10.57   1.1626     352     1    100.0   15 
23/09/26   3:45   18.3   18.4   18.3    91   16.8    0.0    ENE   0.00   3.2   ENE   18.3   18.9   18.9  1019.3   0.00    0.0    0.000   0.000   26.3    59   17.7   26.9   10.57   1.1628     351     1    100.0   15 
23/09/26   4:00   18.2   18.3   18.1    92   16.8    1.6    ENE   0.40   3.2   ENE   18.2   18.7   18.7  1019.5   0.00    0.0    0.002   0.000   26.3    59   17.7   26.9   10.57   1.1631     351     1    100.0   15 
23/09/26   4:15   18.1   18.1   18.0    92   16.7    0.0    ENE   0.00   3.2   ENE   18.1   18.6   18.6  1019.7   0.00    0.0    0.003   0.000   26.3    59   17.6   26.9   10.58   1.1636     350     1    100.0   15 
23/09/26   4:30   18.0   18.0   17.9    93   16.9    0.0    ENE   0.00   3.2   ENE   18.0   18.6   18.6  1019.8   0.00    0.0    0.003   0.000   26.2    59   17.6   26.8   10.58   1.1640     351     1    100.0   15 
23/09/26   4:45   17.9   18.0   17.9    93   16.8    0.0    ---   0.00   0.0   ---   17.9   18.5   18.5  1019.8   0.00    0.0    0.004   0.000   26.2    59   17.5   26.7   10.59   1.1643     351     1    100.0   15 
23/09/26   5:00   17.8   17.9   17.8    93   16.7    0.0    ENE   0.00   1.6   ENE   17.8   18.3   18.3  1020.0   0.00    0.0    0.005   0.000   26.1    59   17.5   26.7   10.59   1.1648     351     1    100.0   15 
23/09/26   5:15   17.6   17.8   17.4    92   16.3    0.0     SE   0.00   1.6    SE   17.6   18.1   18.1  1020.1   0.00    0.0    0.008   0.000   26.1    59   17.4   26.6   10.59   1.1652     351     1    100.0   15 
23/09/26   5:30   17.5   17.6   17.4    93   16.4    0.0     SE   0.00   3.2    SE   17.5   17.9   17.9  1020.2   0.00    0.0    0.009   0.000   26.0    59   17.4   26.6   10.60   1.1656     350     1    100.0   15 
23/09/26   5:45   17.6   17.6   17.5    93   16.4    0.0     SE   0.00   4.8   OSO   17.6   18.1   18.1  1020.3   0.00    0.0    0.008   0.000   25.9    60   17.6   26.5   10.80   1.1656     350     1    100.0   15 
23/09/26   6:00   17.6   17.7   17.4    93   16.4    1.6     NO   0.40   4.8   ENE   17.6   18.1   18.1  1020.4   0.00    0.0    0.008   0.000   25.9    59   17.3   26.4   10.61   1.1664     351     1    100.0   15 
23/09/26   6:15   17.7   17.8   17.6    93   16.5    0.0     NO   0.00   4.8    NO   17.7   18.2   18.2  1020.5   0.00    0.0    0.007   0.000   25.9    59   17.3   26.4   10.61   1.1666     351     1    100.0   15 
23/09/26   6:30   18.1   18.2   17.8    93   16.9    0.0     NO   0.00   1.6    NO   18.1   18.6   18.6  1020.8   0.00    0.0    0.003   0.000   25.9    60   17.6   26.5   10.80   1.1662     351     1    100.0   15 
23/09/26   6:45   18.4   18.6   18.2    92   17.1    0.0     NO   0.00   1.6    NO   18.4   19.1   19.1  1020.9   0.00    0.0    0.000   0.001   26.1    60   17.7   26.7   10.79   1.1657     352     1    100.0   15 
23/09/26   7:00   18.7   18.8   18.6    92   17.3    0.0     NO   0.00   1.6    NO   18.7   19.3   19.3  1021.0   0.00    0.0    0.000   0.003   26.2    59   17.6   26.8   10.58   1.1653     350     1    100.0   15 
23/09/26   7:15   18.9   19.2   18.8    89   17.1    0.0     NO   0.00   3.2    NO   18.9   19.7   19.7  1021.1   0.00    0.0    0.000   0.006   26.4    59   17.8   27.1   10.57   1.1643     350     1    100.0   15 
23/09/26   7:30   19.2   19.3   19.2    84   16.5    3.2     NO   0.80   6.4    NO   19.2   19.8   19.8  1021.3   0.00    0.0    0.000   0.009   26.6    58   17.7   27.2   10.35   1.1640     351     1    100.0   15 
23/09/26   7:45   19.4   19.6   19.2    82   16.2    1.6     NO   0.40   4.8    NO   19.4   20.1   20.1  1021.4   0.00    0.0    0.000   0.011   26.7    58   17.8   27.3   10.35   1.1636     352     1    100.0   15 
23/09/26   8:00   19.8   20.2   19.6    79   16.1    1.6     NO   0.40   4.8    NO   19.8   20.5   20.5  1021.5   0.00    0.0    0.000   0.016   26.8    57   17.6   27.4   10.16   1.1635     350     1    100.0   15 
23/09/26   8:15   20.4   20.7   20.2    75   15.8    1.6     NO   0.40   3.2    NO   20.4   20.9   20.9  1021.6   0.00    0.0    0.000   0.021   26.9    57   17.7   27.5   10.16   1.1633     349     1    100.0   15 
23/09/26   8:30   21.4   22.2   20.7    68   15.3    1.6    NNO   0.40   3.2    NO   21.4   21.5   21.5  1021.6   0.00    0.0    0.000   0.032   26.9    56   17.4   27.4   10.05   1.1638     350     1    100.0   15 
23/09/26   8:45   22.8   23.4   22.2    63   15.4    0.0      S   0.00   4.8   SSO   22.8   23.1   23.1  1021.8   0.00    0.0    0.000   0.046   26.9    54   16.8   27.3    9.75   1.1646     350     1    100.0   15 
23/09/26   9:00   23.8   23.9   23.4    55   14.2    1.6    OSO   0.40   6.4   NNO   23.8   24.0   24.0  1021.8   0.00    0.0    0.000   0.057   26.9    53   16.5   27.2    9.64   1.1653     350     1    100.0   15 
23/09/26   9:15   24.3   24.7   23.9    59   15.8    1.6     NO   0.40   8.0     E   24.3   24.7   24.7  1021.8   0.00    0.0    0.000   0.062   26.9    52   16.2   27.1    9.44   1.1657     351     1    100.0   15 
23/09/26   9:30   25.0   25.2   24.7    57   15.9    3.2    ENE   0.80   9.7     E   25.0   25.3   25.3  1021.9   0.00    0.0    0.000   0.069   27.0    52   16.3   27.2    9.44   1.1652     351     1    100.0   15 
23/09/26   9:45   25.7   26.3   25.2    51   14.8    1.6      E   0.40   4.8   ENE   25.7   25.8   25.8  1021.9   0.00    0.0    0.000   0.077   27.1    52   16.4   27.4    9.43   1.1646     351     1    100.0   15 
23/09/26  10:00   26.5   26.7   26.3    40   11.8    3.2      E   0.80  11.3     E   26.5   26.0   26.0  1021.7   0.00    0.0    0.000   0.085   27.3    46   14.6   27.2    8.45   1.1661     351     1    100.0   15 
23/09/26  10:15   26.9   27.1   26.6    39   11.8    1.6      E   0.40   8.0     O   26.9   26.3   26.3  1021.6   0.00    0.0    0.000   0.089   27.4    45   14.4   27.2    8.32   1.1658     351     1    100.0   15 
23/09/26  10:30   27.3   27.6   26.9    36   10.9    1.6      S   0.40   6.4   SSO   27.3   26.5   26.5  1021.5   0.00    0.0    0.000   0.093   27.6    44   14.3   27.4    8.15   1.1650     349     1    100.0   15 
23/09/26  10:45   27.4   27.6   27.3    34   10.2    3.2    OSO   0.80   9.7    SO   27.4   26.6   26.6  1021.4   0.00    0.0    0.000   0.095   27.9    41   13.4   27.6    7.71   1.1648     351     1    100.0   15 
23/09/26  11:00   27.9   28.1   27.7    32    9.7    3.2     SO   0.80   9.7    SO   27.9   26.9   26.9  1021.3   0.00    0.0    0.000   0.100   28.1    39   12.9   27.8    7.40   1.1645     351     1    100.0   15 
23/09/26  11:15   28.2   28.3   27.9    34   10.8    1.6    OSO   0.40   8.0   SSO   28.2   27.4   27.4  1021.2   0.00    0.0    0.000   0.102   28.3    39   13.0   28.0    7.39   1.1635     350     1    100.0   15 
23/09/26  11:30   28.6   28.8   28.3    35   11.6    3.2      O   0.80   9.7     S   28.6   28.0   28.0  1021.2   0.00    0.0    0.000   0.106   28.4    39   13.1   28.2    7.39   1.1630     350     1    100.0   15 
23/09/26  11:45   28.8   28.9   28.6    36   12.2    4.8    OSO   1.21  12.9     E   28.8   28.4   28.4  1021.0   0.00    0.0    0.000   0.109   28.7    40   13.7   28.7    7.55   1.1609     351     1    100.0   15 
23/09/26  12:00   28.7   28.9   28.6    37   12.6    3.2    OSO   0.80  11.3     S   28.7   28.4   28.4  1020.8   0.00    0.0    0.000   0.108   28.9    39   13.5   28.9    7.37   1.1601     351     1    100.0   15 
23/09/26  12:15   29.1   29.6   28.7    34   11.6    3.2    SSO   0.80  11.3    NE   29.1   28.6   28.6  1020.7   0.00    0.0    0.000   0.112   29.1    39   13.7   29.1    7.36   1.1592     352     1    100.0   15 
23/09/26  12:30   29.8   30.1   29.6    33   11.8    3.2    ENE   0.80  17.7     E   29.8   29.2   29.2  1020.6   0.00    0.0    0.000   0.120   29.2    38   13.4   29.1    7.25   1.1587     351     1    100.0   15 
23/09/26  12:45   30.2   30.2   30.1    32   11.6    4.8    ENE   1.21  14.5   ENE   30.2   29.4   29.4  1020.5   0.00    0.0    0.000   0.123   29.4    37   13.2   29.2    7.05   1.1582     351     1    100.0   15 
23/09/26  13:00   30.0   30.2   29.7    35   12.9    6.4    ENE   1.61  17.7   ENE   30.0   29.6   29.6  1020.2   0.00    0.0    0.000   0.122   29.6    37   13.3   29.3    7.05   1.1571     350     1    100.0   15 
23/09/26  13:15   29.7   29.7   29.6    35   12.6    8.0    ENE   2.01  17.7   ENE   29.7   29.2   29.2  1020.1   0.00    0.0    0.000   0.118   29.8    36   13.1   29.4    6.76   1.1564     351     1    100.0   15 
23/09/26  13:30   29.6   29.7   29.4    33   11.6    6.4      E   1.61  24.1     E   29.6   28.9   28.9  1020.1   0.00    0.0    0.000   0.117   29.8    36   13.2   29.6    6.76   1.1561     351     1    100.0   15 
23/09/26  13:45   29.8   30.1   29.7    34   12.3    4.8    ESE   1.21  16.1     E   29.8   29.3   29.3  1020.1   0.00    0.0    0.000   0.120   29.9    36   13.2   29.7    6.77   1.1555     350     1    100.0   15 
23/09/26  14:00   30.4   30.6   30.1    33   12.3    3.2    OSO   0.80  14.5    SO   30.4   29.7   29.7  1019.9   0.00    0.0    0.000   0.126   30.1    37   13.8   29.9    7.03   1.1544     350     1    100.0   15 
23/09/26  14:15   30.4   30.6   30.2    33   12.4    4.8    OSO   1.21  17.7   OSO   30.4   29.8   29.8  1019.9   0.00    0.0    0.000   0.126   29.9    36   13.2   29.6    6.77   1.1557     351     1    100.0   15 
23/09/26  14:30   29.6   30.2   29.4    34   12.1    6.4     SO   1.61  14.5   OSO   29.6   29.1   29.1  1020.0   0.00    0.0    0.000   0.117   29.6    36   12.9   29.2    6.75   1.1573     350     1    100.0   15 
23/09/26  14:45   29.4   29.4   29.3    33   11.4    4.8     SO   1.21  16.1   OSO   29.4   28.7   28.7  1020.0   0.00    0.0    0.000   0.115   29.3    36   12.7   29.0    6.76   1.1584     351     1    100.0   15 
23/09/26  15:00   29.2   29.4   29.1    34   11.7    4.8     SO   1.21  12.9    SO   29.2   28.7   28.7  1020.0   0.00    0.0    0.000   0.113   29.1    36   12.5   28.8    6.77   1.1595     349     1    100.0   15 
23/09/26  15:15   29.2   29.4   28.7    34   11.7    6.4     SO   1.61  14.5   OSO   29.2   28.7   28.7  1020.1   0.00    0.0    0.000   0.113   28.8    36   12.3   28.5    6.79   1.1609     351     1    100.0   15 
23/09/26  15:30   28.4   28.7   28.2    36   11.9    6.4    OSO   1.61  14.5   OSO   28.4   27.8   27.8  1019.9   0.00    0.0    0.000   0.105   28.6    38   12.9   28.4    7.25   1.1609     352     1    100.0   15 
23/09/26  15:45   28.3   28.4   28.2    36   11.8    4.8    OSO   1.21  14.5     O   28.3   27.7   27.7  1019.9   0.00    0.0    0.000   0.104   28.4    38   12.8   28.2    7.25   1.1617     351     1    100.0   15 
23/09/26  16:00   28.2   28.3   28.1    35   11.3    4.8     SO   1.21  11.3    SO   28.2   27.5   27.5  1020.1   0.00    0.0    0.000   0.102   28.6    37   12.5   28.3    7.08   1.1615     350     1    100.0   15 
23/09/26  16:15   27.7   28.1   27.3    37   11.7    6.4     SO   1.61  14.5   OSO   27.7   27.1   27.1  1020.1   0.00    0.0    0.000   0.097   28.8    37   12.6   28.6    7.07   1.1607     351     1    100.0   15 
23/09/26  16:30   27.1   27.3   26.9    40   12.3    4.8     SO   1.21  12.9   OSO   27.1   26.5   26.5  1020.2   0.00    0.0    0.000   0.091   28.8    37   12.6   28.6    7.07   1.1609     350     1    100.0   15 
23/09/26  16:45   27.0   27.1   26.9    41   12.6    3.2     SO   0.80  14.5   OSO   27.0   26.5   26.5  1020.3   0.00    0.0    0.000   0.090   28.8    38   13.1   28.7    7.25   1.1602     351     1    100.0   15 
23/09/26  17:00   26.4   26.9   25.9    46   13.8    4.8     SO   1.21  12.9   OSO   26.4   26.3   26.3  1020.3   0.00    0.0    0.000   0.084   28.8    39   13.5   28.8    7.37   1.1598     351     1    100.0   15 
23/09/26  17:15   25.7   25.9   25.3    48   13.9    3.2    OSO   0.80   9.7   OSO   25.7   25.7   25.7  1020.6   0.00    0.0    0.000   0.077   28.8    40   13.9   28.9    7.55   1.1596     350     1    100.0   15 
23/09/26  17:30   25.1   25.3   24.6    52   14.5    3.2     SO   0.80  11.3   OSO   25.1   25.1   25.1  1020.7   0.00    0.0    0.000   0.070   28.8    41   14.2   28.9    7.67   1.1596     350     1    100.0   15 
23/09/26  17:45   24.1   24.6   23.7    55   14.5    3.2     SO   0.80  11.3   OSO   24.1   24.3   24.3  1020.7   0.00    0.0    0.000   0.060   28.7    42   14.5   28.9    7.85   1.1595     350     1    100.0   15 
23/09/26  18:00   23.4   23.7   23.2    57   14.4    1.6     SO   0.40   6.4     S   23.4   23.7   23.7  1021.0   0.00    0.0    0.000   0.053   28.6    43   14.8   28.8    7.98   1.1602     351     1    100.0   15 
23/09/26  18:15   22.9   23.2   22.7    59   14.5    1.6     SO   0.40   6.4   OSO   22.9   23.1   23.1  1021.0   0.00    0.0    0.000   0.047   28.4    44   15.0   28.6    8.15   1.1605     350     1    100.0   15 
23/09/26  18:30   22.4   22.7   22.3    61   14.5    1.6    OSO   0.40   6.4    SO   22.4   22.6   22.6  1021.2   0.00    0.0    0.000   0.043   28.3    44   14.9   28.4    8.15   1.1613     351     1    100.0   15 
23/09/26  18:45   22.3   22.3   22.2    62   14.6    1.6      S   0.40   4.8   SSO   22.3   22.3   22.3  1021.2   0.00    0.0    0.000   0.041   28.1    45   15.1   28.3    8.30   1.1617     351     1    100.0   15 
23/09/26  19:00   22.0   22.2   21.9    64   14.9    1.6    SSO   0.40   8.0   SSO   22.0   22.1   22.1  1021.4   0.00    0.0    0.000   0.038   28.0    45   15.0   28.1    8.30   1.1625     351     1    100.0   15 
23/09/26  19:15   21.7   21.9   21.6    66   15.1    1.6    OSO   0.40   4.8   OSO   21.7   21.7   21.7  1021.6   0.00    0.0    0.000   0.035   27.9    46   15.2   28.1    8.45   1.1626     351     1    100.0   15 
23/09/26  19:30   21.4   21.6   21.3    68   15.2    1.6    OSO   0.40   4.8   OSO   21.4   21.4   21.4  1021.8   0.00    0.0    0.000   0.032   27.8    47   15.4   27.9    8.61   1.1633     351     1    100.0   15 
23/09/26  19:45   21.3   21.3   21.2    68   15.1    1.6    ONO   0.40   4.8   ONO   21.3   21.3   21.3  1022.1   0.00    0.0    0.000   0.031   27.7    47   15.3   27.7    8.61   1.1641     352     1    100.0   15 
23/09/26  20:00   21.2   21.2   21.1    67   14.8    3.2    ONO   0.80   4.8   ONO   21.2   21.1   21.1  1022.4   0.00    0.0    0.000   0.030   27.6    48   15.6   27.7    8.82   1.1646     350     1    100.0   15 
23/09/26  20:15   21.2   21.3   21.2    68   15.1    1.6    ONO   0.40   3.2   ONO   21.2   21.2   21.2  1022.4   0.00    0.0    0.000   0.030   27.4    48   15.5   27.5    8.82   1.1651     351     1    100.0   15 
23/09/26  20:30   21.1   21.2   20.9    67   14.7    1.6    ONO   0.40   4.8   ONO   21.1   21.0   21.0  1022.4   0.00    0.0    0.000   0.028   27.3    48   15.4   27.3    8.83   1.1657     350     1    100.0   15 
23/09/26  20:45   20.9   20.9   20.8    68   14.8    3.2    ONO   0.80   4.8   ONO   20.9   20.9   20.9  1022.6   0.00    0.0    0.000   0.027   27.2    48   15.3   27.2    8.83   1.1665     350     1    100.0   15 
23/09/26  21:00   20.6   20.8   20.4    69   14.7    3.2     NO   0.80   4.8    NO   20.6   20.7   20.7  1022.6   0.00    0.0    0.000   0.023   27.2    49   15.5   27.2    8.93   1.1663     352     1    100.0   15 
23/09/26  21:15   20.5   20.6   20.4    69   14.6    3.2     NO   0.80   4.8    NO   20.5   20.7   20.7  1022.6   0.00    0.0    0.000   0.023   27.1    49   15.5   27.2    8.93   1.1667     351     1    100.0   15 
23/09/26  21:30   20.5   20.5   20.5    70   14.8    1.6     NO   0.40   3.2    NO   20.5   20.7   20.7  1022.5   0.00    0.0    0.000   0.023   27.1    49   15.4   27.1    8.94   1.1668     350     1    100.0   15 
23/09/26  21:45   20.5   20.5   20.4    71   15.1    1.6     NO   0.40   4.8    NO   20.5   20.8   20.8  1022.5   0.00    0.0    0.000   0.023   27.0    49   15.4   27.0    8.94   1.1671     351     1    100.0   15 
23/09/26  22:00   20.4   20.5   20.2    72   15.2    3.2     NO   0.80   4.8    NO   20.4   20.8   20.8  1022.5   0.00    0.0    0.000   0.021   26.9    50   15.6   27.0    9.14   1.1670     351     1    100.0   15 
23/09/26  22:15   20.1   20.2   19.9    73   15.1    3.2     NO   0.80   4.8    NO   20.1   20.6   20.6  1022.5   0.00    0.0    0.000   0.019   26.9    50   15.6   26.9    9.14   1.1673     350     1    100.0   15 
23/09/26  22:30   19.9   19.9   19.8    74   15.1    3.2     NO   0.80   4.8    NO   19.9   20.3   20.3  1022.6   0.00    0.0    0.000   0.016   26.8    50   15.5   26.9    9.14   1.1676     351     1    100.0   15 
23/09/26  22:45   19.8   19.9   19.7    75   15.2    3.2     NO   0.80   4.8    NO   19.8   20.2   20.2  1022.7   0.00    0.0    0.000   0.015   26.8    50   15.5   26.9    9.14   1.1677     351     1    100.0   15 
23/09/26  23:00   19.6   19.7   19.6    77   15.5    1.6     NO   0.40   3.2    NO   19.6   20.1   20.1  1022.5   0.00    0.0    0.000   0.013   26.7    51   15.7   26.8    9.35   1.1677     352     1    100.0   15 
23/09/26  23:15   19.8   19.8   19.7    77   15.6    1.6     NO   0.40   3.2    NO   19.8   20.3   20.3  1022.6   0.00    0.0    0.000   0.015   26.6    51   15.6   26.7    9.35   1.1684     350     1    100.0   15 
23/09/26  23:30   19.8   19.8   19.8    77   15.7    0.0     NO   0.00   3.2    NO   19.8   20.4   20.4  1022.5   0.00    0.0    0.000   0.016   26.6    51   15.6   26.7    9.35   1.1686     350     1    100.0   15 
23/09/26  23:45   19.7   19.8   19.7    78   15.8    0.0     NO   0.00   1.6    NO   19.7   20.3   20.3  1022.5   0.00    0.0    0.000   0.014   26.5    52   15.8   26.7    9.46   1.1684     350     1    100.0   15 
24/09/26  00:00   19.6   19.7   19.4    78   15.7    1.6     NO   0.40   4.8    NO   19.6   20.2   20.2  1022.5   0.00    0.0    0.000   0.013   26.4    52   15.8   26.6    9.46   1.1687     350     1    100.0   15 
24/09/26   0:15   19.3   19.4   19.3    80   15.8    1.6     NO   0.40   4.8    NO   19.3   19.9   19.9  1022.5   0.00    0.0    0.000   0.010   26.4    53   16.0   26.6    9.65   1.1686     350     1    100.0   15 
24/09/26   0:30   19.3   19.3   19.3    79   15.6    0.0    ENE   0.00   3.2   ENE   19.3   19.9   19.9  1022.4   0.00    0.0    0.000   0.010   26.3    53   15.9   26.5    9.65   1.1691     351     1    100.0   15 
24/09/26   0:45   19.2   19.3   19.1    80   15.7    0.0    ENE   0.00   3.2   ENE   19.2   19.8   19.8  1022.3   0.00    0.0    0.000   0.009   26.2    53   15.9   26.4    9.65   1.1692     350     1    100.0   15 
24/09/26   1:00   18.9   19.1   18.7    81   15.6    0.0    ENE   0.00   3.2   ENE   18.9   19.4   19.4  1022.2   0.00    0.0    0.000   0.006   26.1    53   15.8   26.3    9.65   1.1697     350     1    100.0   15 
24/09/26   1:15   18.4   18.7   18.3    81   15.1    0.0    ENE   0.00   3.2   ENE   18.4   18.9   18.9  1022.0   0.00    0.0    0.000   0.001   26.0    53   15.7   26.2    9.65   1.1701     351     1    100.0   15 
24/09/26   1:30   18.3   18.4   18.2    81   15.0    1.6     NO   0.40   4.8   ENE   18.3   18.7   18.7  1022.0   0.00    0.0    0.000   0.000   25.9    54   15.9   26.2    9.78   1.1703     352     1    100.0   15 
24/09/26   1:45   17.9   18.2   17.6    82   14.8    4.8     NO   1.21   8.0    NO   17.9   18.2   18.2  1022.0   0.00    0.0    0.005   0.000   25.8    53   15.5   26.1    9.65   1.1709     351     1    100.0   15 
24/09/26   2:00   17.7   17.9   17.6    78   13.8    1.6     NO   0.40   4.8    NO   17.7   17.9   17.9  1021.9   0.00    0.0    0.006   0.000   25.7    53   15.4   25.9    9.65   1.1713     351     1    100.0   15 
24/09/26   2:15   18.1   18.4   17.9    74   13.4    1.6     NO   0.40   3.2    NO   18.1   18.2   18.2  1021.8   0.00    0.0    0.002   0.000   25.7    52   15.1   25.8    9.49   1.1719     350     1    100.0   15 
24/09/26   2:30   18.2   18.4   18.1    72   13.0    3.2    ONO   0.80   6.4    NO   18.2   18.2   18.2  1021.7   0.00    0.0    0.002   0.000   25.6    51   14.7   25.6    9.35   1.1727     351     1    100.0   15 
24/09/26   2:45   17.9   18.1   17.9    71   12.6    1.6    NNO   0.40   4.8   NNO   17.9   17.9   17.9  1021.7   0.00    0.0    0.004   0.000   25.4    51   14.6   25.5    9.35   1.1733     351     1    100.0   15 
24/09/26   3:00   17.8   17.9   17.8    73   12.9    0.0    NNO   0.00   1.6   NNO   17.8   17.8   17.8  1021.7   0.00    0.0    0.005   0.000   25.4    51   14.5   25.4    9.35   1.1736     351     1    100.0   15 
24/09/26   3:15   17.6   17.8   17.5    75   13.1    1.6    NNO   0.40   3.2   NNO   17.6   17.6   17.6  1021.6   0.00    0.0    0.008   0.000   25.3    51   14.5   25.3    9.35   1.1738     351     1    100.0   15 
24/09/26   3:30   17.6   17.6   17.5    76   13.3    0.0    NNO   0.00   3.2   NNO   17.6   17.6   17.6  1021.7   0.00    0.0    0.008   0.000   25.3    51   14.4   25.3    9.35   1.1741     349     1    100.0   15 
24/09/26   3:45   17.7   17.7   17.6    77   13.6    0.0    ---   0.00   0.0   ---   17.7   17.8   17.8  1021.5   0.00    0.0    0.007   0.000   25.2    51   14.3   25.2    9.35   1.1745     351     1    100.0   15 
24/09/26   4:00   17.7   17.7   17.7    77   13.6    1.6    NNO   0.40   4.8   NNO   17.7   17.8   17.8  1021.6   0.00    0.0    0.007   0.000   25.2    51   14.3   25.2    9.35   1.1746     351     1    100.0   15 
24/09/26   4:15   17.8   17.8   17.7    76   13.5    1.6     NE   0.40   4.8    NE   17.8   17.9   17.9  1021.7   0.00    0.0    0.006   0.000   25.1    51   14.2   25.0    9.35   1.1752     351     1    100.0   15 
24/09/26   4:30   17.7   17.8   17.7    76   13.4    3.2    ENE   0.80   6.4    NE   17.7   17.8   17.8  1021.7   0.00    0.0    0.006   0.000   24.9    51   14.1   24.9    9.35   1.1759     350     1    100.0   15 
24/09/26   4:45   17.7   17.7   17.6    76   13.4    3.2    ENE   0.80   4.8   ENE   17.7   17.7   17.7  1021.7   0.00    0.0    0.007   0.000   24.8    52   14.3   24.8    9.52   1.1760     352     1    100.0   15 
24/09/26   5:00   17.4   17.6   17.3    76   13.2    0.0    ENE   0.00   3.2   ENE   17.4   17.5   17.5  1021.7   0.00    0.0    0.009   0.000   24.8    52   14.3   24.8    9.52   1.1764     351     1    100.0   15 
24/09/26   5:15   17.1   17.3   16.7    76   12.8    0.0    ENE   0.00   3.2   ENE   17.1   17.1   17.1  1021.9   0.00    0.0    0.013   0.000   24.7    52   14.2   24.8    9.52   1.1768     349     1    100.0   15 
24/09/26   5:30   16.3   16.7   16.2    80   12.9    0.0    ENE   0.00   3.2   ENE   16.3   16.4   16.4  1021.9   0.00    0.0    0.021   0.000   24.7    52   14.2   24.7    9.52   1.1771     351     1    100.0   15 
24/09/26   5:45   16.4   16.6   16.3    79   12.7    0.0    ENE   0.00   1.6   ENE   16.4   16.4   16.4  1022.0   0.00    0.0    0.020   0.000   24.6    52   14.1   24.7    9.52   1.1775     351     1    100.0   15 
24/09/26   6:00   16.6   16.6   16.6    76   12.4    1.6    NNO   0.40   3.2   ENE   16.6   16.6   16.6  1022.0   0.00    0.0    0.018   0.000   24.6    53   14.3   24.7    9.65   1.1775     352     1    100.0   15 
24/09/26   6:15   16.7   16.9   16.6    74   12.1    0.0    NNO   0.00   3.2   NNO   16.7   16.6   16.6  1022.1   0.00    0.0    0.017   0.000   24.6    53   14.4   24.7    9.65   1.1772     351     1    100.0   15 
24/09/26   6:30   17.1   17.2   16.9    72   12.0    0.0     SO   0.00   3.2    SO   17.1   16.9   16.9  1022.3   0.00    0.0    0.013   0.000   24.9    53   14.7   24.9    9.65   1.1760     351     1    100.0   15 
24/09/26   6:45   17.3   17.6   17.2    74   12.7    0.0     SO   0.00   1.6    SO   17.3   17.3   17.3  1022.3   0.00    0.0    0.010   0.000   25.2    53   14.9   25.3    9.65   1.1747     349     1    100.0   15 
24/09/26   7:00   18.0   18.3   17.6    72   12.9    0.0     SO   0.00   3.2    SO   18.0   18.0   18.0  1022.3   0.00    0.0    0.003   0.000   25.4    52   14.8   25.4    9.50   1.1739     352     1    100.0   15 
24/09/26   7:15   18.4   18.6   18.3    71   13.0    0.0     SO   0.00   3.2    SO   18.4   18.4   18.4  1022.4   0.00    0.0    0.000   0.001   25.6    52   15.0   25.7    9.49   1.1729     351     1    100.0   15 
24/09/26   7:30   18.7   18.8   18.6    71   13.4    1.6     SO   0.40   4.8     O   18.7   18.8   18.8  1022.5   0.00    0.0    0.000   0.004   25.8    52   15.2   26.0    9.48   1.1719     351     1    100.0   15 
24/09/26   7:45   18.7   18.8   18.7    71   13.4    3.2    ONO   0.80   6.4   ONO   18.7   18.8   18.8  1022.5   0.00    0.0    0.000   0.004   25.9    52   15.3   26.1    9.48   1.1716     351     1    100.0   15 
