                 Temp.  Temp.  Temp.  Hum.   Punt   Vel.   Dir.   Rec.  Vel.  Dir.  Sens.   Índ.   Índ.                  Int. Graus D.Graus D.  Temp.  Hum. Rosada  In.Cal.  EMC     Dens.    Mostr   Tx   Recep.  Int.
  Data    Hora    Ext.   Màx.   Mín.  Ext. Rosada   Vent   Vent   Vent  Màx.  Màx.  Tèrm.  Calor   THW    Bar    Pluja   Pluja  Calor    Fred    Int.  Int.   Int.   Int.    Int.  Int.Aire    Vent   Vent   ISS   Arc.
-------------------------------------------------------------------------------------------------------------------------------------------------------------------------------------------------------------------------
29/09/26   0:15   20.9   20.9   20.9    87   18.6    0.0      E   0.00   1.6    NE   20.9   21.9   21.9  1017.6   0.00    0.0    0.000   0.027   26.4    60   18.0   27.1   10.77   1.1602     348     1    100.0   15 
29/09/26   0:30   20.9   20.9   20.9    87   18.6    0.0    ESE   0.00   1.6   ESE   20.9   21.9   21.9  1017.8   0.00    0.0    0.000   0.027   26.3    60   17.9   26.9   10.78   1.1609     350     1    100.0   15 
29/09/26   0:45   20.9   20.9   20.9    88   18.8    0.0      E   0.00   1.6     E   20.9   21.9   21.9  1017.6   0.00    0.0    0.000   0.027   26.2    60   17.8   26.8   10.78   1.1611     352     1    100.0   15 
29/09/26   1:00   20.9   21.0   20.9    88   18.9    0.0    ENE   0.00   1.6   ENE   20.9   21.9   21.9  1017.6   0.00    0.0    0.000   0.027   26.2    60   17.8   26.8   10.79   1.1613     351     1    100.0   15 
29/09/26   1:15   21.1   21.1   21.0    88   19.0    0.0    ENE   0.00   3.2   ENE   21.1   22.1   22.1  1017.5   0.00    0.0    0.000   0.028   26.1    60   17.7   26.7   10.79   1.1618     351     1    100.0   15 
29/09/26   1:30   21.0   21.1   21.0    89   19.1    0.0    ESE   0.00   3.2   ESE   21.0   22.1   22.1  1017.3   0.00    0.0    0.000   0.028   26.1    60   17.7   26.7   10.79   1.1616     351     1    100.0   15 
29/09/26   1:45   21.0   21.0   21.0    89   19.1    0.0     NE   0.00   4.8    NE   21.0   22.1   22.1  1017.2   0.00    0.0    0.000   0.028   26.0    60   17.6   26.6   10.80   1.1617     351     1    100.0   15 
29/09/26   2:00   20.9   21.0   20.9    89   19.1    0.0    ENE   0.00   8.0     E   20.9   22.0   22.0  1017.1   0.00    0.0    0.000   0.027   25.9    60   17.6   26.5   10.80   1.1619     352     1    100.0   15 
29/09/26   2:15   20.8   20.9   20.8    89   19.0    0.0    ENE   0.00  12.9   ENE   20.8   21.9   21.9  1017.0   0.00    0.0    0.000   0.026   25.9    60   17.5   26.4   10.81   1.1621     351     1    100.0   15 
29/09/26   2:30   20.8   20.8   20.7    90   19.1    0.0    ENE   0.00   4.8     E   20.8   21.9   21.9  1017.0   0.00    0.0    0.000   0.025   25.9    60   17.5   26.4   10.81   1.1620     351     1    100.0   15 
29/09/26   2:45   20.7   20.7   20.6    91   19.1    0.0      E   0.00   8.0     E   20.7   21.8   21.8  1017.0   0.00    0.0    0.000   0.024   25.8    60   17.5   26.4   10.81   1.1624     351     1    100.0   15 
29/09/26   3:00   20.6   20.7   20.6    92   19.3    0.0    ENE   0.00   8.0    NE   20.6   21.8   21.8  1016.9   0.00    0.0    0.000   0.024   25.8    60   17.4   26.3   10.81   1.1626     351     1    100.0   15 
29/09/26   3:15   20.7   20.7   20.6    92   19.3    1.6    ENE   0.40  11.3   ENE   20.7   21.8   21.8  1016.7   0.00    0.0    0.000   0.024   25.7    60   17.4   26.3   10.82   1.1626     350     1    100.0   15 
29/09/26   3:30   20.5   20.6   20.4    92   19.2    0.0    ENE   0.00   6.4    NE   20.5   21.7   21.7  1016.7   0.00    0.0    0.000   0.023   25.7    60   17.4   26.3   10.82   1.1626     351     1    100.0   15 
29/09/26   3:45   20.4   20.4   20.4    93   19.3    1.6    ENE   0.40   8.0   ENE   20.4   21.6   21.6  1016.7   0.00    0.0    0.000   0.022   25.7    61   17.6   26.2   10.99   1.1625     351     1    100.0   15 
29/09/26   4:00   20.4   20.5   20.4    93   19.3    0.0     NE   0.00   4.8   ENE   20.4   21.6   21.6  1016.8   0.00    0.0    0.000   0.022   25.6    61   17.5   26.2   10.99   1.1629     352     1    100.0   15 
29/09/26   4:15   20.4   20.4   20.3    93   19.2    0.0    ENE   0.00   8.0    NE   20.4   21.6   21.6  1016.3   0.00    0.0    0.000   0.021   25.6    61   17.5   26.1   10.99   1.1627     351     1    100.0   15 
29/09/26   4:30   20.4   20.4   20.3    93   19.2    0.0    ENE   0.00  11.3     E   20.4   21.6   21.6  1016.2   0.00    0.0    0.000   0.021   25.5    61   17.4   26.1   10.99   1.1628     351     1    100.0   15 
29/09/26   4:45   20.4   20.4   20.3    93   19.2    1.6    ENE   0.40  12.9     E   20.4   21.6   21.6  1016.3   0.00    0.0    0.000   0.021   25.5    61   17.4   26.1   10.99   1.1629     350     1    100.0   15 
29/09/26   5:00   20.4   20.4   20.3    93   19.2    0.0    ENE   0.00   8.0    NE   20.4   21.6   21.6  1016.1   0.00    0.0    0.000   0.021   25.4    61   17.4   26.0   10.99   1.1629     350     1    100.0   15 
29/09/26   5:15   20.3   20.3   20.3    93   19.2    0.0    ENE   0.00   4.8   ENE   20.3   21.4   21.4  1016.2   0.00    0.0    0.000   0.021   25.4    61   17.3   25.9   11.00   1.1634     352     1    100.0   15 
29/09/26   5:30   20.3   20.3   20.3    94   19.3    0.0    ENE   0.00   6.4   ESE   20.3   21.4   21.4  1015.9   0.00    0.0    0.000   0.020   25.3    61   17.3   25.9   11.00   1.1633     351     1    100.0   15 
29/09/26   5:45   20.3   20.4   20.3    94   19.3    1.6    ENE   0.40  12.9   ENE   20.3   21.5   21.5  1016.3   0.00    0.0    0.000   0.021   25.3    61   17.3   25.9   11.00   1.1638     351     1    100.0   15 
29/09/26   6:00   20.3   20.4   20.3    93   19.2    0.0      E   0.00   4.8    NE   20.3   21.4   21.4  1016.3   0.20    0.0    0.000   0.021   25.3    61   17.2   25.8   11.00   1.1641     351     1    100.0   15 
29/09/26   6:15   20.2   20.3   20.2    94   19.2    0.0     SO   0.00   1.6    SO   20.2   21.3   21.3  1016.9   2.80   23.4    0.000   0.020   25.2    61   17.2   25.7   11.00   1.1651     351     1    100.0   15 
29/09/26   6:30   20.1   20.2   20.1    94   19.1    0.0     NO   0.00   9.7   NNO   20.1   21.2   21.2  1017.4  14.80  107.6    0.000   0.019   25.3    62   17.5   25.9   11.20   1.1650     351     1    100.0   15 
29/09/26   6:45   19.8   20.1   19.6    94   18.8    0.0     NO   0.00   4.8   ONO   19.8   20.8   20.8  1017.7  12.40  138.8    0.000   0.016   25.4    62   17.6   26.1   11.19   1.1645     351     1    100.0   15 
29/09/26   7:00   19.4   19.6   18.9    94   18.4    1.6     NO   0.40  11.3    NO   19.4   20.3   20.3  1017.9   8.80   86.6    0.000   0.011   25.6    62   17.8   26.2   11.19   1.1638     351     1    100.0   15 
29/09/26   7:15   18.5   18.9   18.2    95   17.7    1.6    NNO   0.40   8.0    NO   18.5   19.2   19.2  1018.2   7.60   86.0    0.000   0.002   25.7    62   17.9   26.4   11.18   1.1635     349     1    100.0   15 
29/09/26   7:30   18.1   18.2   17.9    95   17.2    0.0     NO   0.00   6.4    NO   18.1   18.7   18.7  1018.1   3.60   26.6    0.003   0.000   25.8    62   17.9   26.4   11.18   1.1632     352     1    100.0   15 
29/09/26   7:45   18.0   18.1   17.9    96   17.4    0.0     NO   0.00   3.2    NO   18.0   18.6   18.6  1018.2   5.20   90.8    0.003   0.000   25.8    62   17.9   26.4   11.18   1.1633     350     1    100.0   15 
29/09/26   8:00   18.2   18.3   18.1    95   17.4    0.0     NO   0.00   3.2    NO   18.2   18.8   18.8  1018.2   1.40   13.2    0.002   0.000   25.8    62   17.9   26.4   11.18   1.1632     351     1    100.0   15 
29/09/26   8:15   18.3   18.3   18.2    96   17.6    1.6     NO   0.40   4.8    NO   18.3   18.9   18.9  1018.1   0.80   11.4    0.001   0.000   25.8    62   17.9   26.4   11.18   1.1631     351     1    100.0   15 
29/09/26   8:30   18.4   18.6   18.3    96   17.8    0.0     NO   0.00   4.8    NO   18.4   19.2   19.2  1017.9   0.00    0.0    0.000   0.001   25.8    62   17.9   26.4   11.18   1.1629     352     1    100.0   15 
29/09/26   8:45   18.6   18.6   18.6    96   17.9    0.0    ESE   0.00   3.2    NO   18.6   19.3   19.3  1018.1   1.40   11.6    0.000   0.002   25.8    62   17.9   26.4   11.18   1.1631     350     1    100.0   15 
29/09/26   9:00   18.7   18.7   18.6    96   18.0    0.0    ENE   0.00   3.2   ESE   18.7   19.4   19.4  1017.9   0.80    6.6    0.000   0.003   25.8    62   17.9   26.4   11.18   1.1630     351     1    100.0   15 
29/09/26   9:15   18.8   18.8   18.7    96   18.1    0.0    ONO   0.00   4.8   ONO   18.8   19.6   19.6  1018.2   0.00    0.8    0.000   0.005   25.7    62   17.9   26.4   11.18   1.1636     351     1    100.0   15 
29/09/26   9:30   18.9   18.9   18.8    96   18.2    0.0    ONO   0.00   3.2   ONO   18.9   19.7   19.7  1018.5   0.00    0.0    0.000   0.006   25.7    62   17.8   26.3   11.19   1.1642     352     1    100.0   15 
29/09/26   9:45   18.9   18.9   18.9    96   18.3    0.0     NE   0.00   4.8   ENE   18.9   19.7   19.7  1018.3   0.00    0.0    0.000   0.006   25.7    62   17.9   26.4   11.18   1.1637     350     1    100.0   15 
29/09/26  10:00   19.0   19.1   18.9    96   18.3    0.0     NO   0.00  11.3     E   19.0   19.8   19.8  1018.3   0.00    0.0    0.000   0.007   25.7    62   17.9   26.4   11.18   1.1637     351     1    100.0   15 
29/09/26  10:15   18.8   18.9   18.8    97   18.3    1.6    ENE   0.40  11.3     E   18.8   19.6   19.6  1018.6   0.00    0.0    0.000   0.005   25.8    62   17.9   26.4   11.18   1.1637     350     1    100.0   15 
29/09/26  10:30   18.9   19.1   18.8    97   18.4    4.8    ENE   1.21  14.5   ENE   18.9   19.7   19.7  1018.5   0.00    0.0    0.000   0.006   25.8    63   18.3   26.6   11.38   1.1629     351     1    100.0   15 
29/09/26  10:45   19.3   19.7   19.1    97   18.8    6.4    ENE   1.61  16.1   ENE   19.3   20.2   20.2  1018.2   0.00    0.0    0.000   0.010   26.0    62   18.2   26.7   11.17   1.1620     352     1    100.0   15 
29/09/26  11:00   20.1   20.3   19.7    97   19.6    3.2    ENE   0.80  14.5     E   20.1   21.2   21.2  1018.0   0.00    0.0    0.000   0.018   26.3    62   18.4   27.1   11.16   1.1603     349     1    100.0   15 
29/09/26  11:15   20.4   20.5   20.3    97   19.9    3.2      E   0.80  11.3     E   20.4   21.7   21.7  1017.9   0.00    0.0    0.000   0.021   26.5    62   18.6   27.3   11.16   1.1590     350     1    100.0   15 
29/09/26  11:30   20.8   21.3   20.5    97   20.3    1.6      E   0.40  12.9     E   20.8   22.3   22.3  1018.0   0.00    0.0    0.000   0.026   26.7    62   18.8   27.6   11.15   1.1580     351     1    100.0   15 
29/09/26  11:45   21.6   21.6   21.3    96   20.9    1.6      E   0.40  12.9     E   21.6   23.2   23.2  1017.9   0.00    0.0    0.000   0.034   26.9    62   19.0   27.9   11.14   1.1570     351     1    100.0   15 
29/09/26  12:00   21.7   22.1   21.6    95   20.9    1.6      E   0.40   9.7     E   21.7   23.2   23.2  1018.0   0.00    0.0    0.000   0.035   27.0    61   18.8   27.9   10.95   1.1569     351     1    100.0   15 
29/09/26  12:15   22.4   22.7   22.1    90   20.7    4.8      E   1.21  14.5   ESE   22.4   23.7   23.7  1018.0   0.00    0.0    0.000   0.042   27.1    62   19.2   28.2   11.13   1.1559     351     1    100.0   15 
29/09/26  12:30   23.2   23.8   22.6    85   20.6    1.6    ENE   0.40  11.3   ENE   23.2   24.4   24.4  1017.6   0.00    0.0    0.000   0.051   27.2    63   19.6   28.4   11.33   1.1545     350     1    100.0   15 
29/09/26  12:45   24.1   24.6   23.8    82   20.8    0.0    ENE   0.00  11.3   ENE   24.1   25.6   25.6  1017.5   0.00    0.0    0.000   0.060   27.4    64   20.0   28.8   11.52   1.1530     352     1    100.0   15 
29/09/26  13:00   24.6   24.7   24.5    80   20.9    1.6      E   0.40   9.7    NE   24.6   26.2   26.2  1017.4   0.00    0.0    0.000   0.065   27.4    64   20.0   28.9   11.52   1.1526     350     1    100.0   15 
29/09/26  13:15   25.2   25.6   24.7    75   20.4    0.0    ENE   0.00   8.0   ENE   25.2   26.6   26.6  1017.3   0.00    0.0    0.000   0.071   27.5    64   20.1   29.0   11.52   1.1522     351     1    100.0   15 
29/09/26  13:30   25.4   25.6   25.3    76   20.8    1.6    ENE   0.40  12.9   NNE   25.4   26.9   26.9  1017.1   0.00    0.0    0.000   0.073   27.6    64   20.1   29.1   11.52   1.1517     351     1    100.0   15 
29/09/26  13:45   25.4   25.6   25.3    75   20.7    1.6      E   0.40   9.7     E   25.4   26.9   26.9  1017.2   0.00    0.0    0.000   0.074   27.7    64   20.2   29.3   11.51   1.1512     350     1    100.0   15 
29/09/26  14:00   25.4   25.5   25.4    76   20.9    1.6      E   0.40  16.1     E   25.4   26.9   26.9  1017.0   0.00    0.0    0.000   0.074   27.7    63   20.0   29.2   11.31   1.1511     352     1    100.0   15 
29/09/26  14:15   25.2   25.4   24.8    78   21.1    1.6    ENE   0.40  14.5     E   25.2   26.8   26.8  1017.0   0.00    0.0    0.000   0.071   27.8    64   20.4   29.6   11.51   1.1500     351     1    100.0   15 
29/09/26  14:30   24.9   25.1   24.7    78   20.8    1.6    ESE   0.40  12.9   ESE   24.9   26.4   26.4  1017.0   0.00    0.0    0.000   0.068   27.8    64   20.4   29.6   11.51   1.1500     350     1    100.0   15 
29/09/26  14:45   25.1   25.1   25.0    79   21.2    0.0    ESE   0.00  16.1   ENE   25.1   26.7   26.7  1016.9   0.00    0.0    0.000   0.070   27.9    64   20.4   29.6   11.51   1.1497     350     1    100.0   15 
29/09/26  15:00   25.0   25.1   24.9    79   21.1    1.6    ENE   0.40   8.0     E   25.0   26.6   26.6  1016.9   0.00    0.0    0.000   0.069   27.9    64   20.4   29.6   11.51   1.1496     351     1    100.0   15 
29/09/26  15:15   24.8   24.9   24.6    79   20.9    1.6      E   0.40  14.5     E   24.8   26.4   26.4  1016.9   0.00    0.0    0.000   0.067   27.8    64   20.4   29.6   11.51   1.1499     350     1    100.0   15 
29/09/26  15:30   24.4   24.6   24.3    79   20.6    0.0    ENE   0.00   4.8   ESE   24.4   26.0   26.0  1016.8   0.00    0.0    0.000   0.064   27.7    64   20.3   29.3   11.51   1.1504     351     1    100.0   15 
29/09/26  15:45   24.2   24.3   24.1    81   20.8    0.0    ENE   0.00  11.3   ENE   24.2   25.8   25.8  1016.8   0.00    0.0    0.000   0.061   27.6    65   20.4   29.2   11.72   1.1509     351     1    100.0   15 
29/09/26  16:00   24.0   24.1   23.8    81   20.5    0.0    ENE   0.00   9.7    SE   24.0   25.5   25.5  1016.9   0.00    0.0    0.000   0.059   27.4    65   20.3   29.0   11.72   1.1516     351     1    100.0   15 
29/09/26  16:15   23.8   23.9   23.7    82   20.5    0.0      E   0.00   4.8     E   23.8   25.2   25.2  1017.0   0.00    0.0    0.000   0.057   27.3    65   20.2   28.8   11.73   1.1523     351     1    100.0   15 
29/09/26  16:30   24.2   24.4   23.9    80   20.6    0.0      E   0.00  11.3   ENE   24.2   25.7   25.7  1017.2   0.00    0.0    0.000   0.061   27.3    66   20.4   28.8   11.93   1.1524     351     1    100.0   15 
29/09/26  16:45   24.7   24.9   24.4    76   20.2    0.0    ENE   0.00   3.2     N   24.7   26.1   26.1  1017.3   0.00    0.0    0.000   0.066   27.2    65   20.1   28.6   11.73   1.1532     351     1    100.0   15 
29/09/26  17:00   24.8   24.9   24.7    73   19.7    0.0     SO   0.00   6.4     O   24.8   26.1   26.1  1017.3   0.00    0.0    0.000   0.068   27.2    63   19.6   28.4   11.33   1.1542     351     1    100.0   15 
29/09/26  17:15   24.4   24.7   24.2    74   19.5    0.0    SSO   0.00   1.6   SSO   24.4   25.7   25.7  1017.4   0.00    0.0    0.000   0.064   27.2    63   19.5   28.3   11.33   1.1545     352     1    100.0   15 
29/09/26  17:30   23.9   24.2   23.6    77   19.7    0.0    SSO   0.00   1.6   SSO   23.9   25.2   25.2  1017.4   0.00    0.0    0.000   0.058   27.1    63   19.5   28.3   11.33   1.1549     350     1    100.0   15 
29/09/26  17:45   23.3   23.6   23.1    79   19.4    0.0    SSO   0.00   1.6   SSO   23.3   24.4   24.4  1017.7   0.00    0.0    0.000   0.052   27.1    64   19.7   28.3   11.54   1.1550     351     1    100.0   15 
29/09/26  18:00   22.8   23.1   22.7    80   19.2    0.0    ---   0.00   0.0   ---   22.8   23.8   23.8  1017.8   0.00    0.0    0.000   0.047   27.0    64   19.6   28.2   11.54   1.1555     351     1    100.0   15 
29/09/26  18:15   22.6   22.7   22.6    81   19.2    0.0    SSE   0.00   1.6   SSE   22.6   23.6   23.6  1017.9   0.00    0.0    0.000   0.045   26.9    64   19.6   28.1   11.54   1.1558     350     1    100.0   15 
29/09/26  18:30   22.5   22.6   22.4    82   19.3    0.0      S   0.00   1.6     S   22.5   23.4   23.4  1017.9   0.00    0.0    0.000   0.043   26.9    64   19.6   28.1   11.54   1.1559     351     1    100.0   15 
29/09/26  18:45   22.4   22.4   22.3    83   19.4    0.0    ---   0.00   0.0   ---   22.4   23.3   23.3  1018.2   0.00    0.0    0.000   0.042   26.9    64   19.5   28.1   11.54   1.1565     350     1    100.0   15 
29/09/26  19:00   22.3   22.3   22.2    85   19.6    0.0    ---   0.00   0.0   ---   22.3   23.3   23.3  1018.3   0.00    0.0    0.000   0.041   26.9    64   19.5   28.1   11.54   1.1566     351     1    100.0   15 
29/09/26  19:15   22.1   22.2   22.0    86   19.6    0.0    ESE   0.00   1.6   ESE   22.1   23.1   23.1  1018.3   0.00    0.0    0.000   0.039   26.8    65   19.7   28.1   11.74   1.1566     351     1    100.0   15 
29/09/26  19:30   21.9   22.0   21.8    87   19.6    0.0    ---   0.00   0.0   ---   21.9   23.0   23.0  1018.4   0.00    0.0    0.000   0.037   26.8    65   19.6   27.9   11.75   1.1570     351     1    100.0   15 
29/09/26  19:45   21.7   21.8   21.7    88   19.6    0.0    ---   0.00   0.0   ---   21.7   22.8   22.8  1018.5   0.00    0.0    0.000   0.035   26.7    65   19.5   27.8   11.75   1.1577     351     1    100.0   15 
29/09/26  20:00   21.6   21.7   21.5    88   19.5    0.0    ---   0.00   0.0   ---   21.6   22.7   22.7  1018.6   0.00    0.0    0.000   0.034   26.6    65   19.4   27.6   11.75   1.1584     351     1    100.0   15 
29/09/26  20:15   21.4   21.5   21.3    89   19.5    0.0    ---   0.00   0.0   ---   21.4   22.5   22.5  1018.5   0.00    0.0    0.000   0.032   26.4    65   19.3   27.5   11.76   1.1589     351     1    100.0   15 
29/09/26  20:30   21.3   21.3   21.3    90   19.6    0.0    ENE   0.00   1.6   ENE   21.3   22.4   22.4  1018.6   0.00    0.0    0.000   0.031   26.4    65   19.3   27.4   11.76   1.1593     351     1    100.0   15 
29/09/26  20:45   21.3   21.3   21.3    90   19.6    0.0    ---   0.00   0.0   ---   21.3   22.4   22.4  1018.7   0.00    0.0    0.000   0.031   26.3    65   19.2   27.3   11.76   1.1597     351     1    100.0   15 
29/09/26  21:00   21.2   21.3   21.2    91   19.7    0.0    ENE   0.00   1.6   ENE   21.2   22.4   22.4  1018.7   0.00    0.0    0.000   0.030   26.3    65   19.2   27.3   11.76   1.1600     350     1    100.0   15 
29/09/26  21:15   21.1   21.2   20.9    91   19.5    0.0    NNO   0.00   1.6   NNO   21.1   22.2   22.2  1018.9   0.00    0.0    0.000   0.028   26.2    65   19.1   27.2   11.77   1.1605     349     1    100.0   15 
29/09/26  21:30   20.9   21.0   20.9    91   19.4    0.0    ---   0.00   0.0   ---   20.9   22.1   22.1  1018.9   0.00    0.0    0.000   0.027   26.2    65   19.1   27.2   11.77   1.1605     351     1    100.0   15 
29/09/26  21:45   21.1   21.1   21.0    92   19.7    0.0    ---   0.00   0.0   ---   21.1   22.3   22.3  1018.9   0.00    0.0    0.000   0.028   26.2    65   19.1   27.1   11.77   1.1608     351     1    100.0   15 
29/09/26  22:00   21.1   21.1   21.0    92   19.7    0.0    ---   0.00   0.0   ---   21.1   22.3   22.3  1018.8   0.00    0.0    0.000   0.028   26.1    65   19.0   27.1   11.77   1.1610     351     1    100.0   15 
29/09/26  22:15   21.0   21.1   20.9    91   19.5    0.0    ENE   0.00   1.6   ENE   21.0   22.2   22.2  1018.7   0.00    0.0    0.000   0.028   26.1    65   19.0   27.1   11.77   1.1609     350     1    100.0   15 
29/09/26  22:30   20.9   20.9   20.9    91   19.4    0.0    ENE   0.00   1.6   ENE   20.9   22.1   22.1  1018.6   0.00    0.0    0.000   0.027   26.1    65   19.0   27.0   11.77   1.1611     351     1    100.0   15 
29/09/26  22:45   20.8   20.9   20.8    92   19.5    0.0    ENE   0.00   1.6   ENE   20.8   22.1   22.1  1018.5   0.00    0.0    0.000   0.026   26.1    65   19.0   27.0   11.77   1.1610     352     1    100.0   15 
29/09/26  23:00   20.8   20.8   20.7    92   19.4    0.0    ---   0.00   0.0   ---   20.8   22.0   22.0  1018.7   0.00    0.0    0.000   0.025   26.0    65   18.9   26.9   11.77   1.1615     349     1    100.0   15 
29/09/26  23:15   20.7   20.7   20.6    92   19.3    0.0    ---   0.00   0.0   ---   20.7   21.8   21.8  1018.5   0.00    0.0    0.000   0.024   25.9    65   18.8   26.8   11.78   1.1619     351     1    100.0   15 
29/09/26  23:30   20.6   20.6   20.6    92   19.3    0.0     NE   0.00   1.6    NE   20.6   21.8   21.8  1018.4   0.00    0.0    0.000   0.024   25.8    65   18.8   26.7   11.78   1.1621     350     1    100.0   15 
29/09/26  23:45   20.7   20.7   20.6    92   19.3    0.0    ---   0.00   0.0   ---   20.7   21.8   21.8  1018.5   0.00    0.0    0.000   0.024   25.8    65   18.7   26.6   11.78   1.1624     350     1    100.0   15 
30/09/26  00:00   20.7   20.7   20.7    92   19.4    0.0    ---   0.00   0.0   ---   20.7   21.9   21.9  1018.4   0.00    0.0    0.000   0.025   25.7    65   18.6   26.6   11.78   1.1627     349     1    100.0   15 
30/09/26   0:15   20.7   20.7   20.6    91   19.1    0.0    NNO   0.00   1.6   NNO   20.7   21.8   21.8  1018.4   0.00    0.0    0.000   0.024   25.6    65   18.5   26.4   11.79   1.1632     348     1    100.0   15 
30/09/26   0:30   20.5   20.6   20.4    92   19.2    0.0    ---   0.00   0.0   ---   20.5   21.7   21.7  1018.3   0.00    0.0    0.000   0.023   25.6    65   18.5   26.4   11.79   1.1632     351     1    100.0   15 
30/09/26   0:45   20.4   20.4   20.3    92   19.0    0.0    ---   0.00   0.0   ---   20.4   21.5   21.5  1018.4   0.00    0.0    0.000   0.021   25.6    65   18.5   26.3   11.79   1.1635     351     1    100.0   15 
30/09/26   1:00   20.2   20.3   20.0    92   18.8    0.0    ---   0.00   0.0   ---   20.2   21.2   21.2  1018.5   0.00    0.0    0.000   0.019   25.5    65   18.4   26.3   11.79   1.1639     351     1    100.0   15 
30/09/26   1:15   19.9   20.0   19.9    93   18.8    0.0    ---   0.00   0.0   ---   19.9   20.9   20.9  1018.3   0.00    0.0    0.000   0.017   25.4    65   18.4   26.2   11.79   1.1640     350     1    100.0   15 
30/09/26   1:30   19.9   20.0   19.8    93   18.8    0.0     NO   0.00   1.6    NO   19.9   20.9   20.9  1018.3   0.00    0.0    0.000   0.017   25.4    65   18.3   26.2   11.80   1.1643     349     1    100.0   15 
30/09/26   1:45   19.7   19.8   19.7    94   18.7    0.0     NO   0.00   1.6    NO   19.7   20.7   20.7  1018.2   0.00    0.0    0.000   0.014   25.3    65   18.2   26.1   11.80   1.1648     351     1    100.0   15 
30/09/26   2:00   19.6   19.7   19.6    94   18.6    0.0    ---   0.00   0.0   ---   19.6   20.6   20.6  1018.1   0.00    0.0    0.000   0.013   25.3    65   18.2   26.1   11.80   1.1647     351     1    100.0   15 
30/09/26   2:15   19.4   19.6   19.4    94   18.5    0.0    SSE   0.00   1.6   SSE   19.4   20.3   20.3  1018.1   0.00    0.0    0.000   0.012   25.2    65   18.2   25.9   11.80   1.1650     351     1    100.0   15 
30/09/26   2:30   19.4   19.4   19.3    95   18.6    0.0    ---   0.00   0.0   ---   19.4   20.3   20.3  1018.1   0.00    0.0    0.000   0.011   25.2    65   18.1   25.9   11.80   1.1652     351     1    100.0   15 
30/09/26   2:45   19.4   19.4   19.3    95   18.6    0.0    ---   0.00   0.0   ---   19.4   20.3   20.3  1018.1   0.00    0.0    0.000   0.011   25.1    65   18.1   25.8   11.81   1.1655     351     1    100.0   15 
30/09/26   3:00   19.4   19.4   19.4    95   18.6    0.0    ---   0.00   0.0   ---   19.4   20.3   20.3  1018.0   0.00    0.0    0.000   0.012   25.1    65   18.0   25.8   11.81   1.1658     351     1    100.0   15 
30/09/26   3:15   19.5   19.6   19.4    95   18.7    0.0    ONO   0.00   1.6   SSE   19.5   20.4   20.4  1018.1   0.00    0.0    0.000   0.012   25.0    65   18.0   25.7   11.81   1.1661     351     1    100.0   15 
30/09/26   3:30   19.4   19.5   19.4    95   18.6    0.0    ---   0.00   0.0   ---   19.4   20.3   20.3  1018.1   0.00    0.0    0.000   0.012   24.9    64   17.7   25.6   11.61   1.1668     351     1    100.0   15 
30/09/26   3:45   19.3   19.4   19.3    95   18.5    0.0    ONO   0.00   1.6   ONO   19.3   20.2   20.2  1017.9   0.00    0.0    0.000   0.010   24.9    64   17.7   25.6   11.61   1.1665     351     1    100.0   15 
30/09/26   4:00   19.3   19.3   19.3    95   18.5    0.0    ---   0.00   0.0   ---   19.3   20.1   20.1  1018.1   0.00    0.0    0.000   0.010   24.9    64   17.6   25.6   11.61   1.1671     350     1    100.0   15 
30/09/26   4:15   19.3   19.3   19.2    95   18.5    0.0    ---   0.00   0.0   ---   19.3   20.1   20.1  1018.2   0.00    0.0    0.000   0.010   24.8    64   17.6   25.5   11.62   1.1675     351     1    100.0   15 
30/09/26   4:30   19.2   19.2   19.1    96   18.5    0.0    ---   0.00   0.0   ---   19.2   20.0   20.0  1018.2   0.00    0.0    0.000   0.009   24.8    64   17.5   25.4   11.62   1.1678     351     1    100.0   15 
30/09/26   4:45   18.9   19.1   18.9    96   18.3    0.0    ---   0.00   0.0   ---   18.9   19.7   19.7  1018.2   0.00    0.0    0.000   0.006   24.8    64   17.5   25.4   11.62   1.1679     351     1    100.0   15 
30/09/26   5:00   18.9   18.9   18.9    96   18.3    0.0    ---   0.00   0.0   ---   18.9   19.7   19.7  1018.2   0.00    0.0    0.000   0.006   24.7    64   17.5   25.4   11.62   1.1682     351     1    100.0   15 
30/09/26   5:15   18.9   18.9   18.9    96   18.2    0.0    ---   0.00   0.0   ---   18.9   19.7   19.7  1018.2   0.00    0.0    0.000   0.006   24.7    64   17.4   25.3   11.62   1.1684     350     1    100.0   15 
30/09/26   5:30   19.0   19.1   18.9    96   18.3    0.0    ONO   0.00   3.2   ONO   19.0   19.8   19.8  1018.3   0.00    0.0    0.000   0.007   24.6    64   17.3   25.2   11.62   1.1688     351     1    100.0   15 
30/09/26   5:45   18.9   19.1   18.8    96   18.2    0.0     NO   0.00   3.2   ONO   18.9   19.7   19.7  1018.5   0.00    0.0    0.000   0.006   24.6    64   17.3   25.2   11.63   1.1694     351     1    100.0   15 
30/09/26   6:00   18.8   18.8   18.8    96   18.1    0.0    ENE   0.00   3.2   ENE   18.8   19.6   19.6  1018.6   0.00    0.0    0.000   0.005   24.6    64   17.3   25.2   11.63   1.1694     350     1    100.0   15 
30/09/26   6:15   18.8   18.8   18.7    96   18.1    0.0    ENE   0.00   3.2   ENE   18.8   19.6   19.6  1018.7   0.00    0.0    0.000   0.005   24.5    64   17.2   25.1   11.63   1.1699     351     1    100.0   15 
30/09/26   6:30   18.9   19.0   18.8    96   18.3    0.0    ENE   0.00   1.6   ENE   18.9   19.7   19.7  1018.8   0.00    0.0    0.000   0.006   24.6    65   17.5   25.2   11.83   1.1693     352     1    100.0   15 
30/09/26   6:45   19.1   19.1   19.0    96   18.4    0.0    ---   0.00   0.0   ---   19.1   19.9   19.9  1018.8   0.00    0.0    0.000   0.008   24.7    66   17.9   25.5   12.02   1.1682     350     1    100.0   15 
30/09/26   7:00   19.2   19.3   19.1    96   18.5    0.0    NNO   0.00   3.2     N   19.2   20.0   20.0  1018.9   0.00    0.0    0.000   0.009   24.9    65   17.9   25.7   11.81   1.1674     350     1    100.0   15 
30/09/26   7:15   19.2   19.3   19.1    97   18.7    0.0     NO   0.00   1.6    NO   19.2   20.1   20.1  1019.0   0.00    0.0    0.000   0.009   25.1    66   18.3   25.9   12.01   1.1663     351     1    100.0   15 
30/09/26   7:30   19.4   19.6   19.3    97   19.0    0.0    ---   0.00   0.0   ---   19.4   20.4   20.4  1019.1   0.00    0.0    0.000   0.012   25.3    65   18.3   26.1   11.80   1.1656     350     1    100.0   15 
30/09/26   7:45   19.6   19.7   19.5    96   18.9    0.0    ---   0.00   0.0   ---   19.6   20.5   20.5  1019.4   0.00    0.0    0.000   0.013   25.4    65   18.4   26.2   11.79   1.1653     351     1    100.0   15 
30/09/26   8:00   19.6   19.7   19.5    96   18.9    0.0    ---   0.00   0.0   ---   19.6   20.5   20.5  1019.3   0.00    0.0    0.000   0.013   25.5    65   18.4   26.3   11.79   1.1649     350     1    100.0   15 
30/09/26   8:15   19.7   19.8   19.7    96   19.1    0.0    ---   0.00   0.0   ---   19.7   20.7   20.7  1019.6   0.00    0.0    0.000   0.014   25.6    65   18.5   26.4   11.79   1.1646     351     1    100.0   15 
30/09/26   8:30   19.8   19.9   19.8    96   19.2    0.0    ---   0.00   0.0   ---   19.8   20.8   20.8  1019.8   0.00    0.0    0.000   0.016   25.6    65   18.5   26.3   11.79   1.1652     348     1    100.0   15 
30/09/26   8:45   19.9   20.0   19.8    96   19.2    0.0    ---   0.00   0.0   ---   19.9   20.9   20.9  1019.9   0.00    0.0    0.000   0.016   25.5    66   18.7   26.3   11.99   1.1652     351     1    100.0   15 
30/09/26   9:00   20.1   20.1   20.0    96   19.4    0.0    ---   0.00   0.0   ---   20.1   21.2   21.2  1019.8   0.00    0.0    0.000   0.018   25.4    67   18.9   26.3   12.19   1.1651     351     1    100.0   15 
30/09/26   9:15   20.1   20.2   20.1    96   19.5    0.0    ---   0.00   0.0   ---   20.1   21.2   21.2  1019.8   0.00    0.0    0.000   0.019   25.4    68   19.1   26.3   12.44   1.1650     351     1    100.0   15 
30/09/26   9:30   20.0   20.1   19.9    96   19.3    0.0    ---   0.00   0.0   ---   20.0   21.1   21.1  1019.8   0.00    0.0    0.000   0.017   25.2    69   19.1   26.2   12.65   1.1655     351     1    100.0   15 
30/09/26   9:45   20.1   20.2   19.9    96   19.4    0.0    ---   0.00   0.0   ---   20.1   21.2   21.2  1019.7   0.00    0.0    0.000   0.018   25.1    70   19.2   26.1   12.91   1.1659     352     1    100.0   15 
