                 Temp.  Temp.  Temp.  Hum.   Punt   Vel.   Dir.   Rec.  Vel.  Dir.  Sens.   Índ.   Índ.                  Int. Graus D.Graus D.  Temp.  Hum. Rosada  In.Cal.  EMC     Dens.    Mostr   Tx   Recep.  Int.
  Data    Hora    Ext.   Màx.   Mín.  Ext. Rosada   Vent   Vent   Vent  Màx.  Màx.  Tèrm.  Calor   THW    Bar    Pluja   Pluja  Calor    Fred    Int.  Int.   Int.   Int.    Int.  Int.Aire    Vent   Vent   ISS   Arc.
-------------------------------------------------------------------------------------------------------------------------------------------------------------------------------------------------------------------------
 8/09/26   0:15   23.1   23.1   23.0    92   21.7    0.0    ONO   0.00   3.2   ONO   23.1   24.5   24.5  1017.9   0.00    0.0    0.000   0.049   28.2    63   20.5   30.1   11.29   1.1494     350     1    100.0   15 
 8/09/26   0:30   22.9   23.0   22.7    91   21.4    0.0    ONO   0.00   3.2   ONO   22.9   24.3   24.3  1017.7   0.00    0.0    0.000   0.048   28.2    63   20.5   30.1   11.29   1.1492     349     1    100.0   15 
 8/09/26   0:45   22.5   22.7   22.3    90   20.8    1.6    ONO   0.40   6.4    NO   22.5   23.8   23.8  1017.6   0.00    0.0    0.000   0.043   28.2    63   20.5   30.1   11.29   1.1491     351     1    100.0   15 
 8/09/26   1:00   22.7   22.8   22.6    89   20.8    1.6     NO   0.40   4.8    NO   22.7   24.0   24.0  1017.6   0.00    0.0    0.000   0.045   28.1    62   20.1   29.7   11.10   1.1501     351     1    100.0   15 
 8/09/26   1:15   22.3   22.7   22.1    83   19.2    0.0     NO   0.00   4.8    NO   22.3   23.2   23.2  1017.5   0.00    0.0    0.000   0.041   28.1    60   19.6   29.5   10.75   1.1508     351     1    100.0   15 
 8/09/26   1:30   22.3   22.6   22.1    85   19.7    0.0     NO   0.00   4.8    NO   22.3   23.4   23.4  1017.3   0.00    0.0    0.000   0.042   28.1    60   19.6   29.4   10.75   1.1510     350     1    100.0   15 
 8/09/26   1:45   22.5   22.6   22.5    85   19.9    0.0     NO   0.00   3.2    NO   22.5   23.6   23.6  1017.3   0.00    0.0    0.000   0.043   28.1    60   19.6   29.4   10.75   1.1509     351     1    100.0   15 
 8/09/26   2:00   22.4   22.5   22.3    85   19.8    0.0     NO   0.00   1.6    NO   22.4   23.5   23.5  1017.2   0.00    0.0    0.000   0.043   28.0    60   19.5   29.3   10.75   1.1511     351     1    100.0   15 
 8/09/26   2:15   22.3   22.4   22.2    86   19.8    0.0     NO   0.00   3.2    NO   22.3   23.3   23.3  1017.2   0.00    0.0    0.000   0.041   28.0    60   19.5   29.3   10.75   1.1511     351     1    100.0   15 
 8/09/26   2:30   22.1   22.2   21.9    86   19.7    1.6     NO   0.40   3.2    NO   22.1   23.2   23.2  1017.2   0.00    0.0    0.000   0.039   27.9    60   19.5   29.3   10.75   1.1514     350     1    100.0   15 
 8/09/26   2:45   21.8   21.9   21.7    84   19.0    1.6     NO   0.40   4.8    NO   21.8   22.7   22.7  1017.0   0.00    0.0    0.000   0.036   27.9    60   19.5   29.3   10.75   1.1512     351     1    100.0   15 
 8/09/26   3:00   21.7   21.7   21.6    84   18.8    0.0     NE   0.00   4.8    NE   21.7   22.6   22.6  1016.9   0.00    0.0    0.000   0.035   27.9    59   19.1   29.1   10.55   1.1518     351     1    100.0   15 
 8/09/26   3:15   21.6   21.7   21.6    86   19.2    0.0     NE   0.00   3.2    NE   21.6   22.7   22.7  1016.7   0.00    0.0    0.000   0.034   27.8    59   19.1   29.0   10.55   1.1518     351     1    100.0   15 
 8/09/26   3:30   21.6   21.7   21.4    86   19.1    0.0     NE   0.00   3.2    NE   21.6   22.6   22.6  1016.6   0.00    0.0    0.000   0.034   27.8    59   19.0   28.9   10.55   1.1521     350     1    100.0   15 
 8/09/26   3:45   21.4   21.4   21.3    86   18.9    0.0     NE   0.00   1.6    NE   21.4   22.3   22.3  1016.5   0.00    0.0    0.000   0.032   27.7    59   19.0   28.8   10.55   1.1522     351     1    100.0   15 
 8/09/26   4:00   21.3   21.3   21.3    87   19.0    0.0     NE   0.00   3.2    NE   21.3   22.3   22.3  1016.4   0.00    0.0    0.000   0.031   27.7    60   19.2   28.8   10.75   1.1520     351     1    100.0   15 
 8/09/26   4:15   21.4   21.5   21.3    89   19.6    0.0     NE   0.00   3.2    NE   21.4   22.6   22.6  1016.4   0.00    0.0    0.000   0.032   27.6    60   19.1   28.7   10.75   1.1522     351     1    100.0   15 
 8/09/26   4:30   21.3   21.5   21.2    89   19.4    0.0     NE   0.00   1.6    NE   21.3   22.4   22.4  1016.3   0.00    0.0    0.000   0.031   27.6    60   19.1   28.7   10.75   1.1524     350     1    100.0   15 
 8/09/26   4:45   21.1   21.2   20.9    90   19.4    0.0    ---   0.00   0.0   ---   21.1   22.2   22.2  1016.3   0.00    0.0    0.000   0.028   27.6    62   19.6   28.9   11.12   1.1516     351     1    100.0   15 
 8/09/26   5:00   20.9   20.9   20.8    90   19.2    0.0     NE   0.00   1.6    NE   20.9   22.0   22.0  1016.2   0.00    0.0    0.000   0.027   27.5    62   19.6   28.8   11.12   1.1518     351     1    100.0   15 
 8/09/26   5:15   20.6   20.8   20.3    89   18.7    1.6      N   0.40   4.8     N   20.6   21.7   21.7  1016.2   0.00    0.0    0.000   0.024   27.3    62   19.4   28.5   11.13   1.1527     351     1    100.0   15 
 8/09/26   5:30   20.3   20.3   20.2    90   18.6    0.0    ---   0.00   0.0   ---   20.3   21.3   21.3  1016.3   0.00    0.0    0.000   0.020   27.2    62   19.3   28.3   11.13   1.1537     351     1    100.0   15 
 8/09/26   5:45   20.4   20.4   20.3    91   18.9    0.0      N   0.00   1.6     N   20.4   21.5   21.5  1016.3   0.00    0.0    0.000   0.021   27.1    63   19.4   28.2   11.34   1.1539     350     1    100.0   15 
 8/09/26   6:00   20.4   20.5   20.4    91   18.9    0.0    NNO   0.00   3.2   NNO   20.4   21.6   21.6  1016.4   0.00    0.0    0.000   0.022   26.9    63   19.3   28.0   11.34   1.1545     350     1    100.0   15 
 8/09/26   6:15   20.6   20.7   20.5    92   19.3    0.0     NO   0.00   3.2   NNO   20.6   21.8   21.8  1016.4   0.00    0.0    0.000   0.024   26.9    63   19.2   27.9   11.34   1.1548     351     1    100.0   15 
 8/09/26   6:30   20.8   20.9   20.7    92   19.4    0.0    ONO   0.00   3.2   ONO   20.8   22.0   22.0  1016.5   0.00    0.0    0.000   0.025   26.9    64   19.6   28.1   11.54   1.1543     350     1    100.0   15 
 8/09/26   6:45   21.1   21.3   20.9    91   19.6    0.0    ONO   0.00   1.6   ONO   21.1   22.3   22.3  1016.5   0.00    0.0    0.000   0.029   27.1    63   19.5   28.3   11.33   1.1538     351     1    100.0   15 
 8/09/26   7:00   21.6   21.8   21.3    90   19.8    0.0    ONO   0.00   3.2   ONO   21.6   22.8   22.8  1016.5   0.00    0.0    0.000   0.034   27.4    63   19.7   28.7   11.32   1.1523     351     1    100.0   15 
 8/09/26   7:15   22.3   22.7   21.8    89   20.4    1.6    OSO   0.40   4.8   OSO   22.3   23.6   23.6  1016.4   0.00    0.0    0.000   0.042   27.7    63   20.0   29.2   11.31   1.1507     350     1    100.0   15 
 8/09/26   7:30   22.9   23.1   22.7    86   20.4    1.6    OSO   0.40   4.8   OSO   22.9   24.1   24.1  1016.3   0.00    0.0    0.000   0.047   27.9    62   19.9   29.4   11.11   1.1498     351     1    100.0   15 
 8/09/26   7:45   23.4   23.8   23.1    83   20.3    1.6      O   0.40   3.2   OSO   23.4   24.6   24.6  1016.2   0.00    0.0    0.000   0.053   28.1    62   20.1   29.7   11.10   1.1488     352     1    100.0   15 
 8/09/26   8:00   24.4   24.8   23.8    81   21.0    1.6    SSE   0.40   4.8   SSE   24.4   26.1   26.1  1016.1   0.00    0.0    0.000   0.064   28.2    62   20.2   29.9   11.09   1.1477     351     1    100.0   15 
 8/09/26   8:15   25.3   25.9   24.8    77   21.0    1.6      S   0.40   4.8     S   25.3   26.9   26.9  1016.0   0.00    0.0    0.000   0.073   28.4    61   20.1   30.1   10.95   1.1471     350     1    100.0   15 
 8/09/26   8:30   26.1   26.2   25.9    75   21.3    1.6      O   0.40   6.4     O   26.1   27.8   27.8  1015.8   0.00    0.0    0.000   0.081   28.6    62   20.6   30.6   11.08   1.1456     351     1    100.0   15 
 8/09/26   8:45   26.2   26.4   26.0    73   20.9    3.2    OSO   0.80   8.0    SE   26.2   27.7   27.7  1015.7   0.00    0.0    0.000   0.082   28.7    61   20.5   30.8   10.95   1.1451     352     1    100.0   15 
 8/09/26   9:00   26.8   27.1   26.4    70   20.9    3.2    SSE   0.80   8.0    SO   26.8   28.4   28.4  1015.9   0.00    0.0    0.000   0.089   28.8    61   20.6   31.0   10.95   1.1447     350     1    100.0   15 
 8/09/26   9:15   27.4   27.7   27.1    67   20.8    1.6      O   0.40   9.7    SO   27.4   29.2   29.2  1015.8   0.00    0.0    0.000   0.095   29.0    60   20.4   31.1   10.75   1.1441     351     1    100.0   15 
 8/09/26   9:30   27.8   28.1   27.7    60   19.4    3.2    OSO   0.80   9.7   SSO   27.8   29.1   29.1  1015.5   0.00    0.0    0.000   0.099   29.1    59   20.3   31.2   10.55   1.1437     351     1    100.0   15 
 8/09/26   9:45   28.4   28.8   28.1    60   19.9    3.2     SO   0.80   9.7   OSO   28.4   30.1   30.1  1015.5   0.00    0.0    0.000   0.105   29.2    57   19.8   31.1   10.24   1.1439     350     1    100.0   15 
 8/09/26  10:00   29.2   29.4   28.8    60   20.6    3.2     SO   0.80  11.3     S   29.2   31.4   31.4  1015.3   0.00    0.0    0.000   0.113   29.4    57   20.0   31.3   10.25   1.1429     351     1    100.0   15 
 8/09/26  10:15   29.8   30.1   29.3    56   20.1    4.8    OSO   1.21  12.9   OSO   29.8   31.8   31.8  1015.0   0.00    0.0    0.000   0.119   29.6    57   20.1   31.6   10.24   1.1417     351     1    100.0   15 
 8/09/26  10:30   30.2   30.7   30.0    55   20.1    4.8      S   1.21  12.9     S   30.2   32.4   32.4  1014.9   0.00    0.0    0.000   0.123   29.8    56   20.1   31.8   10.04   1.1408     351     1    100.0   15 
 8/09/26  10:45   31.3   31.4   30.7    53   20.6    4.8      S   1.21  12.9    SE   31.3   33.9   33.9  1014.8   0.00    0.0    0.000   0.135   30.0    55   20.0   32.1    9.83   1.1400     351     1    100.0   15 
 8/09/26  11:00   31.3   31.4   31.2    54   20.9    1.6    SSO   0.40   8.0    SE   31.3   34.2   34.2  1014.5   0.00    0.0    0.000   0.135   30.2    55   20.2   32.5    9.82   1.1384     352     1    100.0   15 
 8/09/26  11:15   31.8   32.2   31.4    50   20.1    4.8      S   1.21  14.5   OSO   31.8   34.5   34.5  1014.2   0.00    0.0    0.000   0.141   30.3    54   20.0   32.6    9.72   1.1380     351     1    100.0   15 
 8/09/26  11:30   32.5   32.8   32.2    48   20.1    4.8    SSO   1.21  14.5   OSO   32.5   35.2   35.2  1013.9   0.00    0.0    0.000   0.148   30.2    52   19.3   32.0    9.35   1.1393     350     1    100.0   15 
 8/09/26  11:45   33.1   33.4   32.7    48   20.6    4.8    ENE   1.21  14.5     E   33.1   36.4   36.4  1013.7   0.00    0.0    0.000   0.154   29.8    49   17.9   30.8    8.85   1.1427     351     1    100.0   15 
 8/09/26  12:00   33.1   33.2   32.9    48   20.6    6.4      S   1.61  19.3   OSO   33.1   36.3   36.3  1013.3   0.00    0.0    0.000   0.153   29.6    47   17.1   30.3    8.55   1.1445     352     1    100.0   15 
 8/09/26  12:15   33.1   33.2   33.0    45   19.6    6.4      S   1.61  12.9     S   33.1   35.7   35.7  1013.1   0.00    0.0    0.000   0.154   29.4    47   16.9   30.1    8.55   1.1450     351     1    100.0   15 
 8/09/26  12:30   33.3   33.6   33.1    43   19.0    6.4    SSO   1.61  16.1   SSE   33.3   35.4   35.4  1012.9   0.00    0.0    0.000   0.156   29.3    46   16.5   29.9    8.45   1.1458     351     1    100.0   15 
 8/09/26  12:45   33.7   33.8   33.6    44   19.8    8.0      S   2.01  19.3   SSE   33.7   36.5   36.5  1012.6   0.00    0.0    0.000   0.160   29.2    44   15.7   29.7    8.15   1.1467     351     1    100.0   15 
 8/09/26  13:00   33.9   34.1   33.7    43   19.6    6.4    SSO   1.61  17.7   OSO   33.9   36.6   36.6  1012.5   0.00    0.0    0.000   0.162   29.2    43   15.3   29.6    7.96   1.1474     351     1    100.0   15 
 8/09/26  13:15   34.2   34.2   34.1    41   19.0    8.0      S   2.01  17.7   OSO   34.2   36.5   36.5  1012.3   0.00    0.0    0.000   0.165   29.2    44   15.7   29.7    8.15   1.1467     352     1    100.0   15 
 8/09/26  13:30   34.2   34.5   34.2    34   16.1    6.4    SSO   1.61  22.5    SO   34.2   34.8   34.8  1012.0   0.00    0.0    0.000   0.166   29.2    45   16.1   29.8    8.26   1.1456     350     1    100.0   15 
 8/09/26  13:45   34.4   34.6   34.0    34   16.3    8.0     SO   2.01  20.9    SO   34.4   35.1   35.1  1012.0   0.00    0.0    0.000   0.168   29.2    44   15.7   29.7    8.15   1.1460     351     1    100.0   15 
 8/09/26  14:00   33.6   34.0   33.3    37   16.9    9.7     SO   2.41  25.7     S   33.6   34.5   34.5  1011.6   0.00    0.0    0.000   0.159   29.3    44   15.8   29.8    8.15   1.1453     351     1    100.0   15 
 8/09/26  14:15   33.7   33.9   33.3    41   18.6    8.0     SO   2.01  20.9   OSO   33.7   35.6   35.6  1011.3   0.00    0.0    0.000   0.160   29.3    44   15.8   29.8    8.15   1.1447     352     1    100.0   15 
 8/09/26  14:30   33.9   34.0   33.8    35   16.3    9.7     SO   2.41  22.5    SO   33.9   34.4   34.4  1011.4   0.00    0.0    0.000   0.162   29.4    43   15.5   29.8    7.95   1.1449     351     1    100.0   15 
 8/09/26  14:45   33.4   33.8   33.1    36   16.3   11.3    SSO   2.82  25.7   SSO   33.4   34.1   34.1  1010.9   0.00    0.0    0.000   0.157   29.4    43   15.5   29.8    7.95   1.1444     350     1    100.0   15 
 8/09/26  15:00   32.8   33.1   32.6    38   16.6   11.3    SSO   2.82  32.2    SO   32.8   33.4   33.4  1010.7   0.00    0.0    0.000   0.150   29.3    43   15.4   29.7    7.96   1.1447     351     1    100.0   15 
 8/09/26  15:15   32.9   33.2   32.7    37   16.3    9.7     SO   2.41  20.9   SSO   32.9   33.5   33.5  1010.5   0.00    0.0    0.000   0.152   29.2    43   15.3   29.6    7.96   1.1450     352     1    100.0   15 
 8/09/26  15:30   33.3   33.3   33.2    33   14.8   11.3    SSO   2.82  30.6   OSO   33.3   33.3   33.3  1010.4   0.00    0.0    0.000   0.156   29.1    42   14.8   29.4    7.85   1.1459     351     1    100.0   15 
 8/09/26  15:45   32.9   33.3   32.1    35   15.4   11.3    SSO   2.82  25.7    SO   32.9   33.1   33.1  1010.5   0.00    0.0    0.000   0.152   29.0    42   14.8   29.3    7.85   1.1463     351     1    100.0   15 
 8/09/26  16:00   31.8   32.1   31.6    35   14.4    9.7     SO   2.41  27.4     O   31.8   31.4   31.4  1010.5   0.00    0.0    0.000   0.140   28.9    42   14.7   29.2    7.85   1.1468     351     1    100.0   15 
 8/09/26  16:15   31.3   31.7   30.7    40   16.1    9.7     SO   2.41  24.1   SSO   31.3   31.6   31.6  1010.6   0.00    0.0    0.000   0.135   28.8    43   15.0   29.2    7.97   1.1467     351     1    100.0   15 
 8/09/26  16:30   30.3   30.7   29.9    43   16.3    9.7     SO   2.41  22.5   SSO   30.3   30.8   30.8  1010.9   0.00    0.0    0.000   0.124   28.8    42   14.6   29.1    7.85   1.1479     350     1    100.0   15 
 8/09/26  16:45   29.7   29.9   29.6    47   17.2    6.4     SO   1.61  19.3    SO   29.7   30.5   30.5  1010.6   0.00    0.0    0.000   0.119   28.7    42   14.5   28.9    7.85   1.1480     351     1    100.0   15 
 8/09/26  17:00   29.4   29.6   29.4    47   17.0    4.8    SSO   1.21  11.3   OSO   29.4   30.2   30.2  1010.5   0.00    0.0    0.000   0.116   28.5    41   14.0   28.5    7.68   1.1492     351     1    100.0   15 
 8/09/26  17:15   29.4   29.5   29.3    48   17.3    6.4    SSO   1.61  19.3    SO   29.4   30.3   30.3  1010.5   0.00    0.0    0.000   0.116   28.4    41   13.9   28.3    7.69   1.1498     350     1    100.0   15 
 8/09/26  17:30   29.1   29.3   28.8    49   17.3    6.4     SO   1.61  20.9   SSO   29.1   30.0   30.0  1010.6   0.00    0.0    0.000   0.112   28.3    41   13.8   28.3    7.69   1.1501     352     1    100.0   15 
 8/09/26  17:45   28.6   28.8   28.4    52   17.8    4.8     SO   1.21  11.3     S   28.6   29.6   29.6  1010.6   0.00    0.0    0.000   0.107   28.3    40   13.4   28.1    7.55   1.1508     350     1    100.0   15 
 8/09/26  18:00   28.3   28.4   28.2    51   17.2    3.2    OSO   0.80   8.0     O   28.3   29.0   29.0  1010.3   0.00    0.0    0.000   0.104   28.2    40   13.3   27.9    7.55   1.1510     351     1    100.0   15 
 8/09/26  18:15   28.0   28.2   27.8    53   17.5    4.8     SO   1.21  11.3   SSO   28.0   28.7   28.7  1010.0   0.00    0.0    0.000   0.101   28.1    40   13.2   27.8    7.55   1.1513     351     1    100.0   15 
 8/09/26  18:30   27.6   27.8   27.5    53   17.2    4.8    OSO   1.21  14.5    SO   27.6   28.1   28.1  1010.3   0.00    0.0    0.000   0.097   27.9    40   13.1   27.6    7.55   1.1521     351     1    100.0   15 
 8/09/26  18:45   27.4   27.5   27.2    54   17.3    4.8    OSO   1.21  11.3    SO   27.4   27.9   27.9  1010.4   0.00    0.0    0.000   0.094   27.9    42   13.8   27.7    7.85   1.1516     352     1    100.0   15 
 8/09/26  19:00   27.1   27.2   27.1    55   17.3    1.6    OSO   0.40   8.0   OSO   27.1   27.6   27.6  1010.7   0.00    0.0    0.000   0.091   27.9    43   14.2   27.8    8.00   1.1513     351     1    100.0   15 
 8/09/26  19:15   27.0   27.1   26.9    55   17.2    1.6    OSO   0.40   4.8   OSO   27.0   27.4   27.4  1010.9   0.00    0.0    0.000   0.090   27.9    44   14.6   27.9    8.15   1.1510     351     1    100.0   15 
 8/09/26  19:30   26.8   26.9   26.8    57   17.6    1.6    OSO   0.40   4.8   OSO   26.8   27.4   27.4  1010.8   0.00    0.0    0.000   0.089   27.9    44   14.6   27.9    8.15   1.1510     350     1    100.0   15 
 8/09/26  19:45   26.8   26.8   26.7    57   17.5    1.6    SSO   0.40   3.2   OSO   26.8   27.3   27.3  1011.1   0.00    0.0    0.000   0.088   27.9    44   14.6   27.9    8.15   1.1513     352     1    100.0   15 
 8/09/26  20:00   26.8   26.8   26.8    58   17.8    1.6      E   0.40   3.2   SSO   26.8   27.4   27.4  1011.0   0.00    0.0    0.000   0.088   27.9    45   14.9   27.9    8.31   1.1511     351     1    100.0   15 
 8/09/26  20:15   26.8   26.8   26.8    57   17.5    0.0      E   0.00   3.2     E   26.8   27.3   27.3  1011.2   0.00    0.0    0.000   0.088   27.9    46   15.2   28.0    8.45   1.1508     351     1    100.0   15 
 8/09/26  20:30   26.8   26.8   26.6    57   17.5    1.6      E   0.40   3.2     E   26.8   27.3   27.3  1011.2   0.00    0.0    0.000   0.088   27.9    46   15.2   28.1    8.45   1.1505     351     1    100.0   15 
 8/09/26  20:45   26.6   26.7   26.6    55   16.8    1.6      E   0.40   3.2     E   26.6   27.0   27.0  1011.1   0.00    0.0    0.000   0.086   27.9    46   15.2   28.1    8.45   1.1504     352     1    100.0   15 
 8/09/26  21:00   26.6   26.7   26.6    55   16.8    1.6      E   0.40   3.2     E   26.6   27.0   27.0  1011.3   0.00    0.0    0.000   0.086   27.9    46   15.2   28.1    8.45   1.1507     351     1    100.0   15 
 8/09/26  21:15   26.6   26.7   26.6    54   16.5    1.6      E   0.40   4.8     E   26.6   26.9   26.9  1011.5   0.00    0.0    0.000   0.086   27.9    47   15.6   28.2    8.60   1.1505     351     1    100.0   15 
 8/09/26  21:30   26.7   26.7   26.7    54   16.6    1.6     SE   0.40   8.0     E   26.7   27.0   27.0  1011.5   0.00    0.0    0.000   0.087   27.9    47   15.5   28.1    8.61   1.1507     351     1    100.0   15 
 8/09/26  21:45   26.6   26.7   26.6    53   16.2    3.2     SE   0.80   8.0     E   26.6   26.9   26.9  1011.6   0.00    0.0    0.000   0.086   27.8    47   15.5   27.9    8.61   1.1511     351     1    100.0   15 
 8/09/26  22:00   26.6   26.6   26.5    52   15.9    3.2    ENE   0.80   8.0     E   26.6   26.7   26.7  1011.5   0.00    0.0    0.000   0.086   27.8    46   15.1   27.9    8.45   1.1514     352     1    100.0   15 
 8/09/26  22:15   26.5   26.6   26.5    52   15.8    3.2      E   0.80   9.7     E   26.5   26.7   26.7  1011.4   0.00    0.0    0.000   0.085   27.8    46   15.1   27.8    8.45   1.1516     351     1    100.0   15 
 8/09/26  22:30   26.4   26.5   26.3    52   15.8    4.8    ENE   1.21  12.9     E   26.4   26.6   26.6  1011.2   0.00    0.0    0.000   0.084   27.8    47   15.4   27.9    8.61   1.1510     351     1    100.0   15 
 8/09/26  22:45   26.3   26.4   26.2    55   16.5    4.8      E   1.21  12.9   ENE   26.3   26.6   26.6  1011.2   0.00    0.0    0.000   0.083   27.9    49   16.2   28.3    8.90   1.1493     351     1    100.0   15 
 8/09/26  23:00   26.1   26.2   25.9    64   18.7    6.4    ENE   1.61  14.5     E   26.1   26.9   26.9  1011.2   0.00    0.0    0.000   0.080   28.1    50   16.7   28.7    9.10   1.1480     350     1    100.0   15 
 8/09/26  23:15   25.6   25.9   25.4    73   20.4    8.0      E   2.01  19.3   ENE   25.6   26.9   26.9  1011.4   0.00    0.0    0.000   0.076   28.2    54   18.0   29.2    9.75   1.1459     351     1    100.0   15 
 8/09/26  23:30   25.2   25.4   24.9    76   20.6    6.4      E   1.61  19.3   ENE   25.2   26.6   26.6  1011.3   0.00    0.0    0.000   0.071   28.3    58   19.3   29.7   10.35   1.1434     351     1    100.0   15 
 8/09/26  23:45   24.8   24.9   24.8    78   20.7    6.4      E   1.61  19.3   ENE   24.8   26.4   26.4  1011.1   0.00    0.0    0.000   0.068   28.3    59   19.6   29.7   10.55   1.1427     351     1    100.0   15 
 9/09/26  00:00   24.7   24.8   24.7    78   20.6    8.0    ENE   2.01  16.1   ENE   24.7   26.3   26.3  1010.9   0.00    0.0    0.000   0.067   28.3    60   19.8   29.8   10.75   1.1420     352     1    100.0   15 
 9/09/26   0:15   24.7   24.7   24.7    78   20.6    6.4    ENE   1.61  19.3   ENE   24.7   26.3   26.3  1010.8   0.00    0.0    0.000   0.067   28.3    60   19.8   29.8   10.75   1.1419     348     1    100.0   15 
 9/09/26   0:30   24.7   24.7   24.6    79   20.8    4.8    ENE   1.21  12.9    NE   24.7   26.2   26.2  1010.7   0.00    0.0    0.000   0.066   28.3    61   20.0   29.9   10.95   1.1417     352     1    100.0   15 
 9/09/26   0:45   24.5   24.6   24.4    81   21.0    4.8    ENE   1.21  16.1   ENE   24.5   26.2   26.2  1010.5   0.00    0.0    0.000   0.064   28.3    62   20.3   30.0   11.09   1.1410     350     1    100.0   15 
 9/09/26   1:00   24.3   24.4   24.2    82   21.1    6.4    ENE   1.61  17.7     E   24.3   26.0   26.0  1010.4   0.00    0.0    0.000   0.063   28.3    63   20.6   30.2   11.29   1.1404     349     1    100.0   15 
 9/09/26   1:15   24.2   24.3   24.1    82   20.9    8.0    ENE   2.01  24.1     E   24.2   25.8   25.8  1010.2   0.00    0.0    0.000   0.061   28.2    63   20.5   30.1   11.29   1.1405     350     1    100.0   15 
 9/09/26   1:30   24.1   24.1   24.1    82   20.8    6.4      E   1.61  16.1   ESE   24.1   25.7   25.7  1010.1   0.00    0.0    0.000   0.060   28.2    63   20.5   30.1   11.29   1.1404     351     1    100.0   15 
 9/09/26   1:45   24.0   24.1   23.9    82   20.7    6.4    ENE   1.61  17.7   ESE   24.0   25.6   25.6  1010.0   0.00    0.0    0.000   0.059   28.2    63   20.5   29.9   11.30   1.1406     350     1    100.0   15 
 9/09/26   2:00   23.9   23.9   23.8    82   20.6    6.4      E   1.61  17.7   ENE   23.9   25.4   25.4  1009.9   0.00    0.0    0.000   0.058   28.1    63   20.4   29.9   11.30   1.1407     351     1    100.0   15 
 9/09/26   2:15   23.8   23.8   23.8    83   20.8    3.2    ESE   0.80  11.3   ENE   23.8   25.3   25.3  1010.1   0.00    0.0    0.000   0.057   28.1    63   20.4   29.8   11.30   1.1413     351     1    100.0   15 
 9/09/26   2:30   23.8   23.8   23.8    83   20.7    0.0     NE   0.00   8.0    SE   23.8   25.3   25.3  1010.4   0.00    0.0    0.000   0.057   28.0    64   20.6   29.8   11.50   1.1414     351     1    100.0   15 
 9/09/26   2:45   23.8   23.8   23.8    83   20.8    0.0     NE   0.00   3.2    NE   23.8   25.3   25.3  1010.2   0.00    0.0    0.000   0.057   28.0    64   20.6   29.8   11.50   1.1412     351     1    100.0   15 
 9/09/26   3:00   23.8   23.8   23.7    83   20.7    0.0      N   0.00   3.2     N   23.8   25.3   25.3  1010.2   0.00    0.0    0.000   0.057   27.9    64   20.5   29.7   11.50   1.1415     351     1    100.0   15 
 9/09/26   3:15   23.6   23.7   23.6    83   20.6    1.6     NO   0.40   9.7     E   23.6   25.0   25.0  1010.1   0.00    0.0    0.000   0.055   27.9    64   20.5   29.7   11.50   1.1414     351     1    100.0   15 
 9/09/26   3:30   23.6   23.6   23.6    83   20.5    4.8    ENE   1.21  11.3   ENE   23.6   24.9   24.9  1009.6   0.00    0.0    0.000   0.054   27.9    64   20.5   29.7   11.50   1.1408     351     1    100.0   15 
 9/09/26   3:45   23.6   23.6   23.5    84   20.7    3.2    ENE   0.80  12.9   ENE   23.6   24.9   24.9  1009.7   0.00    0.0    0.000   0.054   27.9    64   20.4   29.6   11.51   1.1412     352     1    100.0   15 
 9/09/26   4:00   23.5   23.5   23.4    85   20.8    3.2    ENE   0.80  11.3   ENE   23.5   24.8   24.8  1009.4   0.00    0.0    0.000   0.054   27.8    65   20.6   29.7   11.71   1.1408     351     1    100.0   15 
 9/09/26   4:15   23.5   23.5   23.4    85   20.8    1.6    ENE   0.40   8.0     E   23.5   24.8   24.8  1009.6   0.00    0.0    0.000   0.054   27.8    65   20.6   29.6   11.71   1.1414     350     1    100.0   15 
 9/09/26   4:30   23.4   23.5   23.4    86   21.0    0.0    ESE   0.00   4.8   ESE   23.4   24.8   24.8  1008.9   0.00    0.0    0.000   0.053   27.8    65   20.6   29.6   11.71   1.1406     350     1    100.0   15 
 9/09/26   4:45   23.3   23.4   23.3    86   20.9    1.6      E   0.40   9.7     E   23.3   24.6   24.6  1009.2   0.00    0.0    0.000   0.052   27.7    65   20.5   29.4   11.71   1.1411     351     1    100.0   15 
 9/09/26   5:00   23.2   23.3   23.1    87   20.9    1.6    ENE   0.40   8.0     E   23.2   24.5   24.5  1009.9   0.00    0.0    0.000   0.051   27.7    65   20.5   29.4   11.71   1.1420     351     1    100.0   15 
 9/09/26   5:15   22.8   23.1   22.6    89   20.9    3.2    ENE   0.80  12.9   ENE   22.8   24.2   24.2  1009.5   0.20    0.0    0.000   0.047   27.7    66   20.8   29.6   11.91   1.1411     349     1    100.0   15 
 9/09/26   5:30   21.9   22.6   21.4    88   19.9    4.8      E   1.21  17.7   ENE   21.9   23.1   23.1  1009.6   0.00    0.0    0.000   0.038   27.7    65   20.5   29.4   11.71   1.1417     351     1    100.0   15 
 9/09/26   5:45   21.2   21.4   21.1    90   19.5    3.2    ENE   0.80  16.1     E   21.2   22.3   22.3  1009.7   0.00    0.0    0.000   0.030   27.6    64   20.2   29.2   11.52   1.1428     351     1    100.0   15 
 9/09/26   6:00   21.2   21.2   21.1    90   19.5    1.6    ENE   0.40   6.4   ENE   21.2   22.3   22.3  1009.9   0.00    0.0    0.000   0.030   27.5    64   20.1   29.0   11.52   1.1436     350     1    100.0   15 
 9/09/26   6:15   21.2   21.2   21.1    91   19.6    1.6     NO   0.40   6.4    NO   21.2   22.3   22.3  1010.0   0.00    0.0    0.000   0.030   27.4    63   19.8   28.8   11.32   1.1445     351     1    100.0   15 
 9/09/26   6:30   21.1   21.2   20.9    89   19.2    1.6     NO   0.40   6.4    NO   21.1   22.2   22.2  1010.1   0.00    0.0    0.000   0.029   27.4    63   19.8   28.8   11.32   1.1446     351     1    100.0   15 
 9/09/26   6:45   20.9   21.0   20.8    86   18.5    1.6      O   0.40   4.8   OSO   20.9   21.8   21.8  1010.2   0.60   16.0    0.000   0.027   27.4    62   19.5   28.7   11.12   1.1451     351     1    100.0   15 
 9/09/26   7:00   20.4   20.9   20.0    84   17.6    3.2     NO   0.80   6.4   OSO   20.4   21.4   21.4  1010.1   0.20   13.0    0.000   0.022   27.5    60   19.0   28.6   10.75   1.1455     352     1    100.0   15 
 9/09/26   7:15   19.9   20.1   19.8    84   17.1    1.6    ONO   0.40   6.4   ONO   19.9   20.7   20.7  1010.1   0.00    0.0    0.000   0.016   27.5    59   18.8   28.5   10.55   1.1460     351     1    100.0   15 
 9/09/26   7:30   19.9   20.1   19.8    84   17.2    3.2     NO   0.80   8.0   NNO   19.9   20.7   20.7  1010.4   0.00    0.0    0.000   0.017   27.4    59   18.7   28.4   10.55   1.1466     351     1    100.0   15 
 9/09/26   7:45   20.1   20.2   20.0    83   17.1    4.8     NO   1.21  12.9   NNO   20.1   20.9   20.9  1010.2   0.00    0.0    0.000   0.019   27.4    58   18.4   28.2   10.35   1.1471     350     1    100.0   15 
 9/09/26   8:00   20.4   20.5   20.2    81   17.0    3.2     NO   0.80  11.3     O   20.4   21.2   21.2  1010.3   0.00    0.0    0.000   0.021   27.3    58   18.3   28.2   10.35   1.1475     352     1    100.0   15 
