                 Temp.  Temp.  Temp.  Hum.   Punt   Vel.   Dir.   Rec.  Vel.  Dir.  Sens.   Índ.   Índ.                  Int. Graus D.Graus D.  Temp.  Hum. Rosada  In.Cal.  EMC     Dens.    Mostr   Tx   Recep.  Int.
  Data    Hora    Ext.   Màx.   Mín.  Ext. Rosada   Vent   Vent   Vent  Màx.  Màx.  Tèrm.  Calor   THW    Bar    Pluja   Pluja  Calor    Fred    Int.  Int.   Int.   Int.    Int.  Int.Aire    Vent   Vent   ISS   Arc.
-------------------------------------------------------------------------------------------------------------------------------------------------------------------------------------------------------------------------
 7/09/26   0:15   25.3   25.3   25.3    62   17.5    1.6    ONO   0.40   4.8   ONO   25.3   25.9   25.9  1019.5   0.00    0.0    0.000   0.072   28.1    49   16.3   28.5    8.90   1.1583     348     1    100.0   15 
 7/09/26   0:30   25.2   25.3   25.1    50   14.0    3.2    ONO   0.80   6.4   ONO   25.2   25.1   25.1  1019.4   0.00    0.0    0.000   0.071   28.1    47   15.7   28.4    8.60   1.1587     351     1    100.0   15 
 7/09/26   0:45   25.3   25.5   25.2    49   13.8    3.2     NO   0.80   4.8    NO   25.3   25.2   25.2  1019.5   0.00    0.0    0.000   0.073   28.1    45   15.1   28.3    8.30   1.1598     350     1    100.0   15 
 7/09/26   1:00   25.5   25.6   25.5    54   15.5    0.0     NO   0.00   3.2    NO   25.5   25.7   25.7  1019.4   0.00    0.0    0.000   0.075   28.1    45   15.1   28.3    8.30   1.1597     351     1    100.0   15 
 7/09/26   1:15   25.3   25.5   25.2    59   16.7    3.2      E   0.80   8.0     E   25.3   25.8   25.8  1019.4   0.00    0.0    0.000   0.073   28.2    46   15.5   28.4    8.45   1.1589     351     1    100.0   15 
 7/09/26   1:30   24.8   25.2   24.5    62   17.1    3.2      E   0.80   8.0     E   24.8   25.4   25.4  1019.3   0.00    0.0    0.000   0.068   28.2    48   16.1   28.6    8.80   1.1580     351     1    100.0   15 
 7/09/26   1:45   24.1   24.5   23.8    65   17.1    3.2    ENE   0.80   8.0     E   24.1   24.8   24.8  1019.5   0.00    0.0    0.000   0.060   28.2    49   16.4   28.7    8.90   1.1577     351     2    100.0   15 
 7/09/26   2:00   23.6   23.8   23.4    66   16.9    1.6    ENE   0.40   4.8   ENE   23.6   24.3   24.3  1019.5   0.00    0.0    0.000   0.055   28.2    50   16.8   28.7    9.10   1.1572     352     1    100.0   15 
 7/09/26   2:15   23.2   23.4   23.1    62   15.5    3.2    ENE   0.80   6.4   ENE   23.2   23.7   23.7  1019.6   0.00    0.0    0.000   0.051   28.1    49   16.4   28.6    8.90   1.1581     351     1    100.0   15 
 7/09/26   2:30   23.0   23.1   22.9    60   14.8    3.2    ENE   0.80   9.7     E   23.0   23.3   23.3  1019.7   0.00    0.0    0.000   0.049   28.0    47   15.6   28.2    8.60   1.1597     351     1    100.0   15 
 7/09/26   2:45   23.1   23.2   23.0    55   13.6    3.2      E   0.80   9.7     E   23.1   23.2   23.2  1019.7   0.00    0.0    0.000   0.050   27.9    46   15.2   28.0    8.45   1.1607     349     1    100.0   15 
 7/09/26   3:00   23.4   23.6   23.2    53   13.3    6.4    ENE   1.61  12.9   ENE   23.4   23.4   23.4  1019.8   0.00    0.0    0.000   0.053   27.8    44   14.5   27.7    8.15   1.1619     351     1    100.0   15 
 7/09/26   3:15   23.6   23.6   23.5    52   13.1    4.8    ENE   1.21  12.9   ENE   23.6   23.6   23.6  1019.8   0.00    0.0    0.000   0.054   27.7    43   14.0   27.5    8.01   1.1629     351     1    100.0   15 
 7/09/26   3:30   23.3   23.5   23.2    53   13.2    3.2      E   0.80  11.3     E   23.3   23.3   23.3  1019.8   0.00    0.0    0.000   0.052   27.7    43   14.0   27.4    8.01   1.1632     350     1    100.0   15 
 7/09/26   3:45   23.3   23.3   23.2    53   13.2    4.8    ENE   1.21  11.3   ENE   23.3   23.3   23.3  1019.9   0.00    0.0    0.000   0.052   27.6    43   13.9   27.4    8.02   1.1635     351     1    100.0   15 
 7/09/26   4:00   23.0   23.2   22.8    54   13.2    3.2    ENE   0.80  11.3   ENE   23.0   23.0   23.0  1019.8   0.00    0.0    0.000   0.049   27.6    43   13.9   27.3    8.02   1.1638     350     1    100.0   15 
 7/09/26   4:15   22.6   22.8   22.4    55   13.1    1.6     NO   0.40   6.4    NO   22.6   22.5   22.5  1019.8   0.00    0.0    0.000   0.045   27.5    43   13.8   27.2    8.02   1.1640     352     1    100.0   15 
 7/09/26   4:30   22.3   22.4   22.3    61   14.4    3.2     NO   0.80  11.3   ENE   22.3   22.4   22.4  1019.8   0.00    0.0    0.000   0.042   27.5    43   13.8   27.2    8.02   1.1640     351     1    100.0   15 
 7/09/26   4:45   22.9   23.2   22.4    62   15.2    6.4    ENE   1.61  12.9   ENE   22.9   23.2   23.2  1019.8   0.00    0.0    0.000   0.047   27.4    46   14.8   27.3    8.45   1.1630     351     1    100.0   15 
 7/09/26   5:00   23.2   23.2   23.1    64   16.0    6.4    ENE   1.61  12.9   ENE   23.2   23.7   23.7  1019.9   0.00    0.0    0.000   0.050   27.4    48   15.5   27.5    8.82   1.1623     351     1    100.0   15 
 7/09/26   5:15   23.0   23.1   22.9    66   16.3    4.8    ENE   1.21   9.7     E   23.0   23.6   23.6  1020.1   0.00    0.0    0.000   0.049   27.4    49   15.7   27.5    8.92   1.1624     351     1    100.0   15 
 7/09/26   5:30   22.8   22.9   22.8    63   15.4    4.8    ENE   1.21  11.3   ENE   22.8   23.2   23.2  1020.3   0.00    0.0    0.000   0.047   27.3    49   15.7   27.4    8.93   1.1629     351     1    100.0   15 
 7/09/26   5:45   22.8   22.9   22.7    59   14.3    1.6    ENE   0.40   8.0   ENE   22.8   22.9   22.9  1020.4   0.00    0.0    0.000   0.046   27.2    48   15.3   27.2    8.83   1.1640     350     1    100.0   15 
 7/09/26   6:00   22.8   22.8   22.7    56   13.5    3.2      E   0.80   8.0     E   22.8   22.8   22.8  1020.7   0.00    0.0    0.000   0.046   27.2    47   14.9   27.1    8.63   1.1647     351     1    100.0   15 
 7/09/26   6:15   22.5   22.7   22.4    57   13.6    1.6     NO   0.40   6.4    NO   22.5   22.4   22.4  1020.8   0.00    0.0    0.000   0.043   27.2    45   14.3   27.0    8.33   1.1657     350     1    100.0   15 
 7/09/26   6:30   22.5   22.6   22.3    57   13.6    3.2     NO   0.80   6.4    NO   22.5   22.4   22.4  1021.0   0.00    0.0    0.000   0.043   27.3    45   14.3   27.1    8.33   1.1656     350     1    100.0   15 
 7/09/26   6:45   22.7   23.1   22.4    55   13.2    1.6     NO   0.40   4.8   ONO   22.7   22.7   22.7  1020.9   0.00    0.0    0.000   0.046   27.4    45   14.5   27.3    8.32   1.1647     350     1    100.0   15 
 7/09/26   7:00   23.2   23.4   23.2    54   13.4    1.6     NO   0.40   6.4    NO   23.2   23.3   23.3  1021.1   0.00    0.0    0.000   0.051   27.7    44   14.3   27.5    8.15   1.1643     350     1    100.0   15 
 7/09/26   7:15   23.6   23.7   23.4    53   13.4    3.2     NO   0.80   4.8    NO   23.6   23.6   23.6  1021.2   0.00    0.0    0.000   0.054   27.9    44   14.5   27.8    8.15   1.1632     351     1    100.0   15 
 7/09/26   7:30   23.9   24.2   23.7    52   13.5    3.2    NNO   0.80   6.4   NNO   23.9   24.1   24.1  1021.1   0.00    0.0    0.000   0.058   28.1    43   14.3   28.0    8.00   1.1628     352     1    100.0   15 
 7/09/26   7:45   24.3   24.6   24.2    52   13.8    3.2     NO   0.80   4.8   NNO   24.3   24.4   24.4  1021.2   0.00    0.0    0.000   0.063   28.2    43   14.4   28.2    8.00   1.1623     351     1    100.0   15 
 7/09/26   8:00   25.1   25.6   24.6    50   14.0    1.6    NNO   0.40   4.8   NNO   25.1   25.0   25.0  1021.1   0.00    0.0    0.000   0.071   28.3    44   14.9   28.5    8.15   1.1610     351     1    100.0   15 
 7/09/26   8:15   25.9   26.6   25.6    50   14.7    3.2     NO   0.80   6.4    NO   25.9   25.9   25.9  1021.2   0.00    0.0    0.000   0.079   28.5    44   15.1   28.8    8.15   1.1602     351     1    100.0   15 
 7/09/26   8:30   27.4   28.1   26.6    48   15.5    1.6    ENE   0.40   8.0     E   27.4   27.5   27.5  1021.2   0.00    0.0    0.000   0.095   28.7    44   15.2   29.1    8.15   1.1594     352     1    100.0   15 
 7/09/26   8:45   28.4   28.7   28.1    48   16.4    3.2      E   0.80   8.0     E   28.4   29.0   29.0  1021.2   0.00    0.0    0.000   0.105   28.9    45   15.8   29.5    8.27   1.1579     351     1    100.0   15 
 7/09/26   9:00   29.1   29.5   28.7    46   16.3    3.2      E   0.80   9.7     E   29.1   29.8   29.8  1021.3   0.00    0.0    0.000   0.112   29.1    45   16.0   29.7    8.26   1.1568     350     1    100.0   15 
 7/09/26   9:15   29.8   30.3   29.5    44   16.3    1.6     NO   0.40   9.7     E   29.8   30.3   30.3  1021.3   0.00    0.0    0.000   0.120   29.3    45   16.1   29.8    8.26   1.1560     351     1    100.0   15 
 7/09/26   9:30   30.4   30.4   30.3    43   16.4    3.2    ENE   0.80   9.7     E   30.4   30.9   30.9  1021.3   0.00    0.0    0.000   0.126   29.4    45   16.3   30.0    8.25   1.1552     352     1    100.0   15 
 7/09/26   9:45   30.7   31.2   30.3    42   16.3    3.2    ENE   0.80   9.7     E   30.7   31.2   31.2  1021.3   0.00    0.0    0.000   0.129   29.6    45   16.4   30.2    8.24   1.1543     351     1    100.0   15 
 7/09/26  10:00   31.4   31.5   31.2    41   16.6    3.2      E   0.80  11.3   ESE   31.4   31.9   31.9  1021.3   0.00    0.0    0.000   0.136   29.8    44   16.3   30.3    8.14   1.1537     351     1    100.0   15 
 7/09/26  10:15   31.8   31.9   31.4    40   16.5    3.2    ENE   0.80   8.0     E   31.8   32.3   32.3  1021.2   0.00    0.0    0.000   0.140   30.0    44   16.4   30.5    8.13   1.1527     350     1    100.0   15 
 7/09/26  10:30   32.0   32.2   31.9    39   16.3    3.2     SO   0.80  14.5     E   32.0   32.4   32.4  1021.2   0.00    0.0    0.000   0.142   30.1    44   16.5   30.7    8.13   1.1521     351     1    100.0   15 
 7/09/26  10:45   32.4   32.9   31.9    37   15.9    3.2     NE   0.80  14.5     E   32.4   32.8   32.8  1021.1   0.00    0.0    0.000   0.147   30.3    44   16.7   30.9    8.12   1.1511     352     1    100.0   15 
 7/09/26  11:00   32.8   32.9   32.7    38   16.6    3.2     SO   0.80   9.7     E   32.8   33.4   33.4  1020.9   0.00    0.0    0.000   0.150   30.5    44   16.9   31.2    8.11   1.1498     351     1    100.0   15 
 7/09/26  11:15   33.0   33.4   32.8    37   16.4    3.2    SSO   0.80   9.7   SSO   33.0   33.6   33.6  1020.6   0.00    0.0    0.000   0.153   30.7    42   16.3   31.2    7.81   1.1497     351     1    100.0   15 
 7/09/26  11:30   33.9   34.3   33.4    34   15.9    3.2      S   0.80   8.0   SSE   33.9   34.4   34.4  1020.5   0.00    0.0    0.000   0.163   30.3    40   15.2   30.4    7.52   1.1525     351     1    100.0   15 
 7/09/26  11:45   34.3   34.4   34.3    35   16.7    4.8    ENE   1.21  14.5   ENE   34.3   35.1   35.1  1020.3   0.00    0.0    0.000   0.167   29.8    40   14.7   29.9    7.54   1.1547     352     1    100.0   15 
 7/09/26  12:00   34.5   34.7   34.4    36   17.3    4.8      E   1.21  19.3   ENE   34.5   35.6   35.6  1020.2   0.00    0.0    0.000   0.168   29.6    41   15.0   29.8    7.65   1.1549     351     1    100.0   15 
 7/09/26  12:15   34.7   34.8   34.6    36   17.4    4.8    ENE   1.21  16.1     E   34.7   35.9   35.9  1020.1   0.00    0.0    0.000   0.170   29.7    41   15.0   29.8    7.65   1.1545     350     1    100.0   15 
 7/09/26  12:30   34.7   34.8   34.6    37   17.9    6.4    ENE   1.61  17.7   ENE   34.7   36.3   36.3  1019.9   0.00    0.0    0.000   0.171   29.7    42   15.4   30.0    7.84   1.1535     349     1    100.0   15 
 7/09/26  12:45   34.9   35.3   34.6    33   16.3    4.8      S   1.21  12.9    SO   34.9   35.7   35.7  1019.8   0.00    0.0    0.000   0.173   29.7    42   15.4   29.9    7.84   1.1538     352     1    100.0   15 
 7/09/26  13:00   35.6   35.9   35.1    32   16.3    4.8     SO   1.21  14.5   OSO   35.6   36.3   36.3  1019.7   0.00    0.0    0.000   0.179   29.6    41   14.9   29.7    7.65   1.1546     350     1    100.0   15 
 7/09/26  13:15   35.5   35.7   35.3    31   15.8    6.4    SSE   1.61  14.5     S   35.5   36.1   36.1  1019.6   0.00    0.0    0.000   0.179   29.4    40   14.4   29.4    7.55   1.1558     351     1    100.0   15 
 7/09/26  13:30   35.5   35.7   35.3    30   15.3    4.8    SSO   1.21  16.1    SO   35.5   35.8   35.8  1019.5   0.00    0.0    0.000   0.179   29.2    39   13.8   29.2    7.36   1.1570     351     1    100.0   15 
 7/09/26  13:45   35.6   35.7   35.4    29   14.8    4.8    SSO   1.21  16.1    SE   35.6   35.8   35.8  1019.4   0.00    0.0    0.000   0.180   29.1    39   13.7   29.1    7.36   1.1574     351     1    100.0   15 
 7/09/26  14:00   35.6   35.7   35.4    27   13.7    4.8    SSO   1.21  14.5   OSO   35.6   35.3   35.3  1019.2   0.00    0.0    0.000   0.179   29.1    39   13.7   29.1    7.36   1.1572     352     1    100.0   15 
 7/09/26  14:15   35.3   35.6   35.2    29   14.6    4.8    OSO   1.21  14.5   OSO   35.3   35.4   35.4  1019.1   0.00    0.0    0.000   0.177   29.2    38   13.4   29.1    7.25   1.1570     351     1    100.0   15 
 7/09/26  14:30   35.0   35.3   34.8    30   14.8    6.4     SO   1.61  16.1   OSO   35.0   35.2   35.2  1018.9   0.00    0.0    0.000   0.174   29.2    38   13.4   29.1    7.25   1.1568     351     1    100.0   15 
 7/09/26  14:45   34.7   34.9   34.6    31   15.1    6.4     SO   1.61  14.5     O   34.7   35.0   35.0  1018.9   0.00    0.0    0.000   0.171   29.2    37   13.0   29.0    7.06   1.1572     351     1    100.0   15 
 7/09/26  15:00   34.8   34.9   34.6    30   14.6    4.8     SO   1.21  14.5   OSO   34.8   34.9   34.9  1018.9   0.00    0.0    0.000   0.171   29.1    37   12.9   28.9    7.06   1.1580     352     1    100.0   15 
 7/09/26  15:15   34.5   34.7   34.3    30   14.4    4.8    OSO   1.21  11.3   OSO   34.5   34.5   34.5  1018.7   0.00    0.0    0.000   0.168   28.9    37   12.8   28.8    7.07   1.1584     351     1    100.0   15 
 7/09/26  15:30   34.3   34.5   34.3    30   14.3    4.8    SSO   1.21  14.5     S   34.3   34.3   34.3  1018.6   0.00    0.0    0.000   0.167   28.9    37   12.8   28.8    7.07   1.1582     351     1    100.0   15 
 7/09/26  15:45   33.8   34.3   33.4    30   13.8    6.4     SO   1.61  14.5    SO   33.8   33.6   33.6  1018.7   0.00    0.0    0.000   0.161   28.9    38   13.2   28.9    7.25   1.1578     351     1    100.0   15 
 7/09/26  16:00   33.5   33.7   33.4    33   15.0    4.8     SO   1.21  17.7    SO   33.5   33.6   33.6  1018.5   0.00    0.0    0.000   0.158   28.9    39   13.6   29.0    7.37   1.1572     351     1    100.0   15 
 7/09/26  16:15   33.6   33.8   33.3    31   14.1    4.8      S   1.21  12.9   ESE   33.6   33.5   33.5  1018.4   0.00    0.0    0.000   0.159   28.8    38   13.1   28.7    7.25   1.1581     352     1    100.0   15 
 7/09/26  16:30   33.1   33.3   32.8    34   15.1    4.8      S   1.21  14.5    SO   33.1   33.2   33.2  1018.2   0.00    0.0    0.000   0.153   28.7    38   12.9   28.5    7.25   1.1586     351     1    100.0   15 
 7/09/26  16:45   32.7   32.9   32.4    34   14.8    4.8    SSE   1.21  16.1   SSO   32.7   32.7   32.7  1018.2   0.00    0.0    0.000   0.150   28.7    38   13.0   28.6    7.25   1.1584     351     1    100.0   15 
 7/09/26  17:00   32.3   32.4   32.1    36   15.4    4.8      S   1.21  11.3     S   32.3   32.4   32.4  1018.2   0.00    0.0    0.000   0.146   28.7    38   12.9   28.5    7.25   1.1586     350     1    100.0   15 
 7/09/26  17:15   31.8   32.1   31.6    39   16.2    4.8     SO   1.21  11.3     S   31.8   32.2   32.2  1018.2   0.00    0.0    0.000   0.141   28.7    38   12.9   28.5    7.25   1.1587     352     1    100.0   15 
 7/09/26  17:30   31.3   31.6   30.9    43   17.2    4.8      S   1.21  12.9    SO   31.3   32.1   32.1  1018.2   0.00    0.0    0.000   0.135   28.6    38   12.9   28.4    7.25   1.1589     351     1    100.0   15 
 7/09/26  17:45   30.6   30.9   30.2    45   17.3    3.2      S   0.80   9.7   SSO   30.6   31.4   31.4  1018.2   0.00    0.0    0.000   0.127   28.6    38   12.8   28.3    7.25   1.1592     351     1    100.0   15 
 7/09/26  18:00   29.9   30.2   29.5    49   18.0    3.2    SSO   0.80   8.0   SSO   29.9   30.9   30.9  1018.2   0.00    0.0    0.000   0.120   28.4    38   12.8   28.2    7.25   1.1597     351     1    100.0   15 
 7/09/26  18:15   29.2   29.5   28.8    52   18.3    3.2    SSO   0.80   9.7   ONO   29.2   30.4   30.4  1018.2   0.00    0.0    0.000   0.113   28.3    38   12.7   27.9    7.25   1.1603     351     1    100.0   15 
 7/09/26  18:30   28.6   28.8   28.2    54   18.3    3.2     SO   0.80   8.0   SSO   28.6   29.7   29.7  1018.2   0.00    0.0    0.000   0.106   28.3    37   12.2   27.8    7.09   1.1610     351     1    100.0   15 
 7/09/26  18:45   27.9   28.2   27.7    58   18.9    3.2     SO   0.80   8.0     S   27.9   29.1   29.1  1018.3   0.00    0.0    0.000   0.100   28.2    37   12.1   27.7    7.10   1.1616     351     1    100.0   15 
 7/09/26  19:00   27.6   27.7   27.3    61   19.4    3.2      S   0.80   6.4    SE   27.6   28.8   28.8  1018.4   0.00    0.0    0.000   0.096   28.1    37   12.0   27.6    7.10   1.1620     351     1    100.0   15 
 7/09/26  19:15   27.2   27.3   26.9    63   19.5    1.6     SO   0.40   4.8     S   27.2   28.3   28.3  1018.4   0.00    0.0    0.000   0.092   28.0    37   12.0   27.4    7.10   1.1625     351     1    100.0   15 
 7/09/26  19:30   26.6   26.9   26.4    66   19.7    0.0     SO   0.00   3.2    SO   26.6   27.8   27.8  1018.5   0.00    0.0    0.000   0.086   27.9    38   12.3   27.4    7.25   1.1625     351     1    100.0   15 
 7/09/26  19:45   26.2   26.4   25.9    68   19.8    0.0     SO   0.00   3.2    SO   26.2   27.3   27.3  1018.7   0.00    0.0    0.000   0.082   27.8    38   12.2   27.3    7.25   1.1633     350     1    100.0   15 
 7/09/26  20:00   25.8   25.9   25.6    70   19.9    0.0     SO   0.00   3.2    SO   25.8   26.9   26.9  1018.8   0.00    0.0    0.000   0.078   27.8    38   12.2   27.3    7.25   1.1636     351     1    100.0   15 
 7/09/26  20:15   25.4   25.6   25.3    73   20.2    0.0    OSO   0.00   3.2   OSO   25.4   26.7   26.7  1018.9   0.00    0.0    0.000   0.074   27.7    38   12.1   27.1    7.25   1.1643     351     1    100.0   15 
 7/09/26  20:30   25.1   25.3   25.0    76   20.6    1.6    SSO   0.40   4.8   OSO   25.1   26.6   26.6  1019.0   0.00    0.0    0.000   0.071   27.6    38   12.0   27.1    7.25   1.1646     352     1    100.0   15 
 7/09/26  20:45   24.9   25.0   24.8    78   20.8    1.6    SSO   0.40   3.2   SSO   24.9   26.4   26.4  1018.9   0.00    0.0    0.000   0.068   27.5    38   11.9   26.9    7.25   1.1651     349     1    100.0   15 
 7/09/26  21:00   24.7   24.8   24.6    80   21.0    3.2    OSO   0.80   6.4   OSO   24.7   26.3   26.3  1018.8   0.00    0.0    0.000   0.067   27.4    38   11.9   26.8    7.25   1.1652     351     1    100.0   15 
 7/09/26  21:15   24.6   24.6   24.4    82   21.3    1.6    OSO   0.40   4.8   SSO   24.6   26.3   26.3  1018.9   0.00    0.0    0.000   0.065   27.4    41   13.0   27.0    7.72   1.1641     351     1    100.0   15 
 7/09/26  21:30   24.3   24.4   24.2    85   21.6    1.6    OSO   0.40   4.8   OSO   24.3   26.0   26.0  1018.7   0.00    0.0    0.000   0.062   27.5    42   13.4   27.2    7.85   1.1632     350     1    100.0   15 
 7/09/26  21:45   24.1   24.2   24.1    87   21.8    0.0    OSO   0.00   1.6   OSO   24.1   25.9   25.9  1018.7   0.00    0.0    0.000   0.060   27.7    43   14.0   27.4    8.01   1.1619     352     1    100.0   15 
 7/09/26  22:00   23.9   24.1   23.8    88   21.8    0.0    OSO   0.00   4.8   OSO   23.9   25.8   25.8  1018.6   0.00    0.0    0.000   0.058   27.8    43   14.1   27.6    8.01   1.1612     351     1    100.0   15 
 7/09/26  22:15   23.8   23.8   23.7    89   21.9    1.6    OSO   0.40   4.8   OSO   23.8   25.5   25.5  1018.5   0.00    0.0    0.000   0.057   27.8    44   14.5   27.7    8.15   1.1604     351     1    100.0   15 
 7/09/26  22:30   23.6   23.7   23.6    90   21.9    0.0     SO   0.00   1.6    SO   23.6   25.2   25.2  1018.5   0.00    0.0    0.000   0.055   27.9    45   14.9   28.0    8.30   1.1594     351     1    100.0   15 
 7/09/26  22:45   23.4   23.6   23.0    90   21.7    1.6     SO   0.40   3.2    SO   23.4   24.8   24.8  1018.4   0.00    0.0    0.000   0.053   27.9    49   16.2   28.3    8.90   1.1576     352     1    100.0   15 
 7/09/26  23:00   23.1   23.3   23.0    90   21.4    0.0    ONO   0.00   1.6   ONO   23.1   24.4   24.4  1018.5   0.00    0.0    0.000   0.050   28.1    53   17.6   28.9    9.60   1.1550     350     1    100.0   15 
 7/09/26  23:15   23.2   23.3   23.1    90   21.4    1.6    ONO   0.40   3.2   ONO   23.2   24.5   24.5  1018.3   0.00    0.0    0.000   0.050   28.2    59   19.4   29.6   10.55   1.1517     351     1    100.0   15 
 7/09/26  23:30   23.1   23.1   23.0    91   21.5    1.6    ONO   0.40   3.2   ONO   23.1   24.4   24.4  1018.2   0.00    0.0    0.000   0.049   28.2    61   20.0   29.8   10.95   1.1507     350     1    100.0   15 
 7/09/26  23:45   23.1   23.2   23.0    91   21.6    1.6    ONO   0.40   3.2   ONO   23.1   24.5   24.5  1018.1   0.00    0.0    0.000   0.050   28.2    62   20.2   29.9   11.09   1.1501     352     1    100.0   15 
 8/09/26  00:00   23.1   23.2   23.1    92   21.7    0.0    ONO   0.00   3.2   ONO   23.1   24.6   24.6  1017.9   0.00    0.0    0.000   0.050   28.2    63   20.5   30.1   11.29   1.1494     351     1    100.0   15 
 8/09/26   0:15   23.1   23.1   23.0    92   21.7    0.0    ONO   0.00   3.2   ONO   23.1   24.5   24.5  1017.9   0.00    0.0    0.000   0.049   28.2    63   20.5   30.1   11.29   1.1494     350     1    100.0   15 
 8/09/26   0:30   22.9   23.0   22.7    91   21.4    0.0    ONO   0.00   3.2   ONO   22.9   24.3   24.3  1017.7   0.00    0.0    0.000   0.048   28.2    63   20.5   30.1   11.29   1.1492     349     1    100.0   15 
 8/09/26   0:45   22.5   22.7   22.3    90   20.8    1.6    ONO   0.40   6.4    NO   22.5   23.8   23.8  1017.6   0.00    0.0    0.000   0.043   28.2    63   20.5   30.1   11.29   1.1491     351     1    100.0   15 
 8/09/26   1:00   22.7   22.8   22.6    89   20.8    1.6     NO   0.40   4.8    NO   22.7   24.0   24.0  1017.6   0.00    0.0    0.000   0.045   28.1    62   20.1   29.7   11.10   1.1501     351     1    100.0   15 
 8/09/26   1:15   22.3   22.7   22.1    83   19.2    0.0     NO   0.00   4.8    NO   22.3   23.2   23.2  1017.5   0.00    0.0    0.000   0.041   28.1    60   19.6   29.5   10.75   1.1508     351     1    100.0   15 
 8/09/26   1:30   22.3   22.6   22.1    85   19.7    0.0     NO   0.00   4.8    NO   22.3   23.4   23.4  1017.3   0.00    0.0    0.000   0.042   28.1    60   19.6   29.4   10.75   1.1510     350     1    100.0   15 
 8/09/26   1:45   22.5   22.6   22.5    85   19.9    0.0     NO   0.00   3.2    NO   22.5   23.6   23.6  1017.3   0.00    0.0    0.000   0.043   28.1    60   19.6   29.4   10.75   1.1509     351     1    100.0   15 
 8/09/26   2:00   22.4   22.5   22.3    85   19.8    0.0     NO   0.00   1.6    NO   22.4   23.5   23.5  1017.2   0.00    0.0    0.000   0.043   28.0    60   19.5   29.3   10.75   1.1511     351     1    100.0   15 
 8/09/26   2:15   22.3   22.4   22.2    86   19.8    0.0     NO   0.00   3.2    NO   22.3   23.3   23.3  1017.2   0.00    0.0    0.000   0.041   28.0    60   19.5   29.3   10.75   1.1511     351     1    100.0   15 
 8/09/26   2:30   22.1   22.2   21.9    86   19.7    1.6     NO   0.40   3.2    NO   22.1   23.2   23.2  1017.2   0.00    0.0    0.000   0.039   27.9    60   19.5   29.3   10.75   1.1514     350     1    100.0   15 
 8/09/26   2:45   21.8   21.9   21.7    84   19.0    1.6     NO   0.40   4.8    NO   21.8   22.7   22.7  1017.0   0.00    0.0    0.000   0.036   27.9    60   19.5   29.3   10.75   1.1512     351     1    100.0   15 
 8/09/26   3:00   21.7   21.7   21.6    84   18.8    0.0     NE   0.00   4.8    NE   21.7   22.6   22.6  1016.9   0.00    0.0    0.000   0.035   27.9    59   19.1   29.1   10.55   1.1518     351     1    100.0   15 
 8/09/26   3:15   21.6   21.7   21.6    86   19.2    0.0     NE   0.00   3.2    NE   21.6   22.7   22.7  1016.7   0.00    0.0    0.000   0.034   27.8    59   19.1   29.0   10.55   1.1518     351     1    100.0   15 
 8/09/26   3:30   21.6   21.7   21.4    86   19.1    0.0     NE   0.00   3.2    NE   21.6   22.6   22.6  1016.6   0.00    0.0    0.000   0.034   27.8    59   19.0   28.9   10.55   1.1521     350     1    100.0   15 
 8/09/26   3:45   21.4   21.4   21.3    86   18.9    0.0     NE   0.00   1.6    NE   21.4   22.3   22.3  1016.5   0.00    0.0    0.000   0.032   27.7    59   19.0   28.8   10.55   1.1522     351     1    100.0   15 
 8/09/26   4:00   21.3   21.3   21.3    87   19.0    0.0     NE   0.00   3.2    NE   21.3   22.3   22.3  1016.4   0.00    0.0    0.000   0.031   27.7    60   19.2   28.8   10.75   1.1520     351     1    100.0   15 
 8/09/26   4:15   21.4   21.5   21.3    89   19.6    0.0     NE   0.00   3.2    NE   21.4   22.6   22.6  1016.4   0.00    0.0    0.000   0.032   27.6    60   19.1   28.7   10.75   1.1522     351     1    100.0   15 
 8/09/26   4:30   21.3   21.5   21.2    89   19.4    0.0     NE   0.00   1.6    NE   21.3   22.4   22.4  1016.3   0.00    0.0    0.000   0.031   27.6    60   19.1   28.7   10.75   1.1524     350     1    100.0   15 
 8/09/26   4:45   21.1   21.2   20.9    90   19.4    0.0    ---   0.00   0.0   ---   21.1   22.2   22.2  1016.3   0.00    0.0    0.000   0.028   27.6    62   19.6   28.9   11.12   1.1516     351     1    100.0   15 
 8/09/26   5:00   20.9   20.9   20.8    90   19.2    0.0     NE   0.00   1.6    NE   20.9   22.0   22.0  1016.2   0.00    0.0    0.000   0.027   27.5    62   19.6   28.8   11.12   1.1518     351     1    100.0   15 
 8/09/26   5:15   20.6   20.8   20.3    89   18.7    1.6      N   0.40   4.8     N   20.6   21.7   21.7  1016.2   0.00    0.0    0.000   0.024   27.3    62   19.4   28.5   11.13   1.1527     351     1    100.0   15 
 8/09/26   5:30   20.3   20.3   20.2    90   18.6    0.0    ---   0.00   0.0   ---   20.3   21.3   21.3  1016.3   0.00    0.0    0.000   0.020   27.2    62   19.3   28.3   11.13   1.1537     351     1    100.0   15 
 8/09/26   5:45   20.4   20.4   20.3    91   18.9    0.0      N   0.00   1.6     N   20.4   21.5   21.5  1016.3   0.00    0.0    0.000   0.021   27.1    63   19.4   28.2   11.34   1.1539     350     1    100.0   15 
 8/09/26   6:00   20.4   20.5   20.4    91   18.9    0.0    NNO   0.00   3.2   NNO   20.4   21.6   21.6  1016.4   0.00    0.0    0.000   0.022   26.9    63   19.3   28.0   11.34   1.1545     350     1    100.0   15 
 8/09/26   6:15   20.6   20.7   20.5    92   19.3    0.0     NO   0.00   3.2   NNO   20.6   21.8   21.8  1016.4   0.00    0.0    0.000   0.024   26.9    63   19.2   27.9   11.34   1.1548     351     1    100.0   15 
 8/09/26   6:30   20.8   20.9   20.7    92   19.4    0.0    ONO   0.00   3.2   ONO   20.8   22.0   22.0  1016.5   0.00    0.0    0.000   0.025   26.9    64   19.6   28.1   11.54   1.1543     350     1    100.0   15 
 8/09/26   6:45   21.1   21.3   20.9    91   19.6    0.0    ONO   0.00   1.6   ONO   21.1   22.3   22.3  1016.5   0.00    0.0    0.000   0.029   27.1    63   19.5   28.3   11.33   1.1538     351     1    100.0   15 
 8/09/26   7:00   21.6   21.8   21.3    90   19.8    0.0    ONO   0.00   3.2   ONO   21.6   22.8   22.8  1016.5   0.00    0.0    0.000   0.034   27.4    63   19.7   28.7   11.32   1.1523     351     1    100.0   15 
 8/09/26   7:15   22.3   22.7   21.8    89   20.4    1.6    OSO   0.40   4.8   OSO   22.3   23.6   23.6  1016.4   0.00    0.0    0.000   0.042   27.7    63   20.0   29.2   11.31   1.1507     350     1    100.0   15 
 8/09/26   7:30   22.9   23.1   22.7    86   20.4    1.6    OSO   0.40   4.8   OSO   22.9   24.1   24.1  1016.3   0.00    0.0    0.000   0.047   27.9    62   19.9   29.4   11.11   1.1498     351     1    100.0   15 
 8/09/26   7:45   23.4   23.8   23.1    83   20.3    1.6      O   0.40   3.2   OSO   23.4   24.6   24.6  1016.2   0.00    0.0    0.000   0.053   28.1    62   20.1   29.7   11.10   1.1488     352     1    100.0   15 
 8/09/26   8:00   24.4   24.8   23.8    81   21.0    1.6    SSE   0.40   4.8   SSE   24.4   26.1   26.1  1016.1   0.00    0.0    0.000   0.064   28.2    62   20.2   29.9   11.09   1.1477     351     1    100.0   15 
