                 Temp.  Temp.  Temp.  Hum.   Punt   Vel.   Dir.   Rec.  Vel.  Dir.  Sens.   Índ.   Índ.                  Int. Graus D.Graus D.  Temp.  Hum. Rosada  In.Cal.  EMC     Dens.    Mostr   Tx   Recep.  Int.
  Data    Hora    Ext.   Màx.   Mín.  Ext. Rosada   Vent   Vent   Vent  Màx.  Màx.  Tèrm.  Calor   THW    Bar    Pluja   Pluja  Calor    Fred    Int.  Int.   Int.   Int.    Int.  Int.Aire    Vent   Vent   ISS   Arc.
-------------------------------------------------------------------------------------------------------------------------------------------------------------------------------------------------------------------------
14/09/26   0:15   20.4   20.4   20.3    85   17.8    1.6    NNO   0.40   4.8   NNO   20.4   21.3   21.3  1021.6   0.00    0.0    0.000   0.021   27.0    58   18.0   27.7   10.35   1.1624     350     1    100.0   15 
14/09/26   0:30   20.4   20.5   20.3    84   17.6    1.6    NNO   0.40   6.4   NNO   20.4   21.4   21.4  1021.6   0.00    0.0    0.000   0.022   27.0    58   18.0   27.7   10.35   1.1624     351     1    100.0   15 
14/09/26   0:45   20.5   20.6   20.5    83   17.5    1.6    NNO   0.40   6.4   OSO   20.5   21.4   21.4  1021.4   0.00    0.0    0.000   0.023   26.9    58   18.0   27.6   10.35   1.1625     351     1    100.0   15 
14/09/26   1:00   20.4   20.5   20.3    83   17.4    1.6    OSO   0.40   3.2   OSO   20.4   21.3   21.3  1021.3   0.00    0.0    0.000   0.021   26.9    58   18.0   27.6   10.35   1.1624     351     1    100.0   15 
14/09/26   1:15   20.2   20.3   20.0    83   17.2    3.2    ONO   0.80   4.8   ONO   20.2   21.1   21.1  1021.3   0.00    0.0    0.000   0.020   26.9    58   17.9   27.6   10.35   1.1626     351     1    100.0   15 
14/09/26   1:30   19.8   20.0   19.7    83   16.9    1.6    ONO   0.40   4.8   ONO   19.8   20.6   20.6  1021.2   0.00    0.0    0.000   0.016   26.8    58   17.9   27.5   10.35   1.1628     351     1    100.0   15 
14/09/26   1:45   19.7   19.7   19.6    83   16.8    1.6    ONO   0.40   4.8   ONO   19.7   20.4   20.4  1021.2   0.00    0.0    0.000   0.014   26.8    58   17.9   27.5   10.35   1.1628     352     1    100.0   15 
14/09/26   2:00   19.5   19.6   19.4    82   16.3    3.2     NO   0.80   6.4   ONO   19.5   20.2   20.2  1021.1   0.00    0.0    0.000   0.012   26.8    58   17.8   27.4   10.35   1.1630     350     1    100.0   15 
14/09/26   2:15   19.3   19.4   19.3    83   16.3    1.6     NO   0.40   4.8    NO   19.3   19.9   19.9  1021.1   0.00    0.0    0.000   0.010   26.7    57   17.5   27.3   10.15   1.1636     351     1    100.0   15 
14/09/26   2:30   19.3   19.4   19.3    83   16.4    1.6     NO   0.40   3.2    NO   19.3   20.0   20.0  1021.0   0.00    0.0    0.000   0.010   26.7    57   17.4   27.2   10.15   1.1638     351     1    100.0   15 
14/09/26   2:45   19.4   19.4   19.3    83   16.4    0.0     NO   0.00   3.2    NO   19.4   20.1   20.1  1021.1   0.00    0.0    0.000   0.011   26.6    57   17.4   27.1   10.15   1.1642     351     1    100.0   15 
14/09/26   3:00   19.2   19.3   19.1    84   16.4    0.0     NO   0.00   1.6    NO   19.2   19.8   19.8  1021.1   0.00    0.0    0.000   0.009   26.6    57   17.3   27.1   10.16   1.1645     352     1    100.0   15 
14/09/26   3:15   19.1   19.1   18.9    85   16.5    0.0     NO   0.00   3.2    NO   19.1   19.7   19.7  1021.0   0.00    0.0    0.000   0.008   26.5    57   17.3   27.0   10.16   1.1647     351     1    100.0   15 
14/09/26   3:30   18.8   18.9   18.6    86   16.4    0.0     NO   0.00   1.6    NO   18.8   19.3   19.3  1020.9   0.00    0.0    0.000   0.005   26.4    57   17.2   26.9   10.17   1.1649     351     1    100.0   15 
14/09/26   3:45   18.3   18.6   18.3    86   15.9    0.0     NO   0.00   1.6    NO   18.3   18.8   18.8  1020.9   0.00    0.0    0.000   0.000   26.4    57   17.2   26.9   10.17   1.1652     350     1    100.0   15 
14/09/26   4:00   18.3   18.3   18.3    86   15.9    0.0     NO   0.00   1.6    NO   18.3   18.7   18.7  1020.8   0.00    0.0    0.001   0.000   26.3    57   17.1   26.8   10.17   1.1653     352     1    100.0   15 
14/09/26   4:15   18.3   18.4   18.2    85   15.8    1.6     NO   0.40   3.2    NO   18.3   18.8   18.8  1020.9   0.00    0.0    0.000   0.000   26.3    57   17.1   26.7   10.18   1.1657     351     1    100.0   15 
14/09/26   4:30   18.3   18.3   18.2    86   15.9    1.6     NO   0.40   3.2    NO   18.3   18.7   18.7  1020.9   0.00    0.0    0.001   0.000   26.2    57   17.0   26.6   10.19   1.1663     351     1    100.0   15 
14/09/26   4:45   18.4   18.4   18.3    85   15.8    1.6     NO   0.40   3.2    NO   18.4   18.8   18.8  1020.8   0.00    0.0    0.000   0.001   26.1    57   16.9   26.6   10.19   1.1665     350     1    100.0   15 
14/09/26   5:00   18.1   18.3   18.1    85   15.5    0.0     NO   0.00   3.2    NO   18.1   18.5   18.5  1020.9   0.00    0.0    0.002   0.000   26.1    57   16.9   26.5   10.19   1.1669     351     1    100.0   15 
14/09/26   5:15   18.0   18.1   17.9    86   15.6    0.0     NO   0.00   4.8    NO   18.0   18.4   18.4  1020.9   0.00    0.0    0.003   0.000   26.0    57   16.8   26.4   10.20   1.1672     352     1    100.0   15 
14/09/26   5:30   17.9   18.0   17.8    87   15.7    1.6     NO   0.40   3.2    NO   17.9   18.3   18.3  1021.0   0.00    0.0    0.004   0.000   25.9    57   16.8   26.4   10.20   1.1676     351     1    100.0   15 
14/09/26   5:45   17.7   17.8   17.6    87   15.5    0.0     NO   0.00   1.6    NO   17.7   18.1   18.1  1021.0   0.00    0.0    0.006   0.000   25.8    57   16.7   26.2   10.21   1.1682     351     1    100.0   15 
14/09/26   6:00   17.7   17.7   17.6    87   15.5    0.0     NO   0.00   1.6    NO   17.7   18.1   18.1  1021.1   0.00    0.0    0.007   0.000   25.8    57   16.6   26.2   10.21   1.1686     349     1    100.0   15 
14/09/26   6:15   17.8   17.8   17.7    86   15.4    0.0     NO   0.00   1.6    NO   17.8   18.1   18.1  1021.2   0.00    0.0    0.006   0.000   25.7    57   16.5   26.1   10.22   1.1693     351     1    100.0   15 
14/09/26   6:30   17.9   18.0   17.8    86   15.5    0.0     NO   0.00   1.6    NO   17.9   18.3   18.3  1021.4   0.00    0.0    0.005   0.000   25.6    57   16.5   26.0   10.23   1.1699     351     1    100.0   15 
14/09/26   6:45   18.2   18.3   18.0    86   15.8    0.0     NO   0.00   1.6    NO   18.2   18.6   18.6  1021.5   0.00    0.0    0.002   0.000   25.6    57   16.5   26.0   10.23   1.1699     351     1    100.0   15 
14/09/26   7:00   18.7   19.0   18.3    84   15.9    0.0     NO   0.00   3.2    NO   18.7   19.2   19.2  1021.6   0.00    0.0    0.000   0.003   25.9    57   16.8   26.4   10.20   1.1683     351     1    100.0   15 
14/09/26   7:15   19.3   19.4   19.0    81   15.9    1.6     NO   0.40   4.8    NO   19.3   19.9   19.9  1021.6   0.00    0.0    0.000   0.010   26.3    56   16.8   26.7   10.08   1.1670     351     1    100.0   15 
14/09/26   7:30   19.7   20.0   19.4    81   16.3    1.6     NO   0.40   3.2    NO   19.7   20.3   20.3  1021.5   0.00    0.0    0.000   0.014   26.6    56   17.1   27.1   10.05   1.1651     351     1    100.0   15 
14/09/26   7:45   20.4   21.0   20.0    78   16.5    0.0     NO   0.00   4.8    NO   20.4   21.2   21.2  1021.6   0.00    0.0    0.000   0.022   26.8    56   17.3   27.3   10.05   1.1641     350     1    100.0   15 
14/09/26   8:00   21.4   21.5   21.0    75   16.8    1.6     NO   0.40   8.0    NO   21.4   21.8   21.8  1021.6   0.00    0.0    0.000   0.032   27.0    55   17.2   27.4    9.85   1.1637     351     1    100.0   15 
14/09/26   8:15   21.3   21.4   21.3    75   16.7    3.2     NO   0.80   6.4    NO   21.3   21.7   21.7  1021.8   0.00    0.0    0.000   0.031   27.1    55   17.3   27.6    9.85   1.1633     350     1    100.0   15 
14/09/26   8:30   21.9   22.8   21.4    72   16.7    1.6      E   0.40   8.0     E   21.9   22.3   22.3  1021.8   0.00    0.0    0.000   0.038   27.2    55   17.3   27.7    9.85   1.1629     351     1    100.0   15 
14/09/26   8:45   23.6   24.2   22.8    64   16.3    1.6    ESE   0.40   6.4   ESE   23.6   24.2   24.2  1021.8   0.00    0.0    0.000   0.054   27.3    54   17.2   27.8    9.75   1.1625     351     1    100.0   15 
14/09/26   9:00   24.7   25.3   24.2    62   16.9    1.6     NE   0.40   6.4    NE   24.7   25.2   25.2  1021.7   0.00    0.0    0.000   0.067   27.4    54   17.3   28.0    9.75   1.1618     351     1    100.0   15 
14/09/26   9:15   25.8   26.3   25.3    59   17.2    1.6    ENE   0.40   8.0     E   25.8   26.3   26.3  1021.7   0.00    0.0    0.000   0.078   27.7    53   17.2   28.2    9.61   1.1611     351     1    100.0   15 
14/09/26   9:30   26.7   27.1   26.3    56   17.2    1.6     SE   0.40   8.0     E   26.7   27.2   27.2  1021.6   0.00    0.0    0.000   0.087   27.9    53   17.4   28.6    9.61   1.1598     352     1    100.0   15 
14/09/26   9:45   27.3   27.6   27.1    54   17.2    1.6      E   0.40   8.0     E   27.3   27.7   27.7  1021.5   0.00    0.0    0.000   0.093   28.1    52   17.3   28.8    9.40   1.1590     351     1    100.0   15 
14/09/26  10:00   27.8   28.2   27.6    52   17.1    1.6    ENE   0.40   8.0     E   27.8   28.4   28.4  1021.4   0.00    0.0    0.000   0.099   28.3    52   17.5   29.1    9.39   1.1580     351     1    100.0   15 
14/09/26  10:15   28.5   28.7   28.2    51   17.4    3.2    ENE   0.80   8.0    NE   28.5   29.3   29.3  1021.1   0.00    0.0    0.000   0.106   28.4    51   17.3   29.2    9.29   1.1576     351     1    100.0   15 
14/09/26  10:30   28.9   29.2   28.7    49   17.1    3.2      E   0.80  11.3     E   28.9   29.8   29.8  1021.1   0.00    0.0    0.000   0.110   28.5    51   17.4   29.3    9.28   1.1569     351     1    100.0   15 
14/09/26  10:45   29.5   30.1   29.2    46   16.7    3.2    ENE   0.80  11.3     E   29.5   30.2   30.2  1020.8   0.00    0.0    0.000   0.116   28.6    51   17.5   29.5    9.28   1.1560     349     1    100.0   15 
14/09/26  11:00   30.4   30.4   30.1    44   16.8    3.2    ENE   0.80  12.9     E   30.4   31.1   31.1  1020.6   0.00    0.0    0.000   0.126   28.7    50   17.3   29.6    9.08   1.1557     349     1    100.0   15 
14/09/26  11:15   30.5   30.6   30.4    42   16.1    3.2      S   0.80   9.7     E   30.5   30.9   30.9  1020.5   0.00    0.0    0.000   0.127   28.9    49   17.1   29.8    8.87   1.1552     351     1    100.0   15 
14/09/26  11:30   31.0   31.3   30.6    39   15.4    3.2    SSO   0.80  11.3     S   31.0   30.9   30.9  1020.3   0.00    0.0    0.000   0.132   29.0    49   17.2   29.9    8.87   1.1544     350     1    100.0   15 
14/09/26  11:45   31.3   31.3   31.2    40   16.1    4.8      S   1.21  12.9     S   31.3   31.5   31.5  1020.1   0.00    0.0    0.000   0.135   29.2    48   17.1   30.1    8.76   1.1535     351     1    100.0   15 
14/09/26  12:00   31.6   31.7   31.3    38   15.6    4.8    SSO   1.21  12.9   OSO   31.6   31.7   31.7  1020.1   0.00    0.0    0.000   0.138   29.4    47   16.9   30.1    8.55   1.1531     349     1    100.0   15 
14/09/26  12:15   31.7   32.0   31.5    37   15.2    4.8    OSO   1.21  12.9    SO   31.7   31.7   31.7  1019.9   0.00    0.0    0.000   0.139   29.6    47   17.1   30.3    8.55   1.1521     351     1    100.0   15 
14/09/26  12:30   32.3   32.5   32.0    35   14.9    4.8     SO   1.21  12.9   OSO   32.3   32.3   32.3  1019.8   0.00    0.0    0.000   0.146   29.7    46   16.8   30.3    8.44   1.1518     351     1    100.0   15 
14/09/26  12:45   32.5   32.6   32.4    36   15.5    4.8      S   1.21  12.9     S   32.5   32.7   32.7  1019.6   0.00    0.0    0.000   0.148   29.8    46   16.9   30.5    8.44   1.1510     352     1    100.0   15 
14/09/26  13:00   32.5   32.6   32.4    38   16.3    4.8      S   1.21  12.9    SO   32.5   33.0   33.0  1019.5   0.00    0.0    0.000   0.148   29.9    46   17.0   30.6    8.43   1.1503     351     1    100.0   15 
14/09/26  13:15   32.6   32.7   32.5    38   16.4    6.4     SO   1.61  17.7     S   32.6   33.2   33.2  1019.3   0.00    0.0    0.000   0.149   29.9    45   16.7   30.6    8.23   1.1503     350     1    100.0   15 
14/09/26  13:30   32.8   32.9   32.6    40   17.4    6.4    SSO   1.61  14.5     O   32.8   33.8   33.8  1019.2   0.00    0.0    0.000   0.150   29.7    44   16.1   30.2    8.14   1.1521     351     1    100.0   15 
14/09/26  13:45   32.6   32.7   32.4    40   17.2    6.4      S   1.61  16.1   OSO   32.6   33.4   33.4  1019.1   0.00    0.0    0.000   0.148   29.3    42   15.1   29.6    7.85   1.1545     352     1    100.0   15 
14/09/26  14:00   32.5   32.8   32.3    39   16.8    6.4     SO   1.61  16.1    SO   32.5   33.2   33.2  1018.9   0.00    0.0    0.000   0.148   29.2    41   14.6   29.4    7.66   1.1557     351     1    100.0   15 
14/09/26  14:15   32.3   32.8   32.1    40   17.0    6.4      S   1.61  17.7   OSO   32.3   33.0   33.0  1018.6   0.00    0.0    0.000   0.145   29.0    41   14.4   29.2    7.67   1.1561     351     1    100.0   15 
14/09/26  14:30   32.3   32.4   32.1    40   17.0    8.0      S   2.01  17.7     S   32.3   33.1   33.1  1018.5   0.00    0.0    0.000   0.146   28.9    41   14.3   29.2    7.67   1.1566     351     1    100.0   15 
14/09/26  14:45   32.1   32.1   32.0    41   17.1    8.0      S   2.01  20.9    SO   32.1   32.9   32.9  1018.6   0.00    0.0    0.000   0.143   28.8    41   14.2   28.9    7.67   1.1572     351     1    100.0   15 
14/09/26  15:00   32.0   32.2   31.9    40   16.7    6.4      S   1.61  14.5     S   32.0   32.6   32.6  1018.4   0.00    0.0    0.000   0.142   28.6    41   14.1   28.7    7.68   1.1578     352     1    100.0   15 
14/09/26  15:15   32.1   32.2   31.9    41   17.1    6.4     SO   1.61  22.5    SO   32.1   32.9   32.9  1018.3   0.00    0.0    0.000   0.143   28.5    41   14.0   28.5    7.68   1.1582     351     1    100.0   15 
14/09/26  15:30   32.0   32.2   31.6    41   17.1    6.4    OSO   1.61  17.7     O   32.0   32.8   32.8  1018.4   0.00    0.0    0.000   0.142   28.3    42   14.2   28.3    7.85   1.1587     351     1    100.0   15 
14/09/26  15:45   31.1   31.6   30.8    44   17.4    8.0    OSO   2.01  19.3    SO   31.1   31.9   31.9  1018.4   0.00    0.0    0.000   0.133   28.3    42   14.1   28.3    7.85   1.1589     351     1    100.0   15 
14/09/26  16:00   30.7   30.8   30.4    45   17.4    8.0     SO   2.01  20.9    SO   30.7   31.6   31.6  1018.4   0.00    0.0    0.000   0.128   28.2    43   14.5   28.3    7.99   1.1588     352     1    100.0   15 
14/09/26  16:15   30.4   30.5   30.1    44   16.8    6.4     SO   1.61  16.1    SO   30.4   31.1   31.1  1018.3   0.00    0.0    0.000   0.126   28.3    44   14.9   28.4    8.15   1.1580     351     1    100.0   15 
14/09/26  16:30   29.7   30.1   29.5    44   16.2    6.4     SO   1.61  17.7   OSO   29.7   30.2   30.2  1018.3   0.00    0.0    0.000   0.119   28.3    45   15.3   28.6    8.29   1.1572     351     1    100.0   15 
14/09/26  16:45   29.2   29.5   28.9    46   16.4    8.0      S   2.01  17.7    SE   29.2   29.9   29.9  1018.4   0.00    0.0    0.000   0.113   28.3    45   15.2   28.5    8.29   1.1576     351     1    100.0   15 
14/09/26  17:00   28.8   28.9   28.7    48   16.7    6.4      S   1.61  14.5   OSO   28.8   29.6   29.6  1018.5   0.00    0.0    0.000   0.109   28.2    46   15.5   28.5    8.45   1.1576     350     1    100.0   15 
14/09/26  17:15   28.6   28.8   28.3    49   16.8    4.8      S   1.21  14.5     S   28.6   29.3   29.3  1018.5   0.00    0.0    0.000   0.106   28.2    47   15.8   28.6    8.59   1.1572     352     1    100.0   15 
14/09/26  17:30   28.1   28.3   27.8    52   17.3    6.4    SSO   1.61  14.5   SSO   28.1   28.7   28.7  1018.5   0.00    0.0    0.000   0.101   28.3    47   15.9   28.7    8.59   1.1569     351     1    100.0   15 
14/09/26  17:45   27.5   27.8   27.2    53   17.1    6.4     SO   1.61  16.1     O   27.5   28.0   28.0  1018.7   0.00    0.0    0.000   0.095   28.3    48   16.2   28.8    8.79   1.1566     351     1    100.0   15 
14/09/26  18:00   26.9   27.2   26.6    55   17.1    4.8     SO   1.21  12.9   OSO   26.9   27.3   27.3  1018.7   0.00    0.0    0.000   0.089   28.3    48   16.3   28.8    8.79   1.1564     351     1    100.0   15 
14/09/26  18:15   26.3   26.6   26.1    55   16.6    4.8    OSO   1.21  12.9    SO   26.3   26.7   26.7  1018.8   0.00    0.0    0.000   0.083   28.3    48   16.3   28.8    8.79   1.1565     352     1    100.0   15 
14/09/26  18:30   25.9   26.1   25.7    56   16.5    4.8    OSO   1.21  11.3    SO   25.9   26.3   26.3  1018.9   0.00    0.0    0.000   0.079   28.3    49   16.6   28.9    8.89   1.1562     350     1    100.0   15 
14/09/26  18:45   25.5   25.7   25.3    56   16.1    4.8     SO   1.21  11.3   OSO   25.5   25.8   25.8  1019.0   0.00    0.0    0.000   0.075   28.3    49   16.5   28.8    8.89   1.1565     350     1    100.0   15 
14/09/26  19:00   25.2   25.3   25.1    56   15.8    4.8    OSO   1.21  11.3    SO   25.2   25.5   25.5  1019.1   0.00    0.0    0.000   0.072   28.2    49   16.5   28.7    8.89   1.1570     351     1    100.0   15 
14/09/26  19:15   24.8   25.1   24.7    58   16.0    3.2     SO   0.80   9.7   OSO   24.8   25.2   25.2  1019.3   0.00    0.0    0.000   0.068   28.2    49   16.4   28.7    8.90   1.1575     351     1    100.0   15 
14/09/26  19:30   24.6   24.7   24.3    61   16.5    3.2    OSO   0.80   9.7   OSO   24.6   25.0   25.0  1019.5   0.00    0.0    0.000   0.065   28.1    49   16.3   28.5    8.90   1.1583     350     1    100.0   15 
14/09/26  19:45   24.2   24.3   24.1    63   16.7    1.6     SO   0.40   8.0     O   24.2   24.8   24.8  1019.5   0.00    0.0    0.000   0.061   28.1    50   16.7   28.6    9.10   1.1579     350     1    100.0   15 
14/09/26  20:00   24.0   24.1   23.8    65   17.0    1.6      O   0.40   4.8     O   24.0   24.7   24.7  1019.6   0.00    0.0    0.000   0.059   28.1    50   16.7   28.6    9.10   1.1579     349     1    100.0   15 
14/09/26  20:15   23.7   23.8   23.4    67   17.2    3.2     SO   0.80   6.4   SSO   23.7   24.4   24.4  1019.6   0.00    0.0    0.000   0.056   28.1    51   17.0   28.7    9.30   1.1576     351     1    100.0   15 
14/09/26  20:30   23.3   23.4   23.1    69   17.3    1.6     SO   0.40   4.8   OSO   23.3   24.1   24.1  1019.6   0.00    0.0    0.000   0.052   28.0    51   16.9   28.6    9.30   1.1578     351     1    100.0   15 
14/09/26  20:45   23.1   23.1   23.0    70   17.3    1.6     SO   0.40   4.8    SO   23.1   23.8   23.8  1019.7   0.00    0.0    0.000   0.049   28.0    52   17.2   28.6    9.40   1.1575     350     1    100.0   15 
14/09/26  21:00   22.9   23.0   22.8    72   17.6    1.6      O   0.40   6.4    SO   22.9   23.7   23.7  1019.6   0.00    0.0    0.000   0.048   28.0    52   17.2   28.6    9.40   1.1574     351     1    100.0   15 
14/09/26  21:15   22.8   22.8   22.7    73   17.7    1.6    OSO   0.40   4.8   OSO   22.8   23.5   23.5  1019.5   0.00    0.0    0.000   0.046   27.9    53   17.5   28.6    9.60   1.1571     350     1    100.0   15 
14/09/26  21:30   22.6   22.7   22.4    75   17.9    1.6    OSO   0.40   4.8   OSO   22.6   23.3   23.3  1019.6   0.00    0.0    0.000   0.044   27.9    53   17.5   28.6    9.60   1.1572     352     1    100.0   15 
14/09/26  21:45   22.4   22.4   22.2    76   17.9    1.6     SO   0.40   4.8   OSO   22.4   23.1   23.1  1019.6   0.00    0.0    0.000   0.042   27.9    54   17.8   28.7    9.75   1.1568     351     1    100.0   15 
14/09/26  22:00   22.2   22.2   22.1    76   17.7    1.6    OSO   0.40   6.4   OSO   22.2   22.8   22.8  1019.6   0.00    0.0    0.000   0.040   27.9    54   17.7   28.6    9.75   1.1571     351     1    100.0   15 
14/09/26  22:15   22.0   22.1   22.0    76   17.6    1.6    OSO   0.40   4.8    SO   22.0   22.6   22.6  1019.6   0.00    0.0    0.000   0.038   27.8    54   17.7   28.6    9.75   1.1574     350     1    100.0   15 
14/09/26  22:30   22.0   22.0   21.9    77   17.8    1.6      O   0.40   6.4   OSO   22.0   22.6   22.6  1019.6   0.00    0.0    0.000   0.038   27.8    55   18.0   28.7    9.85   1.1569     352     1    100.0   15 
14/09/26  22:45   21.9   22.0   21.9    78   17.9    1.6    OSO   0.40   4.8   OSO   21.9   22.6   22.6  1019.5   0.00    0.0    0.000   0.038   27.8    55   17.9   28.6    9.85   1.1571     351     1    100.0   15 
14/09/26  23:00   21.8   21.9   21.8    79   18.0    3.2    OSO   0.80   8.0   OSO   21.8   22.5   22.5  1019.4   0.00    0.0    0.000   0.036   27.7    55   17.9   28.5    9.85   1.1573     351     1    100.0   15 
14/09/26  23:15   21.8   21.8   21.8    78   17.8    1.6    OSO   0.40   4.8    SO   21.8   22.4   22.4  1019.4   0.00    0.0    0.000   0.036   27.7    55   17.8   28.4    9.85   1.1576     351     1    100.0   15 
14/09/26  23:30   21.7   21.8   21.6    77   17.5    1.6    OSO   0.40   6.4   OSO   21.7   22.2   22.2  1019.4   0.00    0.0    0.000   0.035   27.6    55   17.8   28.3    9.85   1.1579     350     1    100.0   15 
14/09/26  23:45   21.6   21.7   21.4    75   16.9    0.0    OSO   0.00   4.8   OSO   21.6   22.0   22.0  1019.4   0.00    0.0    0.000   0.034   27.6    55   17.7   28.2    9.85   1.1582     352     1    100.0   15 
15/09/26  00:00   21.2   21.4   21.1    74   16.4    1.6    OSO   0.40   4.8     N   21.2   21.5   21.5  1019.4   0.00    0.0    0.000   0.030   27.5    54   17.4   28.1    9.75   1.1588     351     1    100.0   15 
15/09/26   0:15   21.3   21.4   21.2    72   16.1    1.6    NNO   0.40   4.8   NNO   21.3   21.6   21.6  1019.3   0.00    0.0    0.000   0.031   27.4    54   17.3   27.9    9.75   1.1593     349     1    100.0   15 
15/09/26   0:30   21.4   21.4   21.3    70   15.7    1.6    NNO   0.40   4.8   NNO   21.4   21.6   21.6  1019.2   0.00    0.0    0.000   0.032   27.3    54   17.2   27.8    9.75   1.1595     351     1    100.0   15 
15/09/26   0:45   21.3   21.3   21.2    70   15.6    1.6    NNO   0.40   4.8   NNO   21.3   21.4   21.4  1019.1   0.00    0.0    0.000   0.031   27.3    53   16.9   27.7    9.63   1.1601     351     1    100.0   15 
15/09/26   1:00   21.6   21.8   21.3    67   15.2    0.0    NNO   0.00   1.6   NNO   21.6   21.7   21.7  1019.0   0.00    0.0    0.000   0.034   27.3    53   16.9   27.7    9.63   1.1599     351     1    100.0   15 
15/09/26   1:15   21.7   21.8   21.4    68   15.5    3.2    NNO   0.80   4.8   NNO   21.7   21.8   21.8  1018.9   0.00    0.0    0.000   0.035   27.2    52   16.5   27.5    9.43   1.1606     350     1    100.0   15 
15/09/26   1:30   21.2   21.4   20.9    70   15.5    3.2     NO   0.80   6.4    NO   21.2   21.2   21.2  1018.9   0.00    0.0    0.000   0.030   27.1    53   16.7   27.4    9.63   1.1608     350     1    100.0   15 
15/09/26   1:45   20.9   21.0   20.8    70   15.2    3.2     NO   0.80   6.4    NO   20.9   21.0   21.0  1018.9   0.00    0.0    0.000   0.027   27.1    52   16.4   27.3    9.44   1.1614     351     1    100.0   15 
15/09/26   2:00   20.8   20.8   20.7    70   15.1    3.2     NO   0.80   6.4    NO   20.8   20.9   20.9  1018.9   0.00    0.0    0.000   0.025   27.0    52   16.3   27.2    9.44   1.1617     351     1    100.0   15 
15/09/26   2:15   21.0   21.2   20.8    69   15.1    3.2     NO   0.80   6.4    NO   21.0   21.1   21.1  1018.8   0.00    0.0    0.000   0.028   27.0    52   16.3   27.2    9.44   1.1616     352     1    100.0   15 
15/09/26   2:30   21.2   21.3   21.2    69   15.3    1.6     NO   0.40   4.8    NO   21.2   21.3   21.3  1018.7   0.00    0.0    0.000   0.030   26.9    52   16.3   27.2    9.44   1.1618     351     1    100.0   15 
15/09/26   2:45   21.2   21.2   21.1    69   15.3    0.0     NO   0.00   1.6    NO   21.2   21.2   21.2  1018.7   0.00    0.0    0.000   0.030   26.9    53   16.5   27.2    9.64   1.1616     350     1    100.0   15 
15/09/26   3:00   21.3   21.3   21.2    69   15.4    0.0     NO   0.00   1.6    NO   21.3   21.3   21.3  1018.6   0.00    0.0    0.000   0.031   26.9    53   16.5   27.2    9.64   1.1616     350     1    100.0   15 
15/09/26   3:15   21.3   21.3   21.2    68   15.1    0.0     NO   0.00   4.8    NO   21.3   21.3   21.3  1018.5   0.00    0.0    0.000   0.031   26.8    53   16.4   27.1    9.64   1.1617     351     1    100.0   15 
15/09/26   3:30   21.1   21.3   20.9    67   14.7    3.2     NO   0.80   4.8    NO   21.1   21.0   21.0  1018.5   0.00    0.0    0.000   0.028   26.8    53   16.4   27.1    9.65   1.1620     351     1    100.0   15 
15/09/26   3:45   20.7   20.9   20.7    67   14.4    1.6     NO   0.40   4.8    NO   20.7   20.7   20.7  1018.4   0.00    0.0    0.000   0.025   26.7    53   16.3   27.0    9.65   1.1622     351     1    100.0   15 
15/09/26   4:00   20.8   20.8   20.7    67   14.4    0.0     NO   0.00   3.2    NO   20.8   20.8   20.8  1018.4   0.00    0.0    0.000   0.025   26.7    52   16.0   26.9    9.45   1.1625     351     1    100.0   15 
15/09/26   4:15   20.8   20.9   20.8    66   14.2    0.0     NO   0.00   1.6    NO   20.8   20.8   20.8  1018.3   0.00    0.0    0.000   0.026   26.7    52   16.0   26.8    9.45   1.1627     352     1    100.0   15 
15/09/26   4:30   20.7   20.8   20.6    68   14.6    0.0     NO   0.00   1.6    NO   20.7   20.8   20.8  1018.3   0.00    0.0    0.000   0.025   26.6    52   15.9   26.8    9.45   1.1630     351     1    100.0   15 
15/09/26   4:45   20.4   20.6   20.2    70   14.8    0.0     NO   0.00   1.6    NO   20.4   20.7   20.7  1018.2   0.00    0.0    0.000   0.022   26.5    52   15.8   26.7    9.46   1.1635     351     1    100.0   15 
15/09/26   5:00   19.9   20.2   19.7    71   14.5    0.0     NO   0.00   3.2    NO   19.9   20.3   20.3  1018.3   0.00    0.0    0.000   0.017   26.4    52   15.7   26.6    9.46   1.1641     350     1    100.0   15 
15/09/26   5:15   19.5   19.7   19.4    72   14.3    0.0     NO   0.00   3.2    NO   19.5   19.8   19.8  1018.4   0.00    0.0    0.000   0.012   26.3    52   15.6   26.5    9.46   1.1648     351     1    100.0   15 
15/09/26   5:30   19.4   19.4   19.4    72   14.3    0.0     NO   0.00   3.2    NO   19.4   19.7   19.7  1018.4   0.00    0.0    0.000   0.012   26.2    52   15.6   26.4    9.47   1.1651     352     1    100.0   15 
15/09/26   5:45   19.5   19.5   19.4    72   14.3    0.0     NO   0.00   3.2    NO   19.5   19.8   19.8  1018.5   0.00    0.0    0.000   0.012   26.2    52   15.5   26.4    9.47   1.1655     350     1    100.0   15 
15/09/26   6:00   19.6   19.7   19.5    71   14.2    1.6     NO   0.40   4.8    NO   19.6   19.8   19.8  1018.5   0.00    0.0    0.000   0.013   26.1    52   15.5   26.3    9.47   1.1658     351     1    100.0   15 
15/09/26   6:15   19.8   20.1   19.7    70   14.2    0.0     NO   0.00   3.2    NO   19.8   20.1   20.1  1018.5   0.00    0.0    0.000   0.016   26.1    52   15.5   26.3    9.47   1.1658     351     1    100.0   15 
15/09/26   6:30   20.4   20.6   20.1    68   14.3    0.0     NO   0.00   1.6    NO   20.4   20.6   20.6  1018.6   0.00    0.0    0.000   0.021   26.2    52   15.6   26.4    9.47   1.1654     352     1    100.0   15 
15/09/26   6:45   20.8   20.8   20.6    67   14.4    0.0     NO   0.00   3.2    NO   20.8   20.8   20.8  1018.6   0.00    0.0    0.000   0.025   26.4    51   15.5   26.6    9.35   1.1646     351     1    100.0   15 
15/09/26   7:00   20.9   20.9   20.8    67   14.5    0.0     NO   0.00   3.2    NO   20.9   20.9   20.9  1018.7   0.00    0.0    0.000   0.027   26.8    51   15.8   26.9    9.35   1.1630     351     1    100.0   15 
15/09/26   7:15   21.2   21.6   20.9    65   14.4    0.0     NO   0.00   1.6    NO   21.2   21.1   21.1  1018.8   0.00    0.0    0.000   0.030   27.1    49   15.4   27.1    8.94   1.1626     351     1    100.0   15 
15/09/26   7:30   21.7   21.8   21.6    66   15.1    1.6     NO   0.40   3.2    NO   21.7   21.7   21.7  1018.8   0.00    0.0    0.000   0.035   27.2    50   15.8   27.3    9.13   1.1615     352     1    100.0   15 
15/09/26   7:45   21.9   22.1   21.7    66   15.2    1.6     NO   0.40   4.8    NO   21.9   22.0   22.0  1018.8   0.00    0.0    0.000   0.037   27.2    50   15.8   27.3    9.13   1.1615     351     1    100.0   15 
15/09/26   8:00   22.3   22.6   22.1    63   14.9    3.2     NO   0.80   4.8    NO   22.3   22.4   22.4  1018.9   0.00    0.0    0.000   0.042   27.1    50   15.8   27.2    9.13   1.1619     351     1    100.0   15 
15/09/26   8:15   22.8   23.2   22.6    62   15.2    3.2     NO   0.80   6.4    NO   22.8   23.2   23.2  1018.9   0.00    0.0    0.000   0.047   27.1    49   15.5   27.2    8.93   1.1624     351     1    100.0   15 
15/09/26   8:30   24.1   25.1   23.2    58   15.3    3.2      E   0.80   8.0     E   24.1   24.5   24.5  1019.0   0.00    0.0    0.000   0.060   27.2    50   15.8   27.3    9.13   1.1618     351     1    100.0   15 
