                 Temp.  Temp.  Temp.  Hum.   Punt   Vel.   Dir.   Rec.  Vel.  Dir.  Sens.   Índ.   Índ.                  Int. Graus D.Graus D.  Temp.  Hum. Rosada  In.Cal.  EMC     Dens.    Mostr   Tx   Recep.  Int.
  Data    Hora    Ext.   Màx.   Mín.  Ext. Rosada   Vent   Vent   Vent  Màx.  Màx.  Tèrm.  Calor   THW    Bar    Pluja   Pluja  Calor    Fred    Int.  Int.   Int.   Int.    Int.  Int.Aire    Vent   Vent   ISS   Arc.
-------------------------------------------------------------------------------------------------------------------------------------------------------------------------------------------------------------------------
16/09/26   0:15   22.1   22.3   21.9    62   14.4    0.0    ENE   0.00   3.2   ENE   22.1   22.0   22.0  1016.3   0.00    0.0    0.000   0.039   27.3    52   16.6   27.6    9.43   1.1573     348     1    100.0   15 
16/09/26   0:30   21.8   21.9   21.8    62   14.2    0.0    ENE   0.00   3.2   ENE   21.8   21.7   21.7  1016.4   0.00    0.0    0.000   0.036   27.3    52   16.6   27.6    9.43   1.1573     351     1    100.0   15 
16/09/26   0:45   21.8   21.8   21.7    63   14.4    1.6    NNO   0.40   4.8     N   21.8   21.7   21.7  1016.3   0.00    0.0    0.000   0.036   27.3    52   16.6   27.6    9.43   1.1573     351     1    100.0   15 
16/09/26   1:00   21.7   21.7   21.6    62   14.1    0.0    NNO   0.00   3.2   NNO   21.7   21.5   21.5  1016.4   0.00    0.0    0.000   0.035   27.3    52   16.6   27.6    9.43   1.1573     350     1    100.0   15 
16/09/26   1:15   21.8   21.8   21.7    61   14.0    0.0    NNO   0.00   3.2   NNO   21.8   21.7   21.7  1016.2   0.00    0.0    0.000   0.036   27.3    52   16.6   27.6    9.43   1.1572     351     1    100.0   15 
16/09/26   1:30   21.8   21.8   21.7    62   14.2    0.0    NNO   0.00   3.2   NNO   21.8   21.6   21.6  1016.1   0.00    0.0    0.000   0.036   27.2    52   16.5   27.5    9.43   1.1573     350     1    100.0   15 
16/09/26   1:45   21.4   21.7   21.2    64   14.3    1.6    NNO   0.40   4.8   NNO   21.4   21.2   21.2  1016.0   0.00    0.0    0.000   0.032   27.2    52   16.5   27.5    9.43   1.1572     351     1    100.0   15 
16/09/26   2:00   21.0   21.2   20.9    65   14.2    0.0    NNO   0.00   1.6   NNO   21.0   20.8   20.8  1015.9   0.00    0.0    0.000   0.028   27.2    52   16.5   27.4    9.43   1.1574     351     1    100.0   15 
16/09/26   2:15   20.9   20.9   20.8    65   14.1    0.0    NNO   0.00   3.2   NNO   20.9   20.8   20.8  1016.0   0.00    0.0    0.000   0.027   27.2    52   16.5   27.4    9.43   1.1574     351     1    100.0   15 
16/09/26   2:30   20.8   20.8   20.7    64   13.8    0.0    NNO   0.00   3.2   NNO   20.8   20.7   20.7  1015.9   0.00    0.0    0.000   0.026   27.1    52   16.4   27.4    9.43   1.1577     352     1    100.0   15 
16/09/26   2:45   20.7   20.8   20.7    63   13.4    1.6    NNO   0.40   4.8    NE   20.7   20.5   20.5  1015.6   0.00    0.0    0.000   0.025   27.1    52   16.4   27.4    9.43   1.1574     351     1    100.0   15 
16/09/26   3:00   20.8   20.8   20.6    63   13.5    0.0     NE   0.00   3.2    NE   20.8   20.6   20.6  1015.6   0.00    0.0    0.000   0.025   27.1    52   16.4   27.3    9.44   1.1576     348     1    100.0   15 
16/09/26   3:15   20.3   20.6   20.1    65   13.5    0.0     NE   0.00   1.6    NE   20.3   20.3   20.3  1015.5   0.00    0.0    0.000   0.021   27.0    53   16.6   27.3    9.64   1.1573     351     1    100.0   15 
16/09/26   3:30   19.9   20.1   19.7    68   13.8    1.6     NE   0.40   3.2    NE   19.9   20.1   20.1  1015.5   0.00    0.0    0.000   0.016   26.9    53   16.6   27.2    9.64   1.1577     352     1    100.0   15 
16/09/26   3:45   19.5   19.7   19.4    67   13.2    1.6     NE   0.40   4.8    NE   19.5   19.6   19.6  1015.5   0.00    0.0    0.000   0.012   26.9    53   16.5   27.2    9.64   1.1579     351     1    100.0   15 
16/09/26   4:00   19.4   19.4   19.3    67   13.1    1.6     NE   0.40   4.8    NE   19.4   19.4   19.4  1015.5   0.00    0.0    0.000   0.011   26.8    53   16.4   27.1    9.64   1.1582     351     1    100.0   15 
16/09/26   4:15   19.3   19.4   19.2    67   13.0    3.2     NE   0.80   4.8    NE   19.3   19.4   19.4  1015.6   0.00    0.0    0.000   0.010   26.8    53   16.4   27.1    9.65   1.1587     351     1    100.0   15 
16/09/26   4:30   19.1   19.2   18.8    68   13.1    1.6     NE   0.40   4.8    NE   19.1   19.2   19.2  1015.7   0.00    0.0    0.000   0.008   26.7    53   16.3   27.0    9.65   1.1590     351     1    100.0   15 
16/09/26   4:45   18.6   18.8   18.4    68   12.6    1.6     NE   0.40   3.2    NE   18.6   18.6   18.6  1015.7   0.00    0.0    0.000   0.003   26.7    53   16.3   26.9    9.65   1.1593     352     1    100.0   15 
16/09/26   5:00   18.6   18.7   18.4    66   12.1    0.0     NE   0.00   1.6    NE   18.6   18.4   18.4  1015.8   0.00    0.0    0.000   0.002   26.6    53   16.2   26.9    9.65   1.1597     351     1    100.0   15 
16/09/26   5:15   18.9   19.1   18.7    64   11.9    0.0     NE   0.00   1.6    NE   18.9   18.7   18.7  1015.8   0.00    0.0    0.000   0.006   26.5    53   16.1   26.8    9.65   1.1602     350     1    100.0   15 
16/09/26   5:30   19.2   19.2   19.1    64   12.2    0.0     NE   0.00   3.2    NE   19.2   19.1   19.1  1015.8   0.00    0.0    0.000   0.009   26.4    53   16.1   26.7    9.65   1.1606     351     1    100.0   15 
16/09/26   5:45   19.1   19.2   18.8    65   12.3    0.0     NE   0.00   3.2    NE   19.1   19.0   19.0  1016.0   0.00    0.0    0.000   0.008   26.4    53   16.0   26.6    9.65   1.1611     352     1    100.0   15 
16/09/26   6:00   18.6   18.8   18.5    67   12.4    0.0     NE   0.00   1.6    NE   18.6   18.6   18.6  1016.1   0.00    0.0    0.000   0.003   26.3    53   16.0   26.6    9.65   1.1614     351     1    100.0   15 
16/09/26   6:15   18.6   18.6   18.5    66   12.1    0.0     NE   0.00   1.6    NE   18.6   18.4   18.4  1016.1   0.00    0.0    0.000   0.002   26.3    53   16.0   26.6    9.65   1.1614     351     1    100.0   15 
16/09/26   6:30   18.9   19.2   18.6    65   12.2    0.0     NE   0.00   3.2    NE   18.9   18.8   18.8  1016.3   0.00    0.0    0.000   0.006   26.4    54   16.3   26.7    9.76   1.1610     351     1    100.0   15 
16/09/26   6:45   19.5   19.9   19.2    64   12.5    0.0     NE   0.00   1.6    NE   19.5   19.4   19.4  1016.3   0.00    0.0    0.000   0.012   26.6    53   16.2   26.8    9.65   1.1606     351     1    100.0   15 
16/09/26   7:00   20.7   21.3   20.0    61   12.9    0.0     NE   0.00   1.6    NE   20.7   20.4   20.4  1016.5   0.00    0.0    0.000   0.024   26.8    52   16.1   27.0    9.45   1.1601     350     1    100.0   15 
16/09/26   7:15   21.6   21.7   21.3    59   13.2    0.0     NE   0.00   1.6    NE   21.6   21.2   21.2  1016.5   0.00    0.0    0.000   0.034   27.0    50   15.7   27.1    9.14   1.1597     350     1    100.0   15 
16/09/26   7:30   21.3   21.6   21.2    59   13.0    0.0     NE   0.00   3.2    NE   21.3   20.9   20.9  1016.4   0.00    0.0    0.000   0.031   27.1    49   15.5   27.2    8.93   1.1594     350     1    100.0   15 
16/09/26   7:45   21.7   21.9   21.6    58   13.1    1.6     NO   0.40   4.8    NO   21.7   21.3   21.3  1016.5   0.00    0.0    0.000   0.035   27.3    49   15.6   27.3    8.93   1.1587     351     1    100.0   15 
16/09/26   8:00   22.2   22.4   21.9    58   13.5    1.6     NO   0.40   4.8    NO   22.2   22.0   22.0  1016.4   0.00    0.0    0.000   0.040   27.4    48   15.4   27.4    8.82   1.1585     351     1    100.0   15 
16/09/26   8:15   22.8   23.2   22.4    57   13.9    1.6    SSO   0.40   4.8   SSO   22.8   22.9   22.9  1016.6   0.00    0.0    0.000   0.047   27.6    48   15.6   27.7    8.82   1.1578     350     1    100.0   15 
16/09/26   8:30   23.6   24.1   23.2    55   14.0    1.6     SO   0.40   4.8    SO   23.6   23.7   23.7  1016.8   0.00    0.0    0.000   0.054   27.6    48   15.6   27.7    8.82   1.1578     350     1    100.0   15 
16/09/26   8:45   24.6   24.8   24.1    54   14.6    1.6      O   0.40   6.4     S   24.6   24.7   24.7  1016.9   0.00    0.0    0.000   0.065   27.7    48   15.7   27.8    8.81   1.1576     349     1    100.0   15 
16/09/26   9:00   24.9   25.2   24.8    62   17.1    1.6      O   0.40   8.0     E   24.9   25.4   25.4  1016.7   0.00    0.0    0.000   0.068   27.8    48   15.8   27.9    8.81   1.1568     350     1    100.0   15 
16/09/26   9:15   25.6   25.9   25.2    67   19.0    3.2    ESE   0.80  11.3   ENE   25.6   26.6   26.6  1016.8   0.00    0.0    0.000   0.076   27.9    49   16.2   28.2    8.91   1.1560     349     1    100.0   15 
16/09/26   9:30   25.9   26.1   25.8    61   17.8    3.2      E   0.80  11.3   ENE   25.9   26.6   26.6  1016.6   0.00    0.0    0.000   0.079   28.0    50   16.6   28.4    9.10   1.1548     351     1    100.0   15 
16/09/26   9:45   25.9   26.0   25.9    63   18.4    3.2    ENE   0.80  11.3   ENE   25.9   26.7   26.7  1016.6   0.00    0.0    0.000   0.079   28.1    50   16.7   28.7    9.10   1.1542     351     1    100.0   15 
16/09/26  10:00   26.5   26.9   26.1    60   18.1    1.6    ESE   0.40  11.3   ENE   26.5   27.2   27.2  1016.4   0.00    0.0    0.000   0.085   28.2    50   16.8   28.7    9.10   1.1537     352     1    100.0   15 
16/09/26  10:15   26.7   26.9   26.6    60   18.3    4.8      E   1.21  14.5   ENE   26.7   27.4   27.4  1016.4   0.00    0.0    0.000   0.087   28.3    50   16.9   29.0    9.09   1.1528     351     1    100.0   15 
16/09/26  10:30   27.2   27.4   26.9    58   18.2    3.2    ESE   0.80  14.5     E   27.2   28.0   28.0  1016.1   0.00    0.0    0.000   0.093   28.4    50   17.0   29.2    9.09   1.1519     350     1    100.0   15 
16/09/26  10:45   27.3   27.4   27.3    59   18.6    4.8    ENE   1.21  12.9   ESE   27.3   28.2   28.2  1016.0   0.00    0.0    0.000   0.094   28.6    50   17.1   29.3    9.08   1.1512     351     1    100.0   15 
16/09/26  11:00   27.7   28.3   27.3    57   18.4    3.2    ENE   0.80  11.3   ENE   27.7   28.7   28.7  1015.7   0.00    0.0    0.000   0.098   28.7    50   17.3   29.6    9.08   1.1500     351     1    100.0   15 
16/09/26  11:15   28.5   28.7   28.3    57   19.2    4.8    ENE   1.21  14.5    SE   28.5   29.9   29.9  1015.5   0.00    0.0    0.000   0.106   28.8    50   17.4   29.8    9.07   1.1493     351     1    100.0   15 
16/09/26  11:30   28.8   29.3   28.3    54   18.5    3.2    SSE   0.80  11.3     E   28.8   30.1   30.1  1015.4   0.00    0.0    0.000   0.109   29.0    50   17.5   30.0    9.07   1.1483     350     1    100.0   15 
16/09/26  11:45   29.0   29.3   28.5    55   19.0    6.4    ENE   1.61  17.7   ENE   29.0   30.5   30.5  1015.4   0.00    0.0    0.000   0.111   29.2    51   18.0   30.3    9.26   1.1469     350     1    100.0   15 
16/09/26  12:00   27.9   28.5   27.5    58   18.9    8.0    ENE   2.01  16.1   ESE   27.9   29.1   29.1  1015.3   0.00    0.0    0.000   0.100   29.3    51   18.1   30.4    9.25   1.1460     350     1    100.0   15 
16/09/26  12:15   27.4   27.5   27.2    59   18.7    8.0      E   2.01  20.9    NE   27.4   28.3   28.3  1015.2   0.00    0.0    0.000   0.094   29.4    51   18.2   30.6    9.25   1.1453     352     1    100.0   15 
16/09/26  12:30   27.8   28.5   27.5    54   17.6    8.0    ENE   2.01  20.9   ENE   27.8   28.4   28.4  1015.2   0.00    0.0    0.000   0.098   29.6    51   18.3   30.7    9.25   1.1447     351     1    100.0   15 
16/09/26  12:45   29.3   29.8   28.6    50   17.8    4.8     SO   1.21  12.9     S   29.3   30.3   30.3  1015.1   0.00    0.0    0.000   0.114   29.7    50   18.1   30.8    9.05   1.1445     350     1    100.0   15 
16/09/26  13:00   29.7   29.9   29.3    52   18.8    6.4     SO   1.61  19.3    SO   29.7   31.1   31.1  1015.1   0.00    0.0    0.000   0.119   29.8    50   18.3   31.0    9.05   1.1436     351     1    100.0   15 
16/09/26  13:15   29.1   29.3   28.9    52   18.2    8.0      S   2.01  22.5   ESE   29.1   30.3   30.3  1015.0   0.00    0.0    0.000   0.112   30.0    50   18.4   31.2    9.05   1.1426     351     1    100.0   15 
16/09/26  13:30   29.0   29.2   28.9    52   18.1    6.4    OSO   1.61  19.3     S   29.0   30.2   30.2  1014.7   0.00    0.0    0.000   0.111   30.2    49   18.3   31.5    8.85   1.1417     351     1    100.0   15 
16/09/26  13:45   29.0   29.2   28.9    53   18.5    6.4      S   1.61  17.7    SE   29.0   30.3   30.3  1014.7   0.00    0.0    0.000   0.111   30.3    48   18.1   31.6    8.72   1.1415     351     1    100.0   15 
16/09/26  14:00   28.9   28.9   28.8    52   18.0    6.4    SSO   1.61  17.7   SSE   28.9   30.1   30.1  1014.7   0.00    0.0    0.000   0.110   30.1    46   17.2   30.9    8.43   1.1437     351     1    100.0   15 
16/09/26  14:15   28.7   28.9   28.6    56   19.1    8.0    SSO   2.01  17.7   SSO   28.7   30.2   30.2  1014.5   0.00    0.0    0.000   0.108   29.8    46   17.0   30.6    8.44   1.1449     351     1    100.0   15 
16/09/26  14:30   28.0   28.6   27.6    59   19.2    8.0      S   2.01  16.1    SE   28.0   29.2   29.2  1014.6   0.00    0.0    0.000   0.101   29.6    46   16.8   30.3    8.44   1.1461     352     1    100.0   15 
16/09/26  14:45   27.8   28.1   27.6    57   18.5    6.4      S   1.61  16.1   ESE   27.8   28.7   28.7  1014.5   0.00    0.0    0.000   0.098   29.3    44   15.8   29.8    8.15   1.1483     350     1    100.0   15 
16/09/26  15:00   27.7   28.1   27.4    58   18.7    4.8      S   1.21  19.3   SSE   27.7   28.7   28.7  1014.5   0.00    0.0    0.000   0.098   29.0    43   15.2   29.4    7.97   1.1504     350     1    100.0   15 
16/09/26  15:15   27.1   27.4   26.9    60   18.7    4.8     SO   1.21  14.5   SSO   27.1   28.0   28.0  1014.6   0.00    0.0    0.000   0.091   28.7    43   14.9   29.1    7.98   1.1519     350     1    100.0   15 
16/09/26  15:30   26.6   26.9   26.3    63   19.0    6.4    SSO   1.61  16.1     O   26.6   27.6   27.6  1014.5   0.00    0.0    0.000   0.086   28.6    45   15.5   29.1    8.28   1.1515     352     1    100.0   15 
16/09/26  15:45   26.1   26.3   25.9    65   19.0    6.4    SSO   1.61  16.1     S   26.1   27.1   27.1  1014.6   0.00    0.0    0.000   0.081   28.6    45   15.5   28.9    8.28   1.1519     351     1    100.0   15 
16/09/26  16:00   25.8   25.9   25.6    65   18.7    4.8    SSE   1.21  14.5   SSE   25.8   26.6   26.6  1014.8   0.00    0.0    0.000   0.078   28.4    47   16.0   28.9    8.59   1.1517     351     1    100.0   15 
16/09/26  16:15   25.5   25.6   25.3    69   19.4    4.8      S   1.21  12.9   ESE   25.5   26.6   26.6  1014.7   0.00    0.0    0.000   0.075   28.3    47   15.9   28.7    8.59   1.1525     351     1    100.0   15 
16/09/26  16:30   25.4   25.7   25.2    68   19.1    4.8    SSO   1.21  11.3   SSO   25.4   26.4   26.4  1014.9   0.00    0.0    0.000   0.074   28.2    48   16.2   28.7    8.79   1.1525     350     1    100.0   15 
16/09/26  16:45   25.7   25.8   25.5    69   19.6    4.8      S   1.21  16.1    SO   25.7   26.7   26.7  1014.9   0.00    0.0    0.000   0.076   28.2    49   16.5   28.7    8.89   1.1522     352     1    100.0   15 
16/09/26  17:00   25.2   25.5   25.0    71   19.6    4.8      S   1.21  11.3     S   25.2   26.4   26.4  1014.9   0.00    0.0    0.000   0.072   28.2    49   16.4   28.7    8.90   1.1524     350     1    100.0   15 
16/09/26  17:15   24.8   25.0   24.6    74   19.8    4.8      S   1.21  11.3   OSO   24.8   26.1   26.1  1014.8   0.00    0.0    0.000   0.067   28.2    51   17.1   28.8    9.30   1.1514     350     1    100.0   15 
16/09/26  17:30   24.3   24.6   24.2    75   19.6    3.2      S   0.80   8.0     S   24.3   25.6   25.6  1014.9   0.00    0.0    0.000   0.063   28.1    55   18.2   29.1    9.85   1.1500     351     1    100.0   15 
16/09/26  17:45   24.1   24.2   24.0    76   19.6    1.6      S   0.40   6.4     S   24.1   25.4   25.4  1014.9   0.00    0.0    0.000   0.060   28.1    57   18.8   29.2   10.20   1.1492     351     1    100.0   15 
16/09/26  18:00   23.8   24.0   23.7    77   19.6    3.2     SO   0.80   8.0   OSO   23.8   25.1   25.1  1015.2   0.00    0.0    0.000   0.057   28.1    58   19.1   29.3   10.35   1.1490     351     1    100.0   15 
16/09/26  18:15   23.7   23.8   23.6    78   19.6    3.2    SSO   0.80   9.7   SSO   23.7   24.9   24.9  1015.2   0.00    0.0    0.000   0.056   28.1    58   19.1   29.3   10.35   1.1491     351     1    100.0   15 
16/09/26  18:30   23.5   23.6   23.4    78   19.4    3.2      S   0.80   6.4   SSE   23.5   24.7   24.7  1015.3   0.00    0.0    0.000   0.054   28.1    59   19.3   29.4   10.55   1.1487     350     1    100.0   15 
16/09/26  18:45   23.3   23.4   23.3    79   19.5    1.6      S   0.40   6.4   SSO   23.3   24.4   24.4  1015.3   0.00    0.0    0.000   0.052   28.1    59   19.3   29.3   10.55   1.1491     352     1    100.0   15 
16/09/26  19:00   23.2   23.3   23.2    80   19.6    1.6      S   0.40   6.4     O   23.2   24.3   24.3  1015.5   0.00    0.0    0.000   0.051   28.1    59   19.3   29.3   10.55   1.1493     351     1    100.0   15 
16/09/26  19:15   23.2   23.2   23.1    80   19.5    3.2     SE   0.80  11.3   ENE   23.2   24.2   24.2  1015.4   0.00    0.0    0.000   0.050   28.0    59   19.2   29.2   10.55   1.1494     351     1    100.0   15 
16/09/26  19:30   22.1   23.1   21.1    77   17.8    8.0      E   2.01  17.7   ENE   22.1   22.7   22.7  1016.1   0.00    0.0    0.000   0.039   28.1    58   19.0   29.2   10.35   1.1504     351     1    100.0   15 
16/09/26  19:45   20.7   21.1   20.6    83   17.7    4.8     NO   1.21  17.7   ENE   20.7   21.6   21.6  1016.9   5.00  151.6    0.000   0.025   28.0    57   18.7   29.1   10.20   1.1521     350     1    100.0   15 
16/09/26  20:00   19.6   20.6   18.8    89   17.7    4.8     NO   1.21  11.3   OSO   19.6   20.4   20.4  1017.3  14.80  174.6    0.000   0.013   28.0    57   18.7   29.1   10.20   1.1525     352     1    100.0   15 
16/09/26  20:15   18.6   18.8   18.6    92   17.3    3.2    ENE   0.80   8.0    NE   18.6   19.3   19.3  1018.2   6.00   44.8    0.000   0.003   28.0    57   18.7   29.1   10.20   1.1535     351     1    100.0   15 
16/09/26  20:30   18.4   18.6   18.2    92   17.1    3.2      E   0.80   8.0   ESE   18.4   19.0   19.0  1017.9   1.00   10.8    0.000   0.001   28.0    57   18.7   29.1   10.20   1.1532     350     1    100.0   15 
16/09/26  20:45   18.1   18.2   17.9    93   16.9    1.6    OSO   0.40   6.4   OSO   18.1   18.6   18.6  1017.8   1.00    5.4    0.003   0.000   27.9    57   18.6   28.9   10.19   1.1537     350     1    100.0   15 
16/09/26  21:00   17.9   18.1   17.9    94   17.0    1.6    SSE   0.40   8.0   ENE   17.9   18.5   18.5  1018.0   0.40    3.6    0.004   0.000   27.8    57   18.5   28.8   10.19   1.1542     352     1    100.0   15 
16/09/26  21:15   17.8   18.1   17.5    94   16.8    1.6      S   0.40   8.0     E   17.8   18.3   18.3  1017.7   0.20    1.4    0.006   0.000   27.8    58   18.8   28.8   10.35   1.1538     351     1    100.0   15 
16/09/26  21:30   17.4   17.6   17.4    95   16.6    0.0     SO   0.00   4.8    SO   17.4   17.9   17.9  1017.6   0.00    0.0    0.009   0.000   27.7    58   18.7   28.7   10.35   1.1540     351     1    100.0   15 
16/09/26  21:45   17.4   17.4   17.3    95   16.6    1.6     NO   0.40   4.8    NO   17.4   17.9   17.9  1018.0   0.60    2.8    0.010   0.000   27.7    58   18.7   28.7   10.35   1.1547     349     1    100.0   15 
16/09/26  22:00   17.6   17.6   17.3    95   16.7    0.0    NNO   0.00   3.2    NO   17.6   18.1   18.1  1018.4   0.80    4.2    0.008   0.000   27.6    58   18.6   28.6   10.35   1.1554     352     1    100.0   15 
16/09/26  22:15   17.6   17.6   17.5    95   16.7    0.0     NE   0.00   4.8    NE   17.6   18.1   18.1  1018.6   1.40    6.2    0.008   0.000   27.6    58   18.5   28.5   10.35   1.1559     351     1    100.0   15 
16/09/26  22:30   17.6   17.6   17.6    95   16.7    0.0     NE   0.00   3.2    NE   17.6   18.1   18.1  1018.2   0.60    5.0    0.008   0.000   27.5    58   18.5   28.4   10.35   1.1558     351     1    100.0   15 
16/09/26  22:45   17.4   17.6   17.3    95   16.6    1.6     NE   0.40   8.0     E   17.4   17.9   17.9  1017.6   0.80    5.4    0.009   0.000   27.4    58   18.4   28.3   10.35   1.1554     351     1    100.0   15 
16/09/26  23:00   17.2   17.4   17.2    96   16.6    1.6      E   0.40   8.0     E   17.2   17.7   17.7  1017.4   0.20    3.0    0.012   0.000   27.4    58   18.4   28.2   10.35   1.1554     350     1    100.0   15 
16/09/26  23:15   17.2   17.3   17.2    96   16.6    1.6      E   0.40   4.8     E   17.2   17.7   17.7  1016.9   0.00    0.0    0.012   0.000   27.4    58   18.4   28.2   10.35   1.1549     352     1    100.0   15 
16/09/26  23:30   17.1   17.2   17.1    96   16.5    0.0     NO   0.00   3.2   NNE   17.1   17.6   17.6  1016.6   0.00    0.0    0.013   0.000   27.3    58   18.3   28.1   10.35   1.1551     350     1    100.0   15 
16/09/26  23:45   17.2   17.2   17.1    96   16.5    0.0     NO   0.00   3.2    NO   17.2   17.6   17.6  1016.6   0.00    0.0    0.012   0.000   27.2    58   18.2   27.9   10.35   1.1557     351     1    100.0   15 
17/09/26  00:00   17.2   17.2   17.1    96   16.5    1.6     NO   0.40   4.8    NO   17.2   17.6   17.6  1016.4   0.00    0.0    0.012   0.000   27.1    58   18.1   27.8   10.35   1.1561     352     1    100.0   15 
17/09/26   0:15   17.1   17.2   17.1    96   16.5    1.6     NO   0.40   4.8    NO   17.1   17.6   17.6  1016.2   0.00    0.0    0.013   0.000   26.9    58   18.0   27.6   10.35   1.1563     348     1    100.0   15 
17/09/26   0:30   17.2   17.2   17.2    96   16.6    1.6     NO   0.40   4.8    NO   17.2   17.7   17.7  1016.2   0.00    0.0    0.012   0.000   26.8    58   17.9   27.5   10.35   1.1570     352     1    100.0   15 
17/09/26   0:45   17.1   17.2   17.1    96   16.5    0.0     NO   0.00   3.2    NO   17.1   17.6   17.6  1016.1   0.00    0.0    0.013   0.000   26.7    58   17.8   27.3   10.35   1.1575     350     1    100.0   15 
17/09/26   1:00   17.2   17.2   17.1    96   16.5    0.0     NO   0.00   3.2    NO   17.2   17.6   17.6  1016.4   0.00    0.0    0.012   0.000   26.7    58   17.7   27.3   10.35   1.1580     348     1    100.0   15 
17/09/26   1:15   17.3   17.4   17.2    96   16.6    1.6     NO   0.40   6.4    NO   17.3   17.8   17.8  1016.2   0.00    0.0    0.011   0.000   26.6    58   17.6   27.1   10.36   1.1585     350     1    100.0   15 
17/09/26   1:30   17.4   17.5   17.4    96   16.8    3.2     NO   0.80   6.4    NO   17.4   17.9   17.9  1016.3   0.00    0.0    0.009   0.000   26.5    58   17.6   27.1   10.36   1.1588     351     1    100.0   15 
17/09/26   1:45   17.4   17.6   17.3    96   16.8    0.0     NO   0.00   4.8    NO   17.4   17.9   17.9  1016.5   0.00    0.0    0.009   0.000   26.4    58   17.5   27.0   10.37   1.1593     352     1    100.0   15 
17/09/26   2:00   17.3   17.3   17.2    96   16.6    0.0      E   0.00   3.2     E   17.3   17.8   17.8  1016.5   0.00    0.0    0.011   0.000   26.4    58   17.5   26.9   10.37   1.1596     349     1    100.0   15 
17/09/26   2:15   17.3   17.3   17.2    97   16.8    1.6      E   0.40   3.2     E   17.3   17.8   17.8  1016.3   0.00    0.0    0.011   0.000   26.3    58   17.4   26.9   10.37   1.1597     349     1    100.0   15 
17/09/26   2:30   17.3   17.4   17.1    96   16.6    0.0      E   0.00   3.2     E   17.3   17.8   17.8  1016.5   0.00    0.0    0.011   0.000   26.2    58   17.3   26.7   10.38   1.1605     351     1    100.0   15 
17/09/26   2:45   17.2   17.2   17.1    96   16.5    0.0      E   0.00   1.6     E   17.2   17.6   17.6  1016.6   0.00    0.0    0.012   0.000   26.2    58   17.3   26.7   10.39   1.1609     352     1    100.0   15 
17/09/26   3:00   17.2   17.3   17.2    96   16.6    0.0      E   0.00   1.6     E   17.2   17.7   17.7  1016.6   0.00    0.0    0.012   0.000   26.1    58   17.2   26.6   10.39   1.1613     350     1    100.0   15 
17/09/26   3:15   17.3   17.4   17.2    97   16.9    1.6      E   0.40   8.0     E   17.3   17.8   17.8  1016.6   0.00    0.0    0.010   0.000   26.1    58   17.1   26.6   10.39   1.1615     351     1    100.0   15 
17/09/26   3:30   17.4   17.5   17.4    97   17.0    1.6      E   0.40   8.0     E   17.4   17.9   17.9  1016.4   0.00    0.0    0.009   0.000   26.0    58   17.1   26.5   10.40   1.1616     351     1    100.0   15 
17/09/26   3:45   17.5   17.5   17.5    97   17.0    0.0    ESE   0.00   4.8   ESE   17.5   18.1   18.1  1016.6   0.00    0.0    0.009   0.000   25.9    58   17.0   26.4   10.40   1.1620     351     1    100.0   15 
17/09/26   4:00   17.4   17.5   17.4    97   17.0    0.0    ESE   0.00   1.6   ESE   17.4   17.9   17.9  1016.6   0.00    0.0    0.009   0.000   25.9    59   17.3   26.4   10.61   1.1619     351     1    100.0   15 
17/09/26   4:15   17.4   17.4   17.4    97   17.0    0.0    ---   0.00   0.0   ---   17.4   17.9   17.9  1016.5   0.00    0.0    0.009   0.000   25.8    59   17.2   26.3   10.61   1.1625     351     1    100.0   15 
17/09/26   4:30   17.4   17.4   17.4    97   17.0    0.0    ESE   0.00   1.6   ESE   17.4   17.9   17.9  1016.4   0.00    0.0    0.009   0.000   25.8    59   17.2   26.3   10.61   1.1623     351     1    100.0   15 
17/09/26   4:45   17.4   17.5   17.4    97   17.0    0.0    ESE   0.00   1.6   ESE   17.4   17.9   17.9  1016.3   0.00    0.0    0.009   0.000   25.7    59   17.1   26.2   10.62   1.1628     351     1    100.0   15 
17/09/26   5:00   16.7   17.4   15.7    95   15.9    1.6     NO   0.40   8.0   NNO   16.7   17.1   17.1  1016.3   0.00    0.0    0.017   0.000   25.7    59   17.1   26.2   10.62   1.1628     351     1    100.0   15 
17/09/26   5:15   15.3   15.7   15.0    96   14.6    1.6     NO   0.40   4.8    NO   15.3   15.5   15.5  1016.5   0.00    0.0    0.032   0.000   25.6    59   17.0   26.1   10.63   1.1633     350     1    100.0   15 
17/09/26   5:30   14.9   15.0   14.8    96   14.3    0.0      O   0.00   3.2     O   14.9   15.2   15.2  1016.5   0.40    1.8    0.035   0.000   25.5    59   16.9   25.9   10.63   1.1639     349     1    100.0   15 
17/09/26   5:45   14.8   14.9   14.8    96   14.2    1.6     NO   0.40   4.8   ONO   14.8   15.1   15.1  1016.6   0.00    0.0    0.036   0.000   25.4    59   16.8   25.9   10.64   1.1643     351     1    100.0   15 
17/09/26   6:00   14.8   15.0   14.7    96   14.2    3.2     NO   0.80   8.0   ONO   14.8   15.1   15.1  1016.5   0.20    0.0    0.036   0.000   25.4    59   16.8   25.8   10.64   1.1644     350     1    100.0   15 
17/09/26   6:15   14.6   14.7   14.5    96   13.9    3.2     NO   0.80   6.4    NO   14.6   14.7   14.7  1016.6   0.20    0.0    0.039   0.000   25.4    60   17.1   25.9   10.84   1.1643     348     1    100.0   15 
17/09/26   6:30   14.6   14.7   14.5    96   14.0    1.6      O   0.40   8.0    NO   14.6   14.8   14.8  1016.5   0.00    0.0    0.039   0.000   25.3    60   17.0   25.8   10.85   1.1644     351     1    100.0   15 
17/09/26   6:45   14.7   14.9   14.6    96   14.1    3.2     NO   0.80   8.0    NO   14.7   14.9   14.9  1016.2   0.00    0.0    0.038   0.000   25.5    60   17.2   26.0   10.83   1.1632     351     1    100.0   15 
17/09/26   7:00   15.2   15.3   14.9    96   14.5    1.6     NO   0.40   8.0    NO   15.2   15.4   15.4  1016.3   0.00    0.0    0.033   0.000   25.8    60   17.4   26.3   10.81   1.1618     351     1    100.0   15 
17/09/26   7:15   15.4   15.6   15.3    96   14.8    0.0      O   0.00   4.8     O   15.4   15.6   15.6  1016.4   0.00    0.0    0.031   0.000   26.0    59   17.4   26.6   10.60   1.1612     350     1    100.0   15 
17/09/26   7:30   15.7   16.1   15.6    96   15.1    0.0      O   0.00   4.8   NNO   15.7   16.0   16.0  1016.5   0.00    0.0    0.027   0.000   26.2    59   17.6   26.8   10.58   1.1601     350     1    100.0   15 
17/09/26   7:45   16.1   16.4   16.1    96   15.5    0.0      O   0.00   4.8     O   16.1   16.4   16.4  1016.7   0.00    0.0    0.023   0.000   26.6    58   17.6   27.1   10.36   1.1590     350     1    100.0   15 
17/09/26   8:00   16.7   16.8   16.4    95   15.9    0.0      S   0.00   4.8   OSO   16.7   17.1   17.1  1016.8   0.20    0.0    0.017   0.000   26.8    58   17.8   27.4   10.35   1.1580     350     1    100.0   15 
17/09/26   8:15   16.8   17.1   16.7    94   15.9    1.6     NO   0.40   6.4   ONO   16.8   17.2   17.2  1017.0   0.00    0.0    0.016   0.000   26.9    57   17.7   27.6   10.16   1.1578     349     1    100.0   15 
17/09/26   8:30   17.2   17.3   17.1    91   15.7    1.6     NO   0.40   6.4    NO   17.2   17.6   17.6  1017.3   0.00    0.0    0.012   0.000   27.1    57   17.8   27.7   10.16   1.1575     351     1    100.0   15 
