                 Temp.  Temp.  Temp.  Hum.   Punt   Vel.   Dir.   Rec.  Vel.  Dir.  Sens.   Índ.   Índ.                  Int. Graus D.Graus D.  Temp.  Hum. Rosada  In.Cal.  EMC     Dens.    Mostr   Tx   Recep.  Int.
  Data    Hora    Ext.   Màx.   Mín.  Ext. Rosada   Vent   Vent   Vent  Màx.  Màx.  Tèrm.  Calor   THW    Bar    Pluja   Pluja  Calor    Fred    Int.  Int.   Int.   Int.    Int.  Int.Aire    Vent   Vent   ISS   Arc.
-------------------------------------------------------------------------------------------------------------------------------------------------------------------------------------------------------------------------
30/09/26   0:15   20.7   20.7   20.6    91   19.1    0.0    NNO   0.00   1.6   NNO   20.7   21.8   21.8  1018.4   0.00    0.0    0.000   0.024   25.6    65   18.5   26.4   11.79   1.1632     348     1    100.0   15 
30/09/26   0:30   20.5   20.6   20.4    92   19.2    0.0    ---   0.00   0.0   ---   20.5   21.7   21.7  1018.3   0.00    0.0    0.000   0.023   25.6    65   18.5   26.4   11.79   1.1632     351     1    100.0   15 
30/09/26   0:45   20.4   20.4   20.3    92   19.0    0.0    ---   0.00   0.0   ---   20.4   21.5   21.5  1018.4   0.00    0.0    0.000   0.021   25.6    65   18.5   26.3   11.79   1.1635     351     1    100.0   15 
30/09/26   1:00   20.2   20.3   20.0    92   18.8    0.0    ---   0.00   0.0   ---   20.2   21.2   21.2  1018.5   0.00    0.0    0.000   0.019   25.5    65   18.4   26.3   11.79   1.1639     351     1    100.0   15 
30/09/26   1:15   19.9   20.0   19.9    93   18.8    0.0    ---   0.00   0.0   ---   19.9   20.9   20.9  1018.3   0.00    0.0    0.000   0.017   25.4    65   18.4   26.2   11.79   1.1640     350     1    100.0   15 
30/09/26   1:30   19.9   20.0   19.8    93   18.8    0.0     NO   0.00   1.6    NO   19.9   20.9   20.9  1018.3   0.00    0.0    0.000   0.017   25.4    65   18.3   26.2   11.80   1.1643     349     1    100.0   15 
30/09/26   1:45   19.7   19.8   19.7    94   18.7    0.0     NO   0.00   1.6    NO   19.7   20.7   20.7  1018.2   0.00    0.0    0.000   0.014   25.3    65   18.2   26.1   11.80   1.1648     351     1    100.0   15 
30/09/26   2:00   19.6   19.7   19.6    94   18.6    0.0    ---   0.00   0.0   ---   19.6   20.6   20.6  1018.1   0.00    0.0    0.000   0.013   25.3    65   18.2   26.1   11.80   1.1647     351     1    100.0   15 
30/09/26   2:15   19.4   19.6   19.4    94   18.5    0.0    SSE   0.00   1.6   SSE   19.4   20.3   20.3  1018.1   0.00    0.0    0.000   0.012   25.2    65   18.2   25.9   11.80   1.1650     351     1    100.0   15 
30/09/26   2:30   19.4   19.4   19.3    95   18.6    0.0    ---   0.00   0.0   ---   19.4   20.3   20.3  1018.1   0.00    0.0    0.000   0.011   25.2    65   18.1   25.9   11.80   1.1652     351     1    100.0   15 
30/09/26   2:45   19.4   19.4   19.3    95   18.6    0.0    ---   0.00   0.0   ---   19.4   20.3   20.3  1018.1   0.00    0.0    0.000   0.011   25.1    65   18.1   25.8   11.81   1.1655     351     1    100.0   15 
30/09/26   3:00   19.4   19.4   19.4    95   18.6    0.0    ---   0.00   0.0   ---   19.4   20.3   20.3  1018.0   0.00    0.0    0.000   0.012   25.1    65   18.0   25.8   11.81   1.1658     351     1    100.0   15 
30/09/26   3:15   19.5   19.6   19.4    95   18.7    0.0    ONO   0.00   1.6   SSE   19.5   20.4   20.4  1018.1   0.00    0.0    0.000   0.012   25.0    65   18.0   25.7   11.81   1.1661     351     1    100.0   15 
30/09/26   3:30   19.4   19.5   19.4    95   18.6    0.0    ---   0.00   0.0   ---   19.4   20.3   20.3  1018.1   0.00    0.0    0.000   0.012   24.9    64   17.7   25.6   11.61   1.1668     351     1    100.0   15 
30/09/26   3:45   19.3   19.4   19.3    95   18.5    0.0    ONO   0.00   1.6   ONO   19.3   20.2   20.2  1017.9   0.00    0.0    0.000   0.010   24.9    64   17.7   25.6   11.61   1.1665     351     1    100.0   15 
30/09/26   4:00   19.3   19.3   19.3    95   18.5    0.0    ---   0.00   0.0   ---   19.3   20.1   20.1  1018.1   0.00    0.0    0.000   0.010   24.9    64   17.6   25.6   11.61   1.1671     350     1    100.0   15 
30/09/26   4:15   19.3   19.3   19.2    95   18.5    0.0    ---   0.00   0.0   ---   19.3   20.1   20.1  1018.2   0.00    0.0    0.000   0.010   24.8    64   17.6   25.5   11.62   1.1675     351     1    100.0   15 
30/09/26   4:30   19.2   19.2   19.1    96   18.5    0.0    ---   0.00   0.0   ---   19.2   20.0   20.0  1018.2   0.00    0.0    0.000   0.009   24.8    64   17.5   25.4   11.62   1.1678     351     1    100.0   15 
30/09/26   4:45   18.9   19.1   18.9    96   18.3    0.0    ---   0.00   0.0   ---   18.9   19.7   19.7  1018.2   0.00    0.0    0.000   0.006   24.8    64   17.5   25.4   11.62   1.1679     351     1    100.0   15 
30/09/26   5:00   18.9   18.9   18.9    96   18.3    0.0    ---   0.00   0.0   ---   18.9   19.7   19.7  1018.2   0.00    0.0    0.000   0.006   24.7    64   17.5   25.4   11.62   1.1682     351     1    100.0   15 
30/09/26   5:15   18.9   18.9   18.9    96   18.2    0.0    ---   0.00   0.0   ---   18.9   19.7   19.7  1018.2   0.00    0.0    0.000   0.006   24.7    64   17.4   25.3   11.62   1.1684     350     1    100.0   15 
30/09/26   5:30   19.0   19.1   18.9    96   18.3    0.0    ONO   0.00   3.2   ONO   19.0   19.8   19.8  1018.3   0.00    0.0    0.000   0.007   24.6    64   17.3   25.2   11.62   1.1688     351     1    100.0   15 
30/09/26   5:45   18.9   19.1   18.8    96   18.2    0.0     NO   0.00   3.2   ONO   18.9   19.7   19.7  1018.5   0.00    0.0    0.000   0.006   24.6    64   17.3   25.2   11.63   1.1694     351     1    100.0   15 
30/09/26   6:00   18.8   18.8   18.8    96   18.1    0.0    ENE   0.00   3.2   ENE   18.8   19.6   19.6  1018.6   0.00    0.0    0.000   0.005   24.6    64   17.3   25.2   11.63   1.1694     350     1    100.0   15 
30/09/26   6:15   18.8   18.8   18.7    96   18.1    0.0    ENE   0.00   3.2   ENE   18.8   19.6   19.6  1018.7   0.00    0.0    0.000   0.005   24.5    64   17.2   25.1   11.63   1.1699     351     1    100.0   15 
30/09/26   6:30   18.9   19.0   18.8    96   18.3    0.0    ENE   0.00   1.6   ENE   18.9   19.7   19.7  1018.8   0.00    0.0    0.000   0.006   24.6    65   17.5   25.2   11.83   1.1693     352     1    100.0   15 
30/09/26   6:45   19.1   19.1   19.0    96   18.4    0.0    ---   0.00   0.0   ---   19.1   19.9   19.9  1018.8   0.00    0.0    0.000   0.008   24.7    66   17.9   25.5   12.02   1.1682     350     1    100.0   15 
30/09/26   7:00   19.2   19.3   19.1    96   18.5    0.0    NNO   0.00   3.2     N   19.2   20.0   20.0  1018.9   0.00    0.0    0.000   0.009   24.9    65   17.9   25.7   11.81   1.1674     350     1    100.0   15 
30/09/26   7:15   19.2   19.3   19.1    97   18.7    0.0     NO   0.00   1.6    NO   19.2   20.1   20.1  1019.0   0.00    0.0    0.000   0.009   25.1    66   18.3   25.9   12.01   1.1663     351     1    100.0   15 
30/09/26   7:30   19.4   19.6   19.3    97   19.0    0.0    ---   0.00   0.0   ---   19.4   20.4   20.4  1019.1   0.00    0.0    0.000   0.012   25.3    65   18.3   26.1   11.80   1.1656     350     1    100.0   15 
30/09/26   7:45   19.6   19.7   19.5    96   18.9    0.0    ---   0.00   0.0   ---   19.6   20.5   20.5  1019.4   0.00    0.0    0.000   0.013   25.4    65   18.4   26.2   11.79   1.1653     351     1    100.0   15 
30/09/26   8:00   19.6   19.7   19.5    96   18.9    0.0    ---   0.00   0.0   ---   19.6   20.5   20.5  1019.3   0.00    0.0    0.000   0.013   25.5    65   18.4   26.3   11.79   1.1649     350     1    100.0   15 
30/09/26   8:15   19.7   19.8   19.7    96   19.1    0.0    ---   0.00   0.0   ---   19.7   20.7   20.7  1019.6   0.00    0.0    0.000   0.014   25.6    65   18.5   26.4   11.79   1.1646     351     1    100.0   15 
30/09/26   8:30   19.8   19.9   19.8    96   19.2    0.0    ---   0.00   0.0   ---   19.8   20.8   20.8  1019.8   0.00    0.0    0.000   0.016   25.6    65   18.5   26.3   11.79   1.1652     348     1    100.0   15 
30/09/26   8:45   19.9   20.0   19.8    96   19.2    0.0    ---   0.00   0.0   ---   19.9   20.9   20.9  1019.9   0.00    0.0    0.000   0.016   25.5    66   18.7   26.3   11.99   1.1652     351     1    100.0   15 
30/09/26   9:00   20.1   20.1   20.0    96   19.4    0.0    ---   0.00   0.0   ---   20.1   21.2   21.2  1019.8   0.00    0.0    0.000   0.018   25.4    67   18.9   26.3   12.19   1.1651     351     1    100.0   15 
30/09/26   9:15   20.1   20.2   20.1    96   19.5    0.0    ---   0.00   0.0   ---   20.1   21.2   21.2  1019.8   0.00    0.0    0.000   0.019   25.4    68   19.1   26.3   12.44   1.1650     351     1    100.0   15 
30/09/26   9:30   20.0   20.1   19.9    96   19.3    0.0    ---   0.00   0.0   ---   20.0   21.1   21.1  1019.8   0.00    0.0    0.000   0.017   25.2    69   19.1   26.2   12.65   1.1655     351     1    100.0   15 
30/09/26   9:45   20.1   20.2   19.9    96   19.4    0.0    ---   0.00   0.0   ---   20.1   21.2   21.2  1019.7   0.00    0.0    0.000   0.018   25.1    70   19.2   26.1   12.91   1.1659     352     1    100.0   15 
30/09/26  10:00   20.3   20.4   20.2    96   19.7    0.0      E   0.00   1.6     E   20.3   21.6   21.6  1019.7   0.00    0.0    0.000   0.021   25.0    70   19.1   26.1   12.91   1.1663     351     1    100.0   15 
30/09/26  10:15   20.5   20.6   20.4    96   19.8    0.0      E   0.00   1.6     E   20.5   21.8   21.8  1019.7   0.20    0.0    0.000   0.023   25.1    70   19.2   26.1   12.91   1.1659     351     1    100.0   15 
30/09/26  10:30   20.6   20.6   20.5    96   19.9    0.0    ---   0.00   0.0   ---   20.6   21.9   21.9  1019.8   0.20    0.0    0.000   0.023   25.2    71   19.5   26.3   13.16   1.1650     350     1    100.0   15 
30/09/26  10:45   20.6   20.7   20.6    96   19.9    0.0    ---   0.00   0.0   ---   20.6   21.9   21.9  1019.6   0.20    1.2    0.000   0.023   25.3    71   19.6   26.4   13.15   1.1642     351     1    100.0   15 
30/09/26  11:00   20.9   21.1   20.6    96   20.2    0.0    ---   0.00   0.0   ---   20.9   22.3   22.3  1019.5   0.00    0.0    0.000   0.027   25.4    71   19.7   26.6   13.14   1.1634     352     1    100.0   15 
30/09/26  11:15   21.2   21.2   21.1    95   20.3    0.0     NO   0.00   1.6    NO   21.2   22.6   22.6  1019.3   0.00    0.0    0.000   0.030   25.5    71   19.9   26.7   13.13   1.1626     351     1    100.0   15 
30/09/26  11:30   21.2   21.2   21.2    95   20.4    0.0    SSE   0.00   1.6   SSE   21.2   22.6   22.6  1019.5   0.00    0.0    0.000   0.030   25.6    71   20.0   26.8   13.13   1.1623     350     1    100.0   15 
30/09/26  11:45   21.2   21.2   21.1    95   20.3    0.0      S   0.00   1.6     S   21.2   22.6   22.6  1019.3   0.00    0.0    0.000   0.030   25.7    71   20.1   26.9   13.12   1.1614     350     1    100.0   15 
30/09/26  12:00   21.3   21.4   21.2    96   20.6    0.0    ---   0.00   0.0   ---   21.3   22.8   22.8  1019.2   0.00    0.0    0.000   0.031   25.8    71   20.2   27.1   13.11   1.1606     352     1    100.0   15 
30/09/26  12:15   21.8   22.2   21.4    96   21.2    0.0    ---   0.00   0.0   ---   21.8   23.4   23.4  1019.0   0.00    0.0    0.000   0.036   25.9    71   20.2   27.2   13.11   1.1602     351     1    100.0   15 
30/09/26  12:30   22.1   22.2   22.0    95   21.3    0.0      S   0.00   1.6     S   22.1   23.7   23.7  1018.9   0.00    0.0    0.000   0.039   25.9    70   20.0   27.2   12.88   1.1601     351     1    100.0   15 
30/09/26  12:45   22.3   22.4   22.0    94   21.3    0.0    ESE   0.00   1.6     S   22.3   23.8   23.8  1018.4   0.00    0.0    0.000   0.041   26.0    71   20.3   27.3   13.10   1.1588     351     1    100.0   15 
30/09/26  13:00   22.6   22.8   22.4    94   21.6    0.0    ---   0.00   0.0   ---   22.6   24.1   24.1  1018.7   0.00    0.0    0.000   0.045   26.1    71   20.4   27.4   13.09   1.1585     352     1    100.0   15 
30/09/26  13:15   22.9   23.1   22.8    92   21.5    0.0    ---   0.00   0.0   ---   22.9   24.3   24.3  1018.2   0.00    0.0    0.000   0.047   26.2    70   20.3   27.6   12.87   1.1578     351     1    100.0   15 
30/09/26  13:30   23.2   23.6   23.0    87   20.9    0.0    ONO   0.00   3.2   ONO   23.2   24.5   24.5  1018.3   0.00    0.0    0.000   0.051   26.4    70   20.5   27.8   12.86   1.1569     351     1    100.0   15 
30/09/26  13:45   24.1   24.4   23.6    84   21.2    0.0    ONO   0.00   1.6   ONO   24.1   25.7   25.7  1018.4   0.00    0.0    0.000   0.060   26.4    69   20.3   27.8   12.57   1.1571     351     1    100.0   15 
30/09/26  14:00   24.6   24.7   24.4    83   21.5    0.0    OSO   0.00   4.8    SO   24.6   26.4   26.4  1018.1   0.00    0.0    0.000   0.065   26.5    69   20.3   27.8   12.56   1.1565     351     1    100.0   15 
30/09/26  14:15   24.6   24.7   24.4    83   21.5    0.0    OSO   0.00   6.4   OSO   24.6   26.4   26.4  1018.1   0.00    0.0    0.000   0.065   26.6    69   20.4   27.9   12.56   1.1562     352     1    100.0   15 
30/09/26  14:30   24.4   24.4   24.3    83   21.3    0.0     SE   0.00   3.2    SO   24.4   26.1   26.1  1018.1   0.00    0.0    0.000   0.063   26.6    69   20.5   28.0   12.55   1.1558     350     1    100.0   15 
30/09/26  14:45   24.3   24.3   24.2    83   21.2    0.0    SSO   0.00   4.8   SSO   24.3   25.9   25.9  1018.0   0.00    0.0    0.000   0.062   26.6    70   20.7   28.1   12.85   1.1554     350     1    100.0   15 
30/09/26  15:00   24.3   24.3   24.2    83   21.2    0.0    ---   0.00   0.0   ---   24.3   25.9   25.9  1018.0   0.00    0.0    0.000   0.062   26.6    70   20.6   28.0   12.85   1.1556     351     1    100.0   15 
30/09/26  15:15   24.3   24.3   24.3    83   21.3    0.0    OSO   0.00   1.6   OSO   24.3   26.0   26.0  1017.9   0.00    0.0    0.000   0.063   26.5    70   20.6   27.9   12.86   1.1559     351     1    100.0   15 
30/09/26  15:30   24.3   24.5   24.3    83   21.3    0.0      S   0.00   1.6     S   24.3   26.0   26.0  1017.8   0.00    0.0    0.000   0.063   26.4    70   20.5   27.8   12.86   1.1560     351     1    100.0   15 
30/09/26  15:45   24.6   24.6   24.5    83   21.5    0.0     SE   0.00   1.6    SE   24.6   26.3   26.3  1017.8   0.00    0.0    0.000   0.065   26.4    70   20.5   27.8   12.86   1.1564     349     1    100.0   15 
30/09/26  16:00   24.3   24.6   24.0    83   21.3    0.0    ESE   0.00   1.6   ESE   24.3   26.0   26.0  1018.0   0.00    0.0    0.000   0.063   26.4    70   20.5   27.8   12.86   1.1566     350     1    100.0   15 
30/09/26  16:15   23.8   24.0   23.8    86   21.3    0.0    SSE   0.00   1.6   SSE   23.8   25.5   25.5  1018.1   0.00    0.0    0.000   0.057   26.3    71   20.7   27.8   13.07   1.1566     351     1    100.0   15 
30/09/26  16:30   23.8   23.8   23.8    85   21.2    0.0    ---   0.00   0.0   ---   23.8   25.4   25.4  1018.1   0.00    0.0    0.000   0.057   26.3    72   20.8   27.8   13.29   1.1566     352     1    100.0   15 
30/09/26  16:45   23.8   23.8   23.8    85   21.2    0.0     SE   0.00   1.6    SE   23.8   25.4   25.4  1018.0   0.00    0.0    0.000   0.057   26.2    72   20.7   27.6   13.30   1.1571     351     1    100.0   15 
30/09/26  17:00   23.8   23.8   23.8    86   21.3    0.0    ---   0.00   0.0   ---   23.8   25.5   25.5  1018.0   0.00    0.0    0.000   0.057   26.1    72   20.7   27.6   13.31   1.1574     351     1    100.0   15 
30/09/26  17:15   23.8   23.8   23.7    86   21.3    0.0    ---   0.00   0.0   ---   23.8   25.4   25.4  1018.1   0.00    0.0    0.000   0.057   26.1    72   20.7   27.6   13.31   1.1574     350     1    100.0   15 
30/09/26  17:30   23.7   23.7   23.6    86   21.2    0.0    ---   0.00   0.0   ---   23.7   25.2   25.2  1018.3   0.00    0.0    0.000   0.056   26.1    72   20.7   27.6   13.31   1.1577     351     1    100.0   15 
30/09/26  17:45   23.6   23.6   23.5    87   21.3    0.0    ---   0.00   0.0   ---   23.6   25.0   25.0  1018.6   0.00    0.0    0.000   0.054   26.1    72   20.7   27.6   13.31   1.1580     351     1    100.0   15 
30/09/26  18:00   23.3   23.5   23.2    87   21.0    0.0    ---   0.00   0.0   ---   23.3   24.6   24.6  1018.7   0.00    0.0    0.000   0.052   26.2    73   20.9   27.7   13.67   1.1575     351     1    100.0   15 
30/09/26  18:15   23.2   23.2   23.1    88   21.1    0.0    ---   0.00   0.0   ---   23.2   24.4   24.4  1018.9   0.00    0.0    0.000   0.050   26.2    72   20.7   27.6   13.30   1.1581     351     1    100.0   15 
30/09/26  18:30   23.0   23.1   22.9    89   21.1    0.0    OSO   0.00   1.6   OSO   23.0   24.3   24.3  1018.9   0.00    0.0    0.000   0.049   26.2    73   21.0   27.8   13.67   1.1574     352     1    100.0   15 
30/09/26  18:45   22.8   22.9   22.8    90   21.1    0.0    OSO   0.00   1.6   OSO   22.8   24.2   24.2  1019.1   0.00    0.0    0.000   0.047   26.3    73   21.1   27.9   13.66   1.1573     350     1    100.0   15 
30/09/26  19:00   22.7   22.8   22.7    91   21.2    0.0      O   0.00   1.6   OSO   22.7   24.1   24.1  1019.1   0.00    0.0    0.000   0.046   26.3    73   21.1   27.9   13.66   1.1573     351     1    100.0   15 
30/09/26  19:15   22.6   22.7   22.6    92   21.2    0.0    OSO   0.00   1.6   OSO   22.6   24.1   24.1  1018.9   0.00    0.0    0.000   0.045   26.3    74   21.3   28.1   13.96   1.1564     349     1    100.0   15 
30/09/26  19:30   22.5   22.6   22.4    93   21.3    0.0    OSO   0.00   1.6   OSO   22.5   23.9   23.9  1018.5   0.00    0.0    0.000   0.043   26.3    74   21.3   28.1   13.96   1.1559     351     1    100.0   15 
30/09/26  19:45   22.4   22.5   22.4    93   21.3    0.0      E   0.00   3.2     E   22.4   23.9   23.9  1018.4   0.00    0.0    0.000   0.043   26.3    74   21.3   28.1   13.96   1.1557     352     1    100.0   15 
30/09/26  20:00   22.3   22.4   22.3    94   21.3    0.0    ENE   0.00   4.8   ENE   22.3   23.8   23.8  1018.4   0.00    0.0    0.000   0.042   26.3    73   21.1   27.9   13.66   1.1562     351     1    100.0   15 
30/09/26  20:15   22.2   22.3   22.2    94   21.2    0.0    ---   0.00   0.0   ---   22.2   23.7   23.7  1018.6   0.00    0.0    0.000   0.041   26.2    73   21.0   27.8   13.67   1.1571     349     1    100.0   15 
30/09/26  20:30   22.1   22.2   22.1    94   21.1    0.0    ---   0.00   0.0   ---   22.1   23.6   23.6  1018.7   0.00    0.0    0.000   0.039   26.2    73   20.9   27.7   13.67   1.1574     351     1    100.0   15 
30/09/26  20:45   22.1   22.1   22.0    94   21.0    0.0    NNE   0.00   1.6   ENE   22.1   23.6   23.6  1018.8   0.00    0.0    0.000   0.039   26.1    72   20.6   27.4   13.32   1.1586     351     1    100.0   15 
30/09/26  21:00   21.9   22.0   21.9    94   20.9    0.0    NNE   0.00   1.6   NNE   21.9   23.4   23.4  1019.0   0.00    0.0    0.000   0.038   26.0    72   20.6   27.4   13.32   1.1591     351     1    100.0   15 
30/09/26  21:15   21.8   21.9   21.8    95   21.0    0.0    NNE   0.00   1.6   NNE   21.8   23.3   23.3  1019.0   0.00    0.0    0.000   0.036   25.9    72   20.5   27.3   13.33   1.1594     350     1    100.0   15 
30/09/26  21:30   21.8   21.8   21.8    95   20.9    0.0    NNE   0.00   1.6   NNE   21.8   23.3   23.3  1018.9   0.00    0.0    0.000   0.036   25.9    72   20.5   27.2   13.33   1.1596     350     1    100.0   15 
30/09/26  21:45   21.8   21.8   21.7    95   20.9    0.0    NNE   0.00   1.6   NNE   21.8   23.3   23.3  1018.9   0.00    0.0    0.000   0.036   25.9    72   20.5   27.2   13.33   1.1597     352     1    100.0   15 
30/09/26  22:00   21.8   21.8   21.7    95   20.9    0.0    ---   0.00   0.0   ---   21.8   23.3   23.3  1018.9   0.00    0.0    0.000   0.036   25.8    72   20.3   27.1   13.35   1.1602     349     1    100.0   15 
30/09/26  22:15   21.7   21.7   21.7    95   20.9    0.0    ---   0.00   0.0   ---   21.7   23.2   23.2  1018.9   0.00    0.0    0.000   0.035   25.7    72   20.3   27.0   13.35   1.1605     350     1    100.0   15 
30/09/26  22:30   21.6   21.7   21.6    95   20.8    0.0    ---   0.00   0.0   ---   21.6   23.1   23.1  1019.0   0.00    0.0    0.000   0.034   25.7    72   20.2   26.9   13.36   1.1609     351     1    100.0   15 
30/09/26  22:45   21.4   21.6   21.4    95   20.6    0.0    ---   0.00   0.0   ---   21.4   22.9   22.9  1019.0   0.00    0.0    0.000   0.032   25.6    72   20.2   26.9   13.36   1.1613     351     1    100.0   15 
30/09/26  23:00   21.4   21.4   21.3    95   20.6    0.0    ---   0.00   0.0   ---   21.4   22.8   22.8  1019.1   0.00    0.0    0.000   0.032   25.6    72   20.2   26.9   13.36   1.1614     351     1    100.0   15 
30/09/26  23:15   21.4   21.4   21.4    95   20.6    0.0    ---   0.00   0.0   ---   21.4   22.9   22.9  1019.1   0.00    0.0    0.000   0.032   25.6    72   20.1   26.8   13.37   1.1617     351     1    100.0   15 
30/09/26  23:30   21.4   21.4   21.2    95   20.6    0.0    NNE   0.00   3.2   NNE   21.4   22.8   22.8  1019.1   0.00    0.0    0.000   0.032   25.5    72   20.1   26.7   13.38   1.1620     350     1    100.0   15 
30/09/26  23:45   20.8   21.3   20.5    95   20.0    1.6    ONO   0.40   4.8   ONO   20.8   22.2   22.2  1019.0   0.00    0.0    0.000   0.026   25.5    72   20.1   26.7   13.38   1.1619     351     1    100.0   15 
 1/10/26  00:00   20.6   20.7   20.5    96   19.9    0.0    ONO   0.00   3.2   ONO   20.6   21.9   21.9  1018.9   0.00    0.0    0.000   0.023   25.4    72   20.0   26.7   13.38   1.1621     352     1    100.0   15 
 1/10/26   0:15   20.7   20.7   20.7    96   20.0    0.0    ---   0.00   0.0   ---   20.7   22.1   22.1  1018.9   0.00    0.0    0.000   0.024   25.4    72   20.0   26.6   13.39   1.1623     348     1    100.0   15 
 1/10/26   0:30   20.7   20.7   20.7    96   20.1    0.0    ---   0.00   0.0   ---   20.7   22.1   22.1  1018.8   0.00    0.0    0.000   0.025   25.3    72   19.9   26.6   13.39   1.1625     351     1    100.0   15 
 1/10/26   0:45   20.7   20.7   20.6    96   20.0    0.0    ---   0.00   0.0   ---   20.7   22.1   22.1  1018.7   0.00    0.0    0.000   0.024   25.3    71   19.6   26.4   13.15   1.1631     351     1    100.0   15 
 1/10/26   1:00   20.6   20.7   20.6    96   20.0    0.0    ONO   0.00   3.2   ONO   20.6   21.9   21.9  1018.5   0.00    0.0    0.000   0.024   25.3    71   19.6   26.4   13.15   1.1629     349     1    100.0   15 
 1/10/26   1:15   20.7   20.7   20.5    95   19.8    0.0    ENE   0.00   3.2   ENE   20.7   21.9   21.9  1018.4   0.00    0.0    0.000   0.024   25.2    71   19.6   26.4   13.15   1.1630     351     1    100.0   15 
 1/10/26   1:30   20.3   20.6   20.2    95   19.5    0.0    ENE   0.00   1.6   ENE   20.3   21.5   21.5  1018.2   0.00    0.0    0.000   0.021   25.2    71   19.5   26.3   13.16   1.1632     352     1    100.0   15 
 1/10/26   1:45   20.1   20.2   19.9    95   19.2    0.0    NNE   0.00   1.6   NNE   20.1   21.1   21.1  1018.3   0.00    0.0    0.000   0.018   25.2    71   19.5   26.3   13.16   1.1633     351     1    100.0   15 
 1/10/26   2:00   19.8   19.9   19.8    96   19.2    0.0    ---   0.00   0.0   ---   19.8   20.8   20.8  1018.3   0.00    0.0    0.000   0.016   25.1    71   19.4   26.2   13.17   1.1639     351     1    100.0   15 
 1/10/26   2:15   19.7   19.8   19.6    95   18.9    0.0    NNE   0.00   1.6   NNE   19.7   20.7   20.7  1018.5   0.00    0.0    0.000   0.014   25.1    71   19.4   26.2   13.17   1.1642     351     1    100.0   15 
 1/10/26   2:30   19.7   19.7   19.6    96   19.0    0.0    NNE   0.00   1.6   NNE   19.7   20.7   20.7  1018.4   0.20    0.0    0.000   0.014   25.0    71   19.4   26.1   13.17   1.1643     352     1    100.0   15 
 1/10/26   2:45   19.8   19.8   19.7    96   19.1    0.0      O   0.00   1.6   NNE   19.8   20.8   20.8  1018.5   0.00    0.0    0.000   0.015   24.9    71   19.3   26.1   13.17   1.1647     351     1    100.0   15 
 1/10/26   3:00   19.8   19.9   19.8    96   19.2    0.0      O   0.00   1.6     O   19.8   20.8   20.8  1018.3   0.00    0.0    0.000   0.016   24.9    71   19.3   26.1   13.17   1.1644     351     1    100.0   15 
 1/10/26   3:15   19.9   19.9   19.8    96   19.2    0.0      O   0.00   3.2     O   19.9   20.9   20.9  1018.1   0.00    0.0    0.000   0.016   24.9    71   19.3   26.0   13.18   1.1645     351     1    100.0   15 
 1/10/26   3:30   19.7   19.9   19.5    96   19.1    0.0      O   0.00   3.2     O   19.7   20.7   20.7  1017.9   0.00    0.0    0.000   0.014   24.8    71   19.2   25.9   13.18   1.1646     351     1    100.0   15 
 1/10/26   3:45   19.3   19.5   19.2    96   18.6    0.0      O   0.00   3.2     O   19.3   20.2   20.2  1018.1   0.00    0.0    0.000   0.010   24.8    71   19.2   25.9   13.18   1.1649     351     1    100.0   15 
 1/10/26   4:00   19.2   19.3   19.2    96   18.6    0.0    ---   0.00   0.0   ---   19.2   20.1   20.1  1018.3   0.00    0.0    0.000   0.009   24.8    71   19.2   25.9   13.19   1.1654     351     1    100.0   15 
 1/10/26   4:15   19.3   19.4   19.3    96   18.7    0.0    ---   0.00   0.0   ---   19.3   20.2   20.2  1018.4   0.00    0.0    0.000   0.010   24.8    71   19.2   25.9   13.19   1.1655     351     1    100.0   15 
 1/10/26   4:30   19.3   19.3   19.2    96   18.6    0.0      O   0.00   1.6     O   19.3   20.2   20.2  1018.5   0.00    0.0    0.000   0.010   24.7    70   18.9   25.8   12.92   1.1663     350     1    100.0   15 
 1/10/26   4:45   19.2   19.2   19.1    96   18.5    0.0      O   0.00   1.6     O   19.2   20.0   20.0  1018.5   0.00    0.0    0.000   0.009   24.7    70   18.8   25.7   12.92   1.1666     352     1    100.0   15 
 1/10/26   5:00   19.2   19.2   19.1    96   18.5    0.0    ---   0.00   0.0   ---   19.2   20.0   20.0  1018.6   0.00    0.0    0.000   0.009   24.7    70   18.8   25.7   12.92   1.1667     350     1    100.0   15 
 1/10/26   5:15   19.1   19.1   19.0    96   18.4    0.0      O   0.00   1.6     O   19.1   19.9   19.9  1018.7   0.00    0.0    0.000   0.008   24.6    70   18.8   25.6   12.92   1.1672     350     1    100.0   15 
 1/10/26   5:30   18.9   19.0   18.9    96   18.3    0.0    ---   0.00   0.0   ---   18.9   19.7   19.7  1019.0   0.00    0.0    0.000   0.006   24.6    70   18.7   25.6   12.93   1.1678     351     1    100.0   15 
 1/10/26   5:45   18.9   19.1   18.9    96   18.3    1.6    ENE   0.40   8.0     E   18.9   19.7   19.7  1019.1   0.00    0.0    0.000   0.006   24.5    70   18.7   25.5   12.93   1.1682     352     1    100.0   15 
 1/10/26   6:00   19.1   19.1   18.9    96   18.4    0.0      E   0.00   3.2     E   19.1   19.9   19.9  1019.4   0.00    0.0    0.000   0.008   24.5    70   18.7   25.5   12.93   1.1685     351     1    100.0   15 
 1/10/26   6:15   18.9   19.0   18.8    97   18.4    0.0      E   0.00   1.6     E   18.9   19.7   19.7  1019.6   0.00    0.0    0.000   0.006   24.5    71   18.9   25.6   13.21   1.1684     351     1    100.0   15 
 1/10/26   6:30   18.9   18.9   18.8    97   18.4    0.0    ---   0.00   0.0   ---   18.9   19.7   19.7  1019.8   0.00    0.0    0.000   0.006   24.6    71   18.9   25.6   13.20   1.1684     350     1    100.0   15 
 1/10/26   6:45   18.9   19.0   18.9    97   18.5    0.0    ---   0.00   0.0   ---   18.9   19.8   19.8  1020.1   0.00    0.0    0.000   0.006   24.8    71   19.2   25.9   13.19   1.1675     351     1    100.0   15 
 1/10/26   7:00   19.0   19.0   18.9    97   18.5    0.0      E   0.00   1.6     E   19.0   19.8   19.8  1020.2   0.00    0.0    0.000   0.007   24.9    70   19.1   26.0   12.91   1.1671     350     1    100.0   15 
 1/10/26   7:15   19.0   19.1   19.0    97   18.5    0.0      E   0.00   1.6     E   19.0   19.8   19.8  1020.5   0.00    0.0    0.000   0.007   25.1    70   19.2   26.1   12.91   1.1668     351     1    100.0   15 
 1/10/26   7:30   18.9   19.1   18.9    97   18.5    0.0    ---   0.00   0.0   ---   18.9   19.8   19.8  1020.7   0.00    0.0    0.000   0.006   25.2    70   19.3   26.2   12.90   1.1665     350     1    100.0   15 
 1/10/26   7:45   19.1   19.2   18.9    97   18.6    0.0      E   0.00   8.0     E   19.1   19.9   19.9  1020.8   0.00    0.0    0.000   0.008   25.3    69   19.2   26.3   12.65   1.1660     351     1    100.0   15 
 1/10/26   8:00   19.3   19.5   19.2    97   18.8    0.0     NO   0.00   1.6   ENE   19.3   20.2   20.2  1020.8   0.00    0.0    0.000   0.010   25.7    68   19.4   26.8   12.42   1.1643     351     1    100.0   15 
 1/10/26   8:15   19.7   20.1   19.4    96   19.1    0.0      E   0.00   4.8     E   19.7   20.7   20.7  1021.1   0.00    0.0    0.000   0.014   26.1    67   19.5   27.2   12.17   1.1629     351     1    100.0   15 
 1/10/26   8:30   20.3   20.6   20.1    94   19.3    0.0      E   0.00   9.7     E   20.3   21.5   21.5  1021.2   0.00    0.0    0.000   0.021   26.3    67   19.7   27.4   12.16   1.1621     351     1    100.0   15 
 1/10/26   8:45   21.1   21.4   20.6    90   19.4    0.0      E   0.00  11.3   ENE   21.1   22.2   22.2  1021.4   0.00    0.0    0.000   0.028   26.4    67   19.8   27.6   12.16   1.1617     349     1    100.0   15 
 1/10/26   9:00   21.6   21.7   21.4    86   19.1    0.0      E   0.00   4.8     E   21.6   22.6   22.6  1021.6   0.00    0.0    0.000   0.034   26.4    66   19.5   27.5   11.96   1.1624     352     1    100.0   15 
 1/10/26   9:15   21.6   21.7   21.6    86   19.2    0.0    ENE   0.00   9.7     E   21.6   22.7   22.7  1021.5   0.00    0.0    0.000   0.034   26.4    66   19.5   27.5   11.96   1.1623     351     1    100.0   15 
 1/10/26   9:30   21.7   21.7   21.6    85   19.0    0.0      E   0.00   9.7     E   21.7   22.7   22.7  1021.6   0.00    0.0    0.000   0.035   26.2    67   19.6   27.3   12.17   1.1629     350     1    100.0   15 
 1/10/26   9:45   21.8   21.9   21.7    84   19.0    0.0    ENE   0.00   3.2     E   21.8   22.8   22.8  1021.7   0.00    0.0    0.000   0.036   26.3    66   19.4   27.3   11.96   1.1631     350     1    100.0   15 
 1/10/26  10:00   21.9   22.0   21.9    84   19.1    0.0      E   0.00   1.6     E   21.9   22.9   22.9  1021.9   0.00    0.0    0.000   0.038   26.3    66   19.5   27.4   11.96   1.1631     351     1    100.0   15 
