                 Temp.  Temp.  Temp.  Hum.   Punt   Vel.   Dir.   Rec.  Vel.  Dir.  Sens.   Índ.   Índ.                  Int. Graus D.Graus D.  Temp.  Hum. Rosada  In.Cal.  EMC     Dens.    Mostr   Tx   Recep.  Int.
  Data    Hora    Ext.   Màx.   Mín.  Ext. Rosada   Vent   Vent   Vent  Màx.  Màx.  Tèrm.  Calor   THW    Bar    Pluja   Pluja  Calor    Fred    Int.  Int.   Int.   Int.    Int.  Int.Aire    Vent   Vent   ISS   Arc.
-------------------------------------------------------------------------------------------------------------------------------------------------------------------------------------------------------------------------
25/09/26   0:15   19.4   19.6   19.2    87   17.2    0.0     NO   0.00   1.6    NO   19.4   20.2   20.2  1018.1   0.00    0.0    0.000   0.011   26.9    58   17.9   27.6   10.35   1.1589     349     1    100.0   15 
25/09/26   0:30   19.4   19.6   19.2    85   16.8    0.0     NO   0.00   3.2    NO   19.4   20.1   20.1  1018.0   0.00    0.0    0.000   0.011   26.8    57   17.5   27.3   10.15   1.1597     351     1    100.0   15 
25/09/26   0:45   19.7   19.8   19.6    84   16.9    1.6     NO   0.40   4.8    NO   19.7   20.4   20.4  1018.0   0.00    0.0    0.000   0.014   26.7    57   17.5   27.3   10.15   1.1600     351     1    100.0   15 
25/09/26   1:00   19.7   19.7   19.7    81   16.3    1.6     NO   0.40   3.2    NO   19.7   20.3   20.3  1017.8   0.00    0.0    0.000   0.014   26.7    57   17.4   27.2   10.15   1.1601     351     1    100.0   15 
25/09/26   1:15   19.6   19.7   19.4    81   16.2    1.6     NO   0.40   3.2    NO   19.6   20.2   20.2  1017.7   0.00    0.0    0.000   0.013   26.6    57   17.4   27.1   10.15   1.1603     351     1    100.0   15 
25/09/26   1:30   19.5   19.6   19.4    77   15.4    1.6     NO   0.40   3.2    NO   19.5   20.0   20.0  1017.6   0.00    0.0    0.000   0.012   26.6    57   17.3   27.1   10.16   1.1605     351     1    100.0   15 
25/09/26   1:45   19.4   19.6   19.4    80   15.9    1.6     NO   0.40   8.0     E   19.4   20.1   20.1  1017.5   0.00    0.0    0.000   0.012   26.5    57   17.3   27.0   10.16   1.1606     351     1    100.0   15 
25/09/26   2:00   19.8   20.0   19.6    78   15.9    3.2    ENE   0.80   6.4   ENE   19.8   20.4   20.4  1017.4   0.00    0.0    0.000   0.016   26.4    57   17.2   26.9   10.17   1.1608     352     1    100.0   15 
25/09/26   2:15   19.8   20.0   19.7    78   15.9    0.0     NE   0.00   3.2    NE   19.8   20.4   20.4  1017.2   0.00    0.0    0.000   0.016   26.4    57   17.2   26.9   10.17   1.1609     351     1    100.0   15 
25/09/26   2:30   19.3   19.7   19.1    80   15.7    0.0     NE   0.00   3.2    NE   19.3   19.8   19.8  1017.3   0.00    0.0    0.000   0.010   26.4    57   17.2   26.9   10.17   1.1610     350     1    100.0   15 
25/09/26   2:45   19.1   19.1   19.1    81   15.8    0.0     NE   0.00   3.2    NE   19.1   19.7   19.7  1017.2   0.00    0.0    0.000   0.008   26.3    57   17.1   26.8   10.17   1.1612     350     1    100.0   15 
25/09/26   3:00   19.1   19.2   19.1    80   15.6    1.6     NE   0.40   6.4    NE   19.1   19.7   19.7  1017.1   0.00    0.0    0.000   0.008   26.3    57   17.1   26.7   10.18   1.1613     352     1    100.0   15 
25/09/26   3:15   19.2   19.2   19.1    79   15.4    0.0     NE   0.00   4.8    NE   19.2   19.7   19.7  1017.0   0.00    0.0    0.000   0.009   26.2    57   17.0   26.7   10.18   1.1615     351     1    100.0   15 
25/09/26   3:30   19.3   19.4   19.1    78   15.3    1.6     NE   0.40   6.4    NE   19.3   19.8   19.8  1017.0   0.00    0.0    0.000   0.010   26.2    58   17.3   26.7   10.39   1.1614     351     1    100.0   15 
25/09/26   3:45   19.2   19.4   19.1    77   15.1    0.0     NE   0.00   3.2    NE   19.2   19.7   19.7  1017.0   0.00    0.0    0.000   0.009   26.1    57   16.9   26.6   10.19   1.1620     350     1    100.0   15 
25/09/26   4:00   19.1   19.1   19.0    77   14.9    1.6     NE   0.40   4.8    NE   19.1   19.4   19.4  1016.9   0.00    0.0    0.000   0.008   26.1    57   16.9   26.6   10.19   1.1620     351     1    100.0   15 
25/09/26   4:15   18.8   19.0   18.7    78   14.9    1.6     NE   0.40   4.8   NNO   18.8   19.2   19.2  1016.9   0.00    0.0    0.000   0.005   26.1    57   16.9   26.5   10.19   1.1622     350     1    100.0   15 
25/09/26   4:30   18.6   18.7   18.4    79   14.8    3.2    NNO   0.80   6.4   NNO   18.6   18.9   18.9  1016.8   0.00    0.0    0.000   0.002   26.0    57   16.8   26.4   10.20   1.1624     351     1    100.0   15 
25/09/26   4:45   18.6   18.6   18.6    78   14.6    4.8     NO   1.21   8.0    NO   18.6   18.9   18.9  1016.7   0.00    0.0    0.000   0.002   25.9    57   16.8   26.4   10.20   1.1626     351     1    100.0   15 
25/09/26   5:00   18.7   18.9   18.6    78   14.8    3.2     NO   0.80   6.4    NO   18.7   19.1   19.1  1016.7   0.00    0.0    0.000   0.004   25.9    57   16.7   26.3   10.21   1.1629     351     1    100.0   15 
25/09/26   5:15   18.9   19.0   18.8    77   14.8    3.2     NO   0.80   6.4    NO   18.9   19.3   19.3  1016.7   0.00    0.0    0.000   0.006   25.8    57   16.7   26.2   10.21   1.1632     352     1    100.0   15 
25/09/26   5:30   18.7   18.8   18.6    77   14.6    3.2     NO   0.80   4.8    NO   18.7   19.1   19.1  1016.8   0.00    0.0    0.000   0.004   25.8    57   16.7   26.2   10.21   1.1633     351     1    100.0   15 
25/09/26   5:45   18.6   18.6   18.4    77   14.4    1.6     NO   0.40   4.8    NO   18.6   18.8   18.8  1016.9   0.00    0.0    0.000   0.002   25.8    57   16.6   26.2   10.21   1.1637     351     1    100.0   15 
25/09/26   6:00   18.3   18.4   18.3    77   14.2    0.0     NO   0.00   3.2    NO   18.3   18.6   18.6  1017.0   0.00    0.0    0.000   0.000   25.7    57   16.6   26.1   10.22   1.1641     349     1    100.0   15 
25/09/26   6:15   18.2   18.3   18.2    75   13.7    0.0     NO   0.00   3.2    NO   18.2   18.4   18.4  1017.0   0.00    0.0    0.001   0.000   25.7    57   16.6   26.1   10.22   1.1641     352     1    100.0   15 
25/09/26   6:30   18.3   18.6   18.2    77   14.2    0.0     NO   0.00   3.2    NO   18.3   18.5   18.5  1017.2   0.00    0.0    0.001   0.000   25.8    57   16.7   26.2   10.21   1.1638     350     1    100.0   15 
25/09/26   6:45   18.8   18.9   18.6    77   14.7    0.0     NO   0.00   1.6    NO   18.8   19.2   19.2  1017.2   0.00    0.0    0.000   0.005   26.0    57   16.8   26.4   10.20   1.1629     351     1    100.0   15 
25/09/26   7:00   18.8   18.9   18.7    79   15.1    0.0     NO   0.00   3.2    NO   18.8   19.3   19.3  1017.3   0.00    0.0    0.000   0.005   26.1    56   16.6   26.5   10.09   1.1629     351     1    100.0   15 
25/09/26   7:15   18.7   18.9   18.7    79   15.0    0.0     NO   0.00   3.2    NO   18.7   19.2   19.2  1017.3   0.00    0.0    0.000   0.004   26.2    56   16.7   26.6   10.08   1.1623     350     1    100.0   15 
25/09/26   7:30   19.2   19.5   18.9    77   15.0    1.6     NO   0.40   3.2    NO   19.2   19.6   19.6  1017.5   0.00    0.0    0.000   0.009   26.3    55   16.6   26.7    9.87   1.1623     350     1    100.0   15 
25/09/26   7:45   19.9   20.4   19.5    73   15.0    1.6     NO   0.40   4.8    NO   19.9   20.4   20.4  1017.6   0.00    0.0    0.000   0.017   26.4    55   16.7   26.8    9.87   1.1619     350     1    100.0   15 
25/09/26   8:00   20.9   21.5   20.4    69   15.0    1.6     NO   0.40   4.8    NO   20.9   21.0   21.0  1017.6   0.00    0.0    0.000   0.027   26.6    54   16.5   26.9    9.75   1.1617     351     1    100.0   15 
25/09/26   8:15   21.8   22.0   21.6    68   15.6    1.6     NO   0.40   4.8    NO   21.8   21.9   21.9  1017.7   0.00    0.0    0.000   0.036   26.7    54   16.6   27.0    9.75   1.1612     351     1    100.0   15 
25/09/26   8:30   22.4   22.9   22.0    63   15.0    1.6     NO   0.40   3.2    NO   22.4   22.6   22.6  1017.9   0.00    0.0    0.000   0.042   26.7    54   16.6   27.1    9.75   1.1611     352     1    100.0   15 
25/09/26   8:45   23.7   24.1   23.0    59   15.2    1.6     NO   0.40   6.4   NNO   23.7   24.2   24.2  1017.9   0.00    0.0    0.000   0.056   26.8    52   16.1   27.0    9.45   1.1616     351     1    100.0   15 
25/09/26   9:00   24.6   25.2   24.1    54   14.7    1.6    NNO   0.40   4.8    NO   24.6   24.7   24.7  1017.8   0.00    0.0    0.000   0.065   26.8    51   15.8   27.0    9.34   1.1617     351     1    100.0   15 
25/09/26   9:15   25.2   25.2   25.1    54   15.2    3.2     NO   0.80   6.4    NO   25.2   25.3   25.3  1017.8   0.00    0.0    0.000   0.071   26.9    50   15.6   27.0    9.14   1.1616     350     1    100.0   15 
25/09/26   9:30   25.4   25.8   25.1    53   15.1    1.6     NO   0.40   4.8    NO   25.4   25.5   25.5  1018.0   0.00    0.0    0.000   0.073   27.1    50   15.7   27.2    9.14   1.1611     350     1    100.0   15 
25/09/26   9:45   26.5   27.0   25.8    49   14.9    0.0    NNO   0.00   4.8   NNO   26.5   26.5   26.5  1018.0   0.00    0.0    0.000   0.085   27.1    49   15.5   27.2    8.93   1.1613     346     1    100.0   15 
25/09/26  10:00   27.5   27.9   27.0    43   13.8    0.0      E   0.00   6.4   ENE   27.5   27.2   27.2  1017.8   0.00    0.0    0.000   0.095   27.2    49   15.6   27.3    8.93   1.1605     351     1    100.0   15 
25/09/26  10:15   28.1   28.3   27.9    40   13.2    1.6      E   0.40   9.7     E   28.1   27.8   27.8  1017.8   0.00    0.0    0.000   0.102   27.3    46   14.7   27.2    8.45   1.1612     349     1    100.0   15 
25/09/26  10:30   28.5   28.7   28.3    37   12.4    1.6    ESE   0.40   9.7     E   28.5   28.1   28.1  1017.7   0.00    0.0    0.000   0.106   27.6    44   14.2   27.4    8.15   1.1609     352     1    100.0   15 
25/09/26  10:45   29.0   29.3   28.7    37   12.8    1.6    ENE   0.40  11.3   ENE   29.0   28.8   28.8  1017.7   0.00    0.0    0.000   0.111   27.8    43   14.1   27.6    8.01   1.1602     351     1    100.0   15 
25/09/26  11:00   29.5   29.7   29.3    35   12.4    3.2      E   0.80  12.9   ENE   29.5   29.1   29.1  1017.5   0.00    0.0    0.000   0.116   28.0    42   13.9   27.8    7.85   1.1594     350     1    100.0   15 
25/09/26  11:15   29.9   30.2   29.7    34   12.4    3.2    ENE   0.80  11.3     E   29.9   29.4   29.4  1017.6   0.00    0.0    0.000   0.121   28.2    41   13.7   28.1    7.69   1.1588     351     1    100.0   15 
25/09/26  11:30   30.3   30.4   30.2    33   12.2    3.2    ENE   0.80  16.1     E   30.3   29.6   29.6  1017.4   0.00    0.0    0.000   0.124   28.4    40   13.5   28.3    7.55   1.1579     351     1    100.0   15 
25/09/26  11:45   30.5   30.6   30.4    33   12.4    3.2      E   0.80  14.5     E   30.5   29.8   29.8  1017.3   0.00    0.0    0.000   0.127   28.7    39   13.4   28.7    7.38   1.1569     351     1    100.0   15 
25/09/26  12:00   30.7   30.8   30.5    31   11.6    6.4    ENE   1.61  24.1     E   30.7   29.7   29.7  1017.2   0.00    0.0    0.000   0.128   29.0    37   12.8   28.8    7.07   1.1564     351     1    100.0   15 
25/09/26  12:15   30.7   30.8   30.6    32   12.1    4.8    ENE   1.21  14.5   ENE   30.7   29.8   29.8  1017.2   0.00    0.0    0.000   0.128   29.3    37   13.1   29.1    7.06   1.1550     351     1    100.0   15 
25/09/26  12:30   30.9   30.9   30.8    31   11.8    4.8      E   1.21  22.5     E   30.9   29.8   29.8  1017.1   0.00    0.0    0.000   0.131   29.4    36   12.8   29.1    6.75   1.1545     351     1    100.0   15 
25/09/26  12:45   30.7   30.8   30.6    35   13.5    6.4      E   1.61  20.9     E   30.7   30.2   30.2  1017.0   0.00    0.0    0.000   0.129   29.7    38   13.8   29.6    7.24   1.1525     351     1    100.0   15 
25/09/26  13:00   30.7   30.8   30.6    38   14.8    6.4    ENE   1.61  16.1   ENE   30.7   30.6   30.6  1017.0   0.00    0.0    0.000   0.129   29.8    39   14.4   29.8    7.34   1.1511     351     1    100.0   15 
25/09/26  13:15   30.6   30.7   30.2    37   14.2    8.0    ENE   2.01  27.4     E   30.6   30.4   30.4  1016.8   0.00    0.0    0.000   0.127   30.1    40   15.0   30.2    7.53   1.1494     350     1    100.0   15 
25/09/26  13:30   30.0   30.2   29.8    37   13.7    9.7    ENE   2.41  22.5     E   30.0   29.8   29.8  1016.8   0.00    0.0    0.000   0.122   30.1    38   14.2   30.1    7.23   1.1501     351     1    100.0   15 
25/09/26  13:45   30.1   30.1   29.9    38   14.2    8.0      E   2.01  20.9     E   30.1   29.9   29.9  1016.9   0.00    0.0    0.000   0.122   30.2    39   14.7   30.2    7.32   1.1494     350     1    100.0   15 
25/09/26  14:00   29.9   30.1   29.7    41   15.3    9.7      E   2.41  24.1     E   29.9   30.2   30.2  1016.8   0.00    0.0    0.000   0.121   30.2    40   15.1   30.4    7.52   1.1485     352     1    100.0   15 
25/09/26  14:15   29.6   29.8   29.5    42   15.3    8.0      E   2.01  24.1     E   29.6   29.9   29.9  1016.8   0.00    0.0    0.000   0.117   30.3    41   15.6   30.6    7.65   1.1478     351     1    100.0   15 
25/09/26  14:30   29.7   29.9   29.6    44   16.2    8.0      E   2.01  27.4     E   29.7   30.2   30.2  1016.9   0.00    0.0    0.000   0.119   30.4    42   16.0   30.8    7.82   1.1468     350     1    100.0   15 
25/09/26  14:45   29.4   29.6   29.4    47   17.0    8.0      E   2.01  25.7     E   29.4   30.2   30.2  1016.9   0.00    0.0    0.000   0.116   30.6    43   16.6   31.2    7.95   1.1454     349     1    100.0   15 
25/09/26  15:00   29.4   29.5   29.3    48   17.3    8.0      E   2.01  17.7     E   29.4   30.3   30.3  1016.9   0.00    0.0    0.000   0.116   30.6    44   16.9   31.3    8.11   1.1450     351     1    100.0   15 
25/09/26  15:15   29.1   29.3   28.9    48   17.0    6.4    ENE   1.61  22.5     E   29.1   29.9   29.9  1016.9   0.00    0.0    0.000   0.112   30.5    44   16.9   31.2    8.11   1.1453     351     1    100.0   15 
25/09/26  15:30   29.1   29.2   29.1    48   17.0    6.4      E   1.61  19.3   ESE   29.1   29.9   29.9  1016.9   0.00    0.0    0.000   0.112   30.3    45   17.1   31.1    8.22   1.1456     350     1    100.0   15 
25/09/26  15:45   29.3   29.6   29.1    48   17.2    3.2     SE   0.80   9.7     E   29.3   30.2   30.2  1017.0   0.00    0.0    0.000   0.115   30.2    45   17.0   30.9    8.22   1.1463     351     1    100.0   15 
25/09/26  16:00   29.3   29.6   29.2    46   16.5    3.2    ENE   0.80  12.9    NE   29.3   30.0   30.0  1017.0   0.00    0.0    0.000   0.115   30.1    45   16.9   30.8    8.23   1.1468     352     1    100.0   15 
25/09/26  16:15   29.6   29.8   29.2    44   16.0    3.2    ENE   0.80  12.9   ENE   29.6   30.0   30.0  1017.0   0.00    0.0    0.000   0.117   30.0    44   16.4   30.5    8.13   1.1479     351     1    100.0   15 
25/09/26  16:30   29.4   29.8   29.3    46   16.6    1.6    ENE   0.40  11.3     E   29.4   30.1   30.1  1017.2   0.00    0.0    0.000   0.116   29.9    45   16.7   30.6    8.23   1.1479     350     1    100.0   15 
25/09/26  16:45   28.9   29.4   28.5    49   17.1    1.6    OSO   0.40   4.8   OSO   28.9   29.8   29.8  1017.3   0.00    0.0    0.000   0.110   29.8    45   16.6   30.4    8.24   1.1485     350     1    100.0   15 
25/09/26  17:00   28.4   28.6   28.1    50   17.0    3.2      E   0.80   8.0     E   28.4   29.1   29.1  1017.4   0.00    0.0    0.000   0.105   29.7    46   16.9   30.4    8.44   1.1488     351     1    100.0   15 
25/09/26  17:15   27.7   28.1   27.4    53   17.3    3.2      E   0.80  11.3   ENE   27.7   28.3   28.3  1017.6   0.00    0.0    0.000   0.098   29.6    46   16.7   30.2    8.45   1.1499     352     1    100.0   15 
25/09/26  17:30   27.3   27.4   27.1    56   17.8    1.6    ESE   0.40   3.2   ESE   27.3   28.0   28.0  1017.6   0.00    0.0    0.000   0.094   29.3    48   17.2   30.2    8.75   1.1501     351     1    100.0   15 
25/09/26  17:45   26.5   27.1   26.1    60   18.1    1.6    ENE   0.40   6.4   ENE   26.5   27.2   27.2  1017.7   0.00    0.0    0.000   0.085   29.2    49   17.4   30.1    8.86   1.1503     349     1    100.0   15 
25/09/26  18:00   25.7   26.0   25.3    63   18.1    1.6    ENE   0.40   8.0    NE   25.7   26.4   26.4  1017.7   0.00    0.0    0.000   0.076   29.0    50   17.5   30.0    9.07   1.1510     351     1    100.0   15 
25/09/26  18:15   24.8   25.3   24.4    67   18.3    4.8    ENE   1.21   9.7     E   24.8   25.7   25.7  1017.9   0.00    0.0    0.000   0.068   28.8    51   17.7   29.9    9.27   1.1515     351     1    100.0   15 
25/09/26  18:30   24.2   24.4   24.1    68   17.9    3.2    ENE   0.80   6.4   ENE   24.2   25.1   25.1  1017.9   0.00    0.0    0.000   0.061   28.7    52   17.8   29.7    9.38   1.1519     351     1    100.0   15 
25/09/26  18:45   23.9   24.1   23.8    69   17.9    3.2    ENE   0.80   8.0     E   23.9   24.8   24.8  1018.0   0.00    0.0    0.000   0.058   28.5    52   17.7   29.4    9.38   1.1529     351     1    100.0   15 
25/09/26  19:00   23.7   23.8   23.6    70   17.9    3.2    ENE   0.80   8.0     E   23.7   24.6   24.6  1018.1   0.00    0.0    0.000   0.056   28.4    53   17.9   29.3    9.59   1.1532     350     1    100.0   15 
25/09/26  19:15   23.4   23.6   23.4    71   17.9    0.0    ENE   0.00   4.8   ENE   23.4   24.4   24.4  1018.2   0.00    0.0    0.000   0.053   28.2    53   17.7   29.1    9.59   1.1541     351     1    100.0   15 
25/09/26  19:30   23.3   23.4   23.1    71   17.7    0.0     NO   0.00   3.2    NO   23.3   24.2   24.2  1018.3   0.00    0.0    0.000   0.052   28.2    53   17.7   29.0    9.60   1.1545     351     1    100.0   15 
25/09/26  19:45   23.0   23.1   22.9    71   17.5    0.0     NO   0.00   4.8   ENE   23.0   23.8   23.8  1018.4   0.00    0.0    0.000   0.049   28.1    53   17.6   28.9    9.60   1.1550     350     1    100.0   15 
25/09/26  20:00   22.8   22.9   22.6    71   17.2    1.6    ENE   0.40   9.7     E   22.8   23.4   23.4  1018.6   0.00    0.0    0.000   0.046   28.0    53   17.5   28.7    9.60   1.1557     350     1    100.0   15 
25/09/26  20:15   22.5   22.6   22.4    71   17.0    3.2    ENE   0.80   8.0   ENE   22.5   23.1   23.1  1018.6   0.00    0.0    0.000   0.043   27.8    53   17.4   28.4    9.61   1.1566     351     1    100.0   15 
25/09/26  20:30   22.4   22.5   22.4    70   16.7    3.2    ENE   0.80   8.0    NE   22.4   22.9   22.9  1018.7   0.00    0.0    0.000   0.043   27.7    53   17.3   28.3    9.61   1.1573     352     1    100.0   15 
25/09/26  20:45   22.3   22.4   22.3    70   16.6    1.6    ENE   0.40   6.4   ENE   22.3   22.8   22.8  1018.8   0.00    0.0    0.000   0.042   27.6    52   16.9   28.1    9.42   1.1584     351     1    100.0   15 
25/09/26  21:00   22.2   22.3   22.1    70   16.5    0.0    ---   0.00   0.0   ---   22.2   22.6   22.6  1018.8   0.00    0.0    0.000   0.041   27.6    52   16.8   27.9    9.42   1.1587     351     1    100.0   15 
25/09/26  21:15   22.1   22.1   22.0    70   16.3    0.0    ENE   0.00   1.6   ENE   22.1   22.4   22.4  1018.8   0.00    0.0    0.000   0.039   27.5    52   16.8   27.9    9.42   1.1591     351     1    100.0   15 
25/09/26  21:30   21.9   22.0   21.9    71   16.4    0.0    ENE   0.00   3.2   ENE   21.9   22.3   22.3  1018.8   0.00    0.0    0.000   0.038   27.4    52   16.7   27.8    9.42   1.1593     351     1    100.0   15 
25/09/26  21:45   21.7   21.8   21.6    73   16.7    0.0    NNO   0.00   4.8   NNO   21.7   22.1   22.1  1018.9   0.00    0.0    0.000   0.035   27.4    52   16.7   27.7    9.42   1.1597     351     1    100.0   15 
25/09/26  22:00   21.3   21.5   21.2    74   16.5    0.0    ---   0.00   0.0   ---   21.3   21.6   21.6  1018.9   0.00    0.0    0.000   0.031   27.3    53   16.9   27.7    9.63   1.1596     351     1    100.0   15 
25/09/26  22:15   21.2   21.3   21.2    74   16.4    0.0    NNO   0.00   3.2   NNO   21.2   21.5   21.5  1018.9   0.00    0.0    0.000   0.030   27.2    53   16.8   27.6    9.63   1.1601     350     1    100.0   15 
25/09/26  22:30   21.3   21.3   21.3    74   16.5    0.0    ---   0.00   0.0   ---   21.3   21.7   21.7  1018.9   0.00    0.0    0.000   0.031   27.2    53   16.8   27.5    9.63   1.1604     352     1    100.0   15 
25/09/26  22:45   21.3   21.4   21.3    75   16.7    0.0    ---   0.00   0.0   ---   21.3   21.7   21.7  1018.8   0.00    0.0    0.000   0.031   27.1    53   16.7   27.4    9.63   1.1606     351     1    100.0   15 
25/09/26  23:00   21.2   21.3   21.1    75   16.6    0.0    ---   0.00   0.0   ---   21.2   21.6   21.6  1018.8   0.00    0.0    0.000   0.030   27.1    53   16.7   27.4    9.64   1.1609     349     1    100.0   15 
25/09/26  23:15   20.9   21.1   20.7    77   16.7    0.0    NNO   0.00   1.6   NNO   20.9   21.4   21.4  1019.0   0.00    0.0    0.000   0.027   27.0    54   16.9   27.4    9.75   1.1610     349     1    100.0   15 
25/09/26  23:30   20.7   20.7   20.6    77   16.5    0.0    NNO   0.00   3.2   NNO   20.7   21.3   21.3  1019.0   0.00    0.0    0.000   0.024   26.9    54   16.8   27.3    9.75   1.1612     351     1    100.0   15 
25/09/26  23:45   20.6   20.6   20.6    77   16.4    0.0    NNO   0.00   1.6   NNO   20.6   21.2   21.2  1019.0   0.00    0.0    0.000   0.023   26.9    54   16.8   27.3    9.75   1.1616     352     1    100.0   15 
26/09/26  00:00   20.7   20.8   20.6    78   16.7    0.0    ---   0.00   0.0   ---   20.7   21.3   21.3  1019.2   0.00    0.0    0.000   0.024   26.9    54   16.8   27.3    9.75   1.1618     350     1    100.0   15 
26/09/26   0:15   20.7   20.8   20.7    78   16.7    0.0    NNO   0.00   1.6   NNO   20.7   21.4   21.4  1019.2   0.00    0.0    0.000   0.025   26.9    54   16.8   27.3    9.75   1.1618     350     1    100.0   15 
26/09/26   0:30   20.5   20.7   20.3    78   16.5    0.0    ---   0.00   0.0   ---   20.5   21.2   21.2  1019.2   0.00    0.0    0.000   0.023   26.9    54   16.8   27.3    9.75   1.1618     351     1    100.0   15 
26/09/26   0:45   20.3   20.3   20.2    79   16.5    0.0    ---   0.00   0.0   ---   20.3   21.0   21.0  1019.1   0.00    0.0    0.000   0.020   26.8    54   16.7   27.2    9.75   1.1620     351     1    100.0   15 
26/09/26   1:00   20.0   20.2   19.7    79   16.2    0.0    ---   0.00   0.0   ---   20.0   20.7   20.7  1019.1   0.00    0.0    0.000   0.017   26.8    54   16.7   27.2    9.75   1.1620     351     1    100.0   15 
26/09/26   1:15   19.6   19.7   19.4    81   16.2    0.0    NNE   0.00   3.2   NNE   19.6   20.2   20.2  1019.1   0.00    0.0    0.000   0.013   26.8    54   16.7   27.1    9.75   1.1622     351     1    100.0   15 
26/09/26   1:30   19.3   19.4   19.3    82   16.1    0.0    ---   0.00   0.0   ---   19.3   19.9   19.9  1019.1   0.00    0.0    0.000   0.010   26.7    54   16.6   27.1    9.75   1.1626     351     1    100.0   15 
26/09/26   1:45   19.2   19.3   19.2    82   16.1    0.0    ---   0.00   0.0   ---   19.2   19.8   19.8  1019.2   0.00    0.0    0.000   0.009   26.7    54   16.6   27.1    9.75   1.1626     350     1    100.0   15 
26/09/26   2:00   19.1   19.1   19.1    83   16.1    0.0    ---   0.00   0.0   ---   19.1   19.6   19.6  1019.2   0.00    0.0    0.000   0.008   26.7    55   16.9   27.1    9.85   1.1626     350     1    100.0   15 
26/09/26   2:15   19.0   19.1   18.8    83   16.0    0.0    ---   0.00   0.0   ---   19.0   19.6   19.6  1019.3   0.00    0.0    0.000   0.007   26.6    55   16.8   27.0    9.85   1.1629     352     1    100.0   15 
26/09/26   2:30   18.5   18.8   18.3    86   16.1    0.0    ---   0.00   0.0   ---   18.5   19.0   19.0  1019.3   0.00    0.0    0.000   0.002   26.6    55   16.8   26.9    9.86   1.1633     351     1    100.0   15 
26/09/26   2:45   18.1   18.3   17.8    87   15.9    0.0    ---   0.00   0.0   ---   18.1   18.5   18.5  1019.4   0.00    0.0    0.003   0.000   26.6    55   16.8   26.9    9.86   1.1633     351     1    100.0   15 
26/09/26   3:00   17.9   17.9   17.8    89   16.0    0.0    ---   0.00   0.0   ---   17.9   18.3   18.3  1019.3   0.00    0.0    0.005   0.000   26.5    55   16.7   26.9    9.86   1.1635     348     1    100.0   15 
26/09/26   3:15   17.9   18.0   17.9    89   16.1    0.0    ---   0.00   0.0   ---   17.9   18.4   18.4  1019.4   0.00    0.0    0.004   0.000   26.4    55   16.7   26.8    9.87   1.1639     351     1    100.0   15 
26/09/26   3:30   18.0   18.1   17.9    89   16.2    0.0    ---   0.00   0.0   ---   18.0   18.4   18.4  1019.4   0.00    0.0    0.003   0.000   26.4    55   16.6   26.7    9.87   1.1643     350     1    100.0   15 
26/09/26   3:45   18.2   18.3   18.0    90   16.5    0.0    ---   0.00   0.0   ---   18.2   18.7   18.7  1019.5   0.00    0.0    0.002   0.000   26.3    55   16.6   26.7    9.87   1.1646     351     1    100.0   15 
26/09/26   4:00   18.4   18.4   18.3    90   16.7    0.0    ---   0.00   0.0   ---   18.4   18.9   18.9  1019.6   0.00    0.0    0.000   0.001   26.3    55   16.5   26.6    9.88   1.1650     351     1    100.0   15 
26/09/26   4:15   18.6   18.7   18.4    91   17.1    0.0    ---   0.00   0.0   ---   18.6   19.3   19.3  1019.6   0.00    0.0    0.000   0.003   26.2    55   16.5   26.6    9.88   1.1653     351     1    100.0   15 
26/09/26   4:30   18.6   18.7   18.3    90   16.9    0.0    ---   0.00   0.0   ---   18.6   19.2   19.2  1019.5   0.00    0.0    0.000   0.002   26.2    55   16.5   26.6    9.88   1.1652     351     2    100.0   15 
26/09/26   4:45   18.1   18.2   18.0    90   16.4    0.0    ---   0.00   0.0   ---   18.1   18.6   18.6  1019.6   0.00    0.0    0.002   0.000   26.2    56   16.7   26.6   10.09   1.1653     351     1    100.0   15 
26/09/26   5:00   18.0   18.0   17.9    90   16.3    0.0    ---   0.00   0.0   ---   18.0   18.5   18.5  1019.7   0.00    0.0    0.003   0.000   26.1    56   16.6   26.5   10.09   1.1657     350     1    100.0   15 
26/09/26   5:15   18.1   18.1   18.0    90   16.4    0.0    ---   0.00   0.0   ---   18.1   18.6   18.6  1019.8   0.00    0.0    0.003   0.000   26.1    56   16.6   26.4   10.09   1.1660     351     1    100.0   15 
26/09/26   5:30   18.0   18.1   17.9    91   16.5    0.0    ---   0.00   0.0   ---   18.0   18.5   18.5  1019.9   0.00    0.0    0.003   0.000   26.0    56   16.5   26.4   10.10   1.1664     352     1    100.0   15 
26/09/26   5:45   17.8   18.0   17.7    90   16.2    0.0    ---   0.00   0.0   ---   17.8   18.3   18.3  1020.0   0.00    0.0    0.005   0.000   25.9    56   16.5   26.3   10.10   1.1668     351     1    100.0   15 
26/09/26   6:00   17.7   17.7   17.6    91   16.2    0.0    ---   0.00   0.0   ---   17.7   18.1   18.1  1020.2   0.00    0.0    0.007   0.000   25.9    56   16.4   26.3   10.11   1.1673     351     1    100.0   15 
26/09/26   6:15   17.6   17.6   17.6    91   16.1    0.0    ---   0.00   0.0   ---   17.6   18.0   18.0  1020.4   0.00    0.0    0.008   0.000   25.9    56   16.4   26.3   10.11   1.1676     351     1    100.0   15 
26/09/26   6:30   17.8   18.1   17.6    91   16.3    0.0    NNO   0.00   1.6   NNO   17.8   18.3   18.3  1020.5   0.00    0.0    0.005   0.000   25.9    56   16.4   26.3   10.11   1.1677     351     1    100.0   15 
26/09/26   6:45   18.5   18.9   18.1    90   16.8    0.0    NNO   0.00   3.2   NNO   18.5   19.1   19.1  1020.5   0.00    0.0    0.000   0.002   26.0    57   16.8   26.4   10.20   1.1667     351     1    100.0   15 
26/09/26   7:00   19.4   19.8   18.9    85   16.8    0.0      E   0.00   3.2   NNO   19.4   20.1   20.1  1020.5   0.00    0.0    0.000   0.011   26.2    57   17.0   26.6   10.19   1.1659     348     1    100.0   15 
26/09/26   7:15   20.1   20.3   19.8    82   16.9    1.6      E   0.40   3.2     E   20.1   20.8   20.8  1020.6   0.00    0.0    0.000   0.018   26.3    56   16.9   26.7   10.07   1.1655     351     1    100.0   15 
26/09/26   7:30   20.3   20.4   20.3    80   16.8    1.6      E   0.40   8.0     E   20.3   21.1   21.1  1020.6   0.00    0.0    0.000   0.021   26.5    56   17.0   26.9   10.06   1.1647     349     1    100.0   15 
26/09/26   7:45   20.4   20.7   20.3    80   16.9    1.6      E   0.40   8.0     E   20.4   21.3   21.3  1020.8   0.00    0.0    0.000   0.022   26.7    56   17.2   27.1   10.05   1.1640     351     1    100.0   15 
26/09/26   8:00   20.9   21.1   20.7    77   16.7    1.6      E   0.40   4.8     E   20.9   21.4   21.4  1021.0   0.00    0.0    0.000   0.027   26.8    56   17.3   27.3   10.05   1.1637     351     1    100.0   15 
26/09/26   8:15   21.5   21.9   21.1    75   16.9    1.6    ESE   0.40   4.8   ESE   21.5   21.9   21.9  1021.1   0.00    0.0    0.000   0.033   26.8    55   17.0   27.3    9.85   1.1639     351     1    100.0   15 
26/09/26   8:30   22.2   22.4   21.9    71   16.7    1.6    ESE   0.40   4.8   ESE   22.2   22.7   22.7  1021.2   0.00    0.0    0.000   0.041   26.9    55   17.1   27.3    9.85   1.1637     351     1    100.0   15 
