                 Temp.  Temp.  Temp.  Hum.   Punt   Vel.   Dir.   Rec.  Vel.  Dir.  Sens.   Índ.   Índ.                  Int. Graus D.Graus D.  Temp.  Hum. Rosada  In.Cal.  EMC     Dens.    Mostr   Tx   Recep.  Int.
  Data    Hora    Ext.   Màx.   Mín.  Ext. Rosada   Vent   Vent   Vent  Màx.  Màx.  Tèrm.  Calor   THW    Bar    Pluja   Pluja  Calor    Fred    Int.  Int.   Int.   Int.    Int.  Int.Aire    Vent   Vent   ISS   Arc.
-------------------------------------------------------------------------------------------------------------------------------------------------------------------------------------------------------------------------
15/09/26   0:15   21.3   21.4   21.2    72   16.1    1.6    NNO   0.40   4.8   NNO   21.3   21.6   21.6  1019.3   0.00    0.0    0.000   0.031   27.4    54   17.3   27.9    9.75   1.1593     349     1    100.0   15 
15/09/26   0:30   21.4   21.4   21.3    70   15.7    1.6    NNO   0.40   4.8   NNO   21.4   21.6   21.6  1019.2   0.00    0.0    0.000   0.032   27.3    54   17.2   27.8    9.75   1.1595     351     1    100.0   15 
15/09/26   0:45   21.3   21.3   21.2    70   15.6    1.6    NNO   0.40   4.8   NNO   21.3   21.4   21.4  1019.1   0.00    0.0    0.000   0.031   27.3    53   16.9   27.7    9.63   1.1601     351     1    100.0   15 
15/09/26   1:00   21.6   21.8   21.3    67   15.2    0.0    NNO   0.00   1.6   NNO   21.6   21.7   21.7  1019.0   0.00    0.0    0.000   0.034   27.3    53   16.9   27.7    9.63   1.1599     351     1    100.0   15 
15/09/26   1:15   21.7   21.8   21.4    68   15.5    3.2    NNO   0.80   4.8   NNO   21.7   21.8   21.8  1018.9   0.00    0.0    0.000   0.035   27.2    52   16.5   27.5    9.43   1.1606     350     1    100.0   15 
15/09/26   1:30   21.2   21.4   20.9    70   15.5    3.2     NO   0.80   6.4    NO   21.2   21.2   21.2  1018.9   0.00    0.0    0.000   0.030   27.1    53   16.7   27.4    9.63   1.1608     350     1    100.0   15 
15/09/26   1:45   20.9   21.0   20.8    70   15.2    3.2     NO   0.80   6.4    NO   20.9   21.0   21.0  1018.9   0.00    0.0    0.000   0.027   27.1    52   16.4   27.3    9.44   1.1614     351     1    100.0   15 
15/09/26   2:00   20.8   20.8   20.7    70   15.1    3.2     NO   0.80   6.4    NO   20.8   20.9   20.9  1018.9   0.00    0.0    0.000   0.025   27.0    52   16.3   27.2    9.44   1.1617     351     1    100.0   15 
15/09/26   2:15   21.0   21.2   20.8    69   15.1    3.2     NO   0.80   6.4    NO   21.0   21.1   21.1  1018.8   0.00    0.0    0.000   0.028   27.0    52   16.3   27.2    9.44   1.1616     352     1    100.0   15 
15/09/26   2:30   21.2   21.3   21.2    69   15.3    1.6     NO   0.40   4.8    NO   21.2   21.3   21.3  1018.7   0.00    0.0    0.000   0.030   26.9    52   16.3   27.2    9.44   1.1618     351     1    100.0   15 
15/09/26   2:45   21.2   21.2   21.1    69   15.3    0.0     NO   0.00   1.6    NO   21.2   21.2   21.2  1018.7   0.00    0.0    0.000   0.030   26.9    53   16.5   27.2    9.64   1.1616     350     1    100.0   15 
15/09/26   3:00   21.3   21.3   21.2    69   15.4    0.0     NO   0.00   1.6    NO   21.3   21.3   21.3  1018.6   0.00    0.0    0.000   0.031   26.9    53   16.5   27.2    9.64   1.1616     350     1    100.0   15 
15/09/26   3:15   21.3   21.3   21.2    68   15.1    0.0     NO   0.00   4.8    NO   21.3   21.3   21.3  1018.5   0.00    0.0    0.000   0.031   26.8    53   16.4   27.1    9.64   1.1617     351     1    100.0   15 
15/09/26   3:30   21.1   21.3   20.9    67   14.7    3.2     NO   0.80   4.8    NO   21.1   21.0   21.0  1018.5   0.00    0.0    0.000   0.028   26.8    53   16.4   27.1    9.65   1.1620     351     1    100.0   15 
15/09/26   3:45   20.7   20.9   20.7    67   14.4    1.6     NO   0.40   4.8    NO   20.7   20.7   20.7  1018.4   0.00    0.0    0.000   0.025   26.7    53   16.3   27.0    9.65   1.1622     351     1    100.0   15 
15/09/26   4:00   20.8   20.8   20.7    67   14.4    0.0     NO   0.00   3.2    NO   20.8   20.8   20.8  1018.4   0.00    0.0    0.000   0.025   26.7    52   16.0   26.9    9.45   1.1625     351     1    100.0   15 
15/09/26   4:15   20.8   20.9   20.8    66   14.2    0.0     NO   0.00   1.6    NO   20.8   20.8   20.8  1018.3   0.00    0.0    0.000   0.026   26.7    52   16.0   26.8    9.45   1.1627     352     1    100.0   15 
15/09/26   4:30   20.7   20.8   20.6    68   14.6    0.0     NO   0.00   1.6    NO   20.7   20.8   20.8  1018.3   0.00    0.0    0.000   0.025   26.6    52   15.9   26.8    9.45   1.1630     351     1    100.0   15 
15/09/26   4:45   20.4   20.6   20.2    70   14.8    0.0     NO   0.00   1.6    NO   20.4   20.7   20.7  1018.2   0.00    0.0    0.000   0.022   26.5    52   15.8   26.7    9.46   1.1635     351     1    100.0   15 
15/09/26   5:00   19.9   20.2   19.7    71   14.5    0.0     NO   0.00   3.2    NO   19.9   20.3   20.3  1018.3   0.00    0.0    0.000   0.017   26.4    52   15.7   26.6    9.46   1.1641     350     1    100.0   15 
15/09/26   5:15   19.5   19.7   19.4    72   14.3    0.0     NO   0.00   3.2    NO   19.5   19.8   19.8  1018.4   0.00    0.0    0.000   0.012   26.3    52   15.6   26.5    9.46   1.1648     351     1    100.0   15 
15/09/26   5:30   19.4   19.4   19.4    72   14.3    0.0     NO   0.00   3.2    NO   19.4   19.7   19.7  1018.4   0.00    0.0    0.000   0.012   26.2    52   15.6   26.4    9.47   1.1651     352     1    100.0   15 
15/09/26   5:45   19.5   19.5   19.4    72   14.3    0.0     NO   0.00   3.2    NO   19.5   19.8   19.8  1018.5   0.00    0.0    0.000   0.012   26.2    52   15.5   26.4    9.47   1.1655     350     1    100.0   15 
15/09/26   6:00   19.6   19.7   19.5    71   14.2    1.6     NO   0.40   4.8    NO   19.6   19.8   19.8  1018.5   0.00    0.0    0.000   0.013   26.1    52   15.5   26.3    9.47   1.1658     351     1    100.0   15 
15/09/26   6:15   19.8   20.1   19.7    70   14.2    0.0     NO   0.00   3.2    NO   19.8   20.1   20.1  1018.5   0.00    0.0    0.000   0.016   26.1    52   15.5   26.3    9.47   1.1658     351     1    100.0   15 
15/09/26   6:30   20.4   20.6   20.1    68   14.3    0.0     NO   0.00   1.6    NO   20.4   20.6   20.6  1018.6   0.00    0.0    0.000   0.021   26.2    52   15.6   26.4    9.47   1.1654     352     1    100.0   15 
15/09/26   6:45   20.8   20.8   20.6    67   14.4    0.0     NO   0.00   3.2    NO   20.8   20.8   20.8  1018.6   0.00    0.0    0.000   0.025   26.4    51   15.5   26.6    9.35   1.1646     351     1    100.0   15 
15/09/26   7:00   20.9   20.9   20.8    67   14.5    0.0     NO   0.00   3.2    NO   20.9   20.9   20.9  1018.7   0.00    0.0    0.000   0.027   26.8    51   15.8   26.9    9.35   1.1630     351     1    100.0   15 
15/09/26   7:15   21.2   21.6   20.9    65   14.4    0.0     NO   0.00   1.6    NO   21.2   21.1   21.1  1018.8   0.00    0.0    0.000   0.030   27.1    49   15.4   27.1    8.94   1.1626     351     1    100.0   15 
15/09/26   7:30   21.7   21.8   21.6    66   15.1    1.6     NO   0.40   3.2    NO   21.7   21.7   21.7  1018.8   0.00    0.0    0.000   0.035   27.2    50   15.8   27.3    9.13   1.1615     352     1    100.0   15 
15/09/26   7:45   21.9   22.1   21.7    66   15.2    1.6     NO   0.40   4.8    NO   21.9   22.0   22.0  1018.8   0.00    0.0    0.000   0.037   27.2    50   15.8   27.3    9.13   1.1615     351     1    100.0   15 
15/09/26   8:00   22.3   22.6   22.1    63   14.9    3.2     NO   0.80   4.8    NO   22.3   22.4   22.4  1018.9   0.00    0.0    0.000   0.042   27.1    50   15.8   27.2    9.13   1.1619     351     1    100.0   15 
15/09/26   8:15   22.8   23.2   22.6    62   15.2    3.2     NO   0.80   6.4    NO   22.8   23.2   23.2  1018.9   0.00    0.0    0.000   0.047   27.1    49   15.5   27.2    8.93   1.1624     351     1    100.0   15 
15/09/26   8:30   24.1   25.1   23.2    58   15.3    3.2      E   0.80   8.0     E   24.1   24.5   24.5  1019.0   0.00    0.0    0.000   0.060   27.2    50   15.8   27.3    9.13   1.1618     351     1    100.0   15 
15/09/26   8:45   25.7   26.2   25.1    53   15.4    1.6      E   0.40   8.0     E   25.7   25.9   25.9  1018.9   0.00    0.0    0.000   0.077   27.3    49   15.6   27.3    8.93   1.1616     352     1    100.0   15 
15/09/26   9:00   26.8   27.3   26.2    50   15.5    1.6      E   0.40   4.8     E   26.8   26.8   26.8  1019.0   0.00    0.0    0.000   0.088   27.4    49   15.8   27.6    8.92   1.1608     350     1    100.0   15 
15/09/26   9:15   27.9   28.4   27.3    46   15.2    1.6      E   0.40   8.0     E   27.9   28.0   28.0  1018.9   0.00    0.0    0.000   0.100   27.7    48   15.7   27.8    8.81   1.1600     351     1    100.0   15 
15/09/26   9:30   28.6   28.9   28.4    44   15.2    3.2      E   0.80   9.7     E   28.6   28.9   28.9  1018.9   0.00    0.0    0.000   0.107   27.9    47   15.5   28.1    8.61   1.1593     351     1    100.0   15 
15/09/26   9:45   29.2   29.4   28.9    43   15.3    3.2      E   0.80   9.7     E   29.2   29.6   29.6  1018.8   0.00    0.0    0.000   0.113   28.2    46   15.5   28.4    8.45   1.1582     351     1    100.0   15 
15/09/26  10:00   29.6   29.8   29.4    40   14.5    3.2      E   0.80  11.3     E   29.6   29.6   29.6  1018.7   0.00    0.0    0.000   0.117   28.3    46   15.6   28.7    8.45   1.1572     351     1    100.0   15 
15/09/26  10:15   30.1   30.6   29.8    39   14.6    3.2    ESE   0.80   9.7     E   30.1   30.1   30.1  1018.5   0.00    0.0    0.000   0.123   28.4    44   15.0   28.6    8.15   1.1576     351     1    100.0   15 
15/09/26  10:30   31.1   31.5   30.7    35   13.8    3.2    ESE   0.80  11.3   ENE   31.1   30.4   30.4  1018.3   0.00    0.0    0.000   0.133   28.1    43   14.4   28.1    8.00   1.1592     351     1    100.0   15 
15/09/26  10:45   31.8   32.2   31.5    33   13.6    3.2    ESE   0.80  11.3   ENE   31.8   31.3   31.3  1018.2   0.00    0.0    0.000   0.141   27.9    42   13.8   27.8    7.85   1.1604     351     1    100.0   15 
15/09/26  11:00   32.3   32.5   32.2    29   12.0    3.2    SSO   0.80  14.5   ENE   32.3   31.6   31.6  1018.0   0.00    0.0    0.000   0.146   27.7    41   13.3   27.4    7.71   1.1617     351     1    100.0   15 
15/09/26  11:15   32.7   32.8   32.5    30   12.8    4.8      S   1.21  14.5     E   32.7   32.2   32.2  1017.6   0.00    0.0    0.000   0.149   27.6    41   13.1   27.2    7.72   1.1621     351     1    100.0   15 
15/09/26  11:30   33.1   33.3   32.8    32   14.2    3.2    ENE   0.80  12.9   ENE   33.1   33.0   33.0  1017.3   0.00    0.0    0.000   0.154   27.5    42   13.4   27.2    7.85   1.1615     351     1    100.0   15 
15/09/26  11:45   33.4   33.6   33.2    33   14.9    6.4      E   1.61  17.7     E   33.4   33.5   33.5  1017.1   0.00    0.0    0.000   0.157   27.6    43   13.9   27.3    8.02   1.1606     350     1    100.0   15 
15/09/26  12:00   33.3   33.4   33.2    34   15.3    4.8      E   1.21  12.9   ESE   33.3   33.4   33.4  1017.1   0.00    0.0    0.000   0.156   27.6    43   13.9   27.3    8.02   1.1606     352     1    100.0   15 
15/09/26  12:15   33.6   33.8   33.4    28   12.6    4.8    SSE   1.21  12.9     S   33.6   33.0   33.0  1017.0   0.00    0.0    0.000   0.159   27.5    43   13.8   27.2    8.02   1.1607     351     1    100.0   15 
15/09/26  12:30   33.5   33.8   33.3    29   13.0    6.4      S   1.61  16.1     S   33.5   33.1   33.1  1016.9   0.00    0.0    0.000   0.158   27.6    43   13.9   27.3    8.02   1.1603     351     1    100.0   15 
15/09/26  12:45   33.7   33.8   33.5    28   12.6    4.8    SSO   1.21  12.9    SE   33.7   33.1   33.1  1016.7   0.00    0.0    0.000   0.160   27.7    45   14.7   27.6    8.31   1.1588     351     1    100.0   15 
15/09/26  13:00   33.8   33.8   33.7    29   13.3    6.4      S   1.61  17.7   SSE   33.8   33.4   33.4  1016.6   0.00    0.0    0.000   0.161   27.8    46   15.1   27.8    8.45   1.1577     352     1    100.0   15 
15/09/26  13:15   33.6   33.7   33.5    30   13.6    6.4      S   1.61  17.7   OSO   33.6   33.4   33.4  1016.4   0.00    0.0    0.000   0.159   27.9    47   15.5   28.1    8.61   1.1564     350     1    100.0   15 
15/09/26  13:30   33.6   33.7   33.4    30   13.6    6.4      S   1.61  16.1     S   33.6   33.3   33.3  1016.3   0.00    0.0    0.000   0.159   28.0    47   15.6   28.2    8.60   1.1557     351     1    100.0   15 
15/09/26  13:45   33.3   33.4   33.1    28   12.3    8.0      S   2.01  19.3   SSE   33.3   32.6   32.6  1016.3   0.00    0.0    0.000   0.156   28.1    47   15.7   28.4    8.60   1.1552     351     1    100.0   15 
15/09/26  14:00   33.1   33.2   32.9    28   12.1    8.0      S   2.01  19.3   SSE   33.1   32.3   32.3  1016.2   0.00    0.0    0.000   0.153   28.4    47   16.0   28.8    8.59   1.1536     350     1    100.0   15 
15/09/26  14:15   32.8   32.9   32.7    29   12.5    8.0      S   2.01  17.7   SSE   32.8   32.2   32.2  1016.0   0.00    0.0    0.000   0.151   28.7    47   16.3   29.4    8.58   1.1517     351     1    100.0   15 
15/09/26  14:30   32.7   32.8   32.6    29   12.3    8.0      S   2.01  19.3     S   32.7   32.0   32.0  1016.0   0.00    0.0    0.000   0.149   28.9    46   16.2   29.6    8.45   1.1510     351     1    100.0   15 
15/09/26  14:45   32.7   32.8   32.6    28   11.8    8.0      S   2.01  17.7    SO   32.7   31.8   31.8  1015.8   0.00    0.0    0.000   0.149   28.9    44   15.5   29.4    8.15   1.1518     351     1    100.0   15 
15/09/26  15:00   32.7   32.9   32.7    28   11.8    8.0     SO   2.01  19.3   SSE   32.7   31.9   31.9  1015.7   0.00    0.0    0.000   0.150   28.7    43   14.9   29.1    7.98   1.1532     350     1    100.0   15 
15/09/26  15:15   32.5   32.7   32.3    29   12.2    8.0    OSO   2.01  19.3   OSO   32.5   31.8   31.8  1015.7   0.00    0.0    0.000   0.148   28.5    42   14.3   28.6    7.85   1.1547     351     1    100.0   15 
15/09/26  15:30   32.5   32.7   32.3    29   12.2    6.4    SSO   1.61  16.1   OSO   32.5   31.8   31.8  1015.6   0.00    0.0    0.000   0.148   28.3    42   14.1   28.3    7.85   1.1557     351     1    100.0   15 
15/09/26  15:45   32.6   32.8   32.5    29   12.3    6.4      S   1.61  19.3   SSO   32.6   31.9   31.9  1015.6   0.00    0.0    0.000   0.149   28.2    42   14.1   28.2    7.85   1.1560     351     1    100.0   15 
15/09/26  16:00   32.1   32.5   31.7    30   12.4    6.4     SO   1.61  22.5   OSO   32.1   31.4   31.4  1015.6   0.00    0.0    0.000   0.144   28.2    43   14.4   28.2    8.00   1.1559     351     1    100.0   15 
15/09/26  16:15   31.5   31.7   31.3    32   12.8    8.0     SO   2.01  19.3     O   31.5   30.6   30.6  1015.7   0.00    0.0    0.000   0.137   28.3    43   14.5   28.3    7.99   1.1554     352     1    100.0   15 
15/09/26  16:30   30.9   31.3   30.8    32   12.3    8.0    OSO   2.01  20.9     O   30.9   30.0   30.0  1015.7   0.00    0.0    0.000   0.131   28.3    43   14.5   28.3    7.99   1.1554     350     1    100.0   15 
15/09/26  16:45   30.8   30.9   30.6    32   12.2    6.4      S   1.61  14.5    SO   30.8   29.9   29.9  1015.8   0.00    0.0    0.000   0.130   28.3    43   14.5   28.3    7.99   1.1555     351     1    100.0   15 
15/09/26  17:00   30.2   30.6   29.9    34   12.6    8.0    SSO   2.01  19.3   OSO   30.2   29.7   29.7  1015.9   0.00    0.0    0.000   0.123   28.2    44   14.8   28.3    8.15   1.1555     351     1    100.0   15 
15/09/26  17:15   29.6   29.8   29.2    37   13.3    6.4    SSO   1.61  16.1   SSE   29.6   29.3   29.3  1015.9   0.00    0.0    0.000   0.117   28.2    45   15.2   28.4    8.29   1.1550     351     1    100.0   15 
15/09/26  17:30   28.8   29.2   28.6    38   13.1    4.8      S   1.21  14.5     S   28.8   28.7   28.7  1016.1   0.00    0.0    0.000   0.109   28.2    46   15.5   28.5    8.45   1.1548     351     1    100.0   15 
15/09/26  17:45   28.3   28.6   28.0    39   13.0    4.8      S   1.21  11.3   SSO   28.3   28.1   28.1  1016.2   0.00    0.0    0.000   0.104   28.2    46   15.5   28.5    8.45   1.1549     350     1    100.0   15 
15/09/26  18:00   27.6   28.0   27.2    41   13.2    3.2      S   0.80  12.9     S   27.6   27.2   27.2  1016.2   0.00    0.0    0.000   0.097   28.2    46   15.5   28.5    8.45   1.1549     351     1    100.0   15 
15/09/26  18:15   26.9   27.2   26.7    42   12.9    3.2    SSO   0.80   9.7    SE   26.9   26.5   26.5  1016.2   0.00    0.0    0.000   0.090   28.2    47   15.8   28.6    8.59   1.1544     351     1    100.0   15 
15/09/26  18:30   26.4   26.7   26.3    43   12.9    3.2      S   0.80   9.7   SSO   26.4   26.1   26.1  1016.3   0.00    0.0    0.000   0.084   28.2    47   15.8   28.6    8.59   1.1546     352     1    100.0   15 
15/09/26  18:45   26.1   26.3   25.9    45   13.2    3.2      S   0.80   8.0   SSE   26.1   25.9   25.9  1016.3   0.00    0.0    0.000   0.081   28.2    48   16.1   28.6    8.80   1.1545     351     1    100.0   15 
15/09/26  19:00   25.8   25.9   25.6    48   13.9    3.2    SSO   0.80   9.7   SSO   25.8   25.7   25.7  1016.4   0.00    0.0    0.000   0.078   28.2    48   16.1   28.6    8.80   1.1546     350     1    100.0   15 
15/09/26  19:15   25.4   25.6   25.2    50   14.2    3.2     SO   0.80   8.0     S   25.4   25.3   25.3  1016.6   0.00    0.0    0.000   0.073   28.2    48   16.1   28.6    8.80   1.1548     351     1    100.0   15 
15/09/26  19:30   25.0   25.2   24.8    52   14.5    1.6     SO   0.40   6.4     S   25.0   25.0   25.0  1016.8   0.00    0.0    0.000   0.069   28.1    49   16.4   28.6    8.90   1.1549     349     1    100.0   15 
15/09/26  19:45   24.7   24.8   24.4    54   14.7    1.6     SO   0.40   6.4    SO   24.7   24.8   24.8  1017.0   0.00    0.0    0.000   0.066   28.1    49   16.3   28.5    8.90   1.1554     351     1    100.0   15 
15/09/26  20:00   24.3   24.4   24.3    56   15.0    1.6     SO   0.40   3.2    SO   24.3   24.6   24.6  1017.0   0.00    0.0    0.000   0.063   27.9    50   16.6   28.4    9.10   1.1556     351     1    100.0   15 
15/09/26  20:15   24.2   24.3   24.2    57   15.2    0.0     SO   0.00   1.6    SO   24.2   24.5   24.5  1017.1   0.00    0.0    0.000   0.061   27.8    50   16.4   28.1    9.11   1.1565     349     1    100.0   15 
15/09/26  20:30   24.1   24.2   23.9    58   15.3    0.0     SO   0.00   1.6    SO   24.1   24.4   24.4  1017.2   0.00    0.0    0.000   0.060   27.6    50   16.2   27.9    9.12   1.1574     351     1    100.0   15 
15/09/26  20:45   23.9   23.9   23.8    59   15.4    0.0     SO   0.00   1.6    SO   23.9   24.3   24.3  1017.1   0.00    0.0    0.000   0.058   27.5    51   16.5   27.8    9.32   1.1575     352     1    100.0   15 
15/09/26  21:00   23.8   23.8   23.8    59   15.3    0.0     SO   0.00   1.6    SO   23.8   24.2   24.2  1017.0   0.00    0.0    0.000   0.057   27.4    51   16.4   27.7    9.32   1.1579     350     1    100.0   15 
15/09/26  21:15   23.8   23.8   23.8    59   15.3    0.0     SO   0.00   3.2    SO   23.8   24.2   24.2  1017.0   0.00    0.0    0.000   0.057   27.3    51   16.3   27.5    9.33   1.1585     351     1    100.0   15 
15/09/26  21:30   23.9   23.9   23.8    59   15.4    1.6     SO   0.40   3.2    SO   23.9   24.3   24.3  1016.9   0.00    0.0    0.000   0.058   27.2    51   16.2   27.3    9.33   1.1590     351     1    100.0   15 
15/09/26  21:45   23.9   23.9   23.8    58   15.1    1.6     SO   0.40   3.2    SO   23.9   24.3   24.3  1016.9   0.00    0.0    0.000   0.058   27.1    51   16.1   27.3    9.33   1.1592     351     1    100.0   15 
15/09/26  22:00   23.7   23.8   23.7    60   15.5    1.6     SO   0.40   4.8   OSO   23.7   24.2   24.2  1016.9   0.00    0.0    0.000   0.056   27.1    51   16.1   27.2    9.34   1.1595     349     1    100.0   15 
15/09/26  22:15   23.4   23.7   23.3    61   15.5    3.2    ONO   0.80   4.8   ONO   23.4   23.9   23.9  1016.8   0.00    0.0    0.000   0.053   27.0    51   16.0   27.2    9.34   1.1597     351     1    100.0   15 
15/09/26  22:30   23.3   23.3   23.3    60   15.1    0.0    ONO   0.00   4.8   ENE   23.3   23.7   23.7  1016.7   0.00    0.0    0.000   0.052   26.9    51   15.9   27.1    9.34   1.1602     351     1    100.0   15 
15/09/26  22:45   23.6   23.8   23.3    56   14.3    3.2    ENE   0.80   6.4   ENE   23.6   23.8   23.8  1016.7   0.00    0.0    0.000   0.055   26.9    52   16.3   27.2    9.44   1.1594     350     1    100.0   15 
15/09/26  23:00   23.7   23.8   23.6    57   14.7    0.0    ENE   0.00   3.2   ENE   23.7   24.1   24.1  1016.7   0.00    0.0    0.000   0.056   27.1    52   16.4   27.3    9.44   1.1589     351     1    100.0   15 
15/09/26  23:15   23.2   23.6   22.9    59   14.7    0.0    ENE   0.00   3.2   ENE   23.2   23.4   23.4  1016.7   0.00    0.0    0.000   0.050   27.2    52   16.5   27.4    9.43   1.1583     350     1    100.0   15 
15/09/26  23:30   22.8   22.9   22.8    58   14.1    1.6    ENE   0.40   3.2   ENE   22.8   23.0   23.0  1016.5   0.00    0.0    0.000   0.047   27.2    52   16.5   27.5    9.43   1.1578     351     1    100.0   15 
15/09/26  23:45   22.8   22.8   22.7    57   13.8    0.0    ENE   0.00   1.6   ENE   22.8   22.9   22.9  1016.4   0.00    0.0    0.000   0.046   27.2    52   16.5   27.5    9.43   1.1577     351     1    100.0   15 
16/09/26  00:00   22.5   22.7   22.3    61   14.6    0.0    ENE   0.00   3.2   ENE   22.5   22.6   22.6  1016.4   0.00    0.0    0.000   0.043   27.3    52   16.6   27.6    9.43   1.1573     351     1    100.0   15 
16/09/26   0:15   22.1   22.3   21.9    62   14.4    0.0    ENE   0.00   3.2   ENE   22.1   22.0   22.0  1016.3   0.00    0.0    0.000   0.039   27.3    52   16.6   27.6    9.43   1.1573     348     1    100.0   15 
16/09/26   0:30   21.8   21.9   21.8    62   14.2    0.0    ENE   0.00   3.2   ENE   21.8   21.7   21.7  1016.4   0.00    0.0    0.000   0.036   27.3    52   16.6   27.6    9.43   1.1573     351     1    100.0   15 
16/09/26   0:45   21.8   21.8   21.7    63   14.4    1.6    NNO   0.40   4.8     N   21.8   21.7   21.7  1016.3   0.00    0.0    0.000   0.036   27.3    52   16.6   27.6    9.43   1.1573     351     1    100.0   15 
16/09/26   1:00   21.7   21.7   21.6    62   14.1    0.0    NNO   0.00   3.2   NNO   21.7   21.5   21.5  1016.4   0.00    0.0    0.000   0.035   27.3    52   16.6   27.6    9.43   1.1573     350     1    100.0   15 
16/09/26   1:15   21.8   21.8   21.7    61   14.0    0.0    NNO   0.00   3.2   NNO   21.8   21.7   21.7  1016.2   0.00    0.0    0.000   0.036   27.3    52   16.6   27.6    9.43   1.1572     351     1    100.0   15 
16/09/26   1:30   21.8   21.8   21.7    62   14.2    0.0    NNO   0.00   3.2   NNO   21.8   21.6   21.6  1016.1   0.00    0.0    0.000   0.036   27.2    52   16.5   27.5    9.43   1.1573     350     1    100.0   15 
16/09/26   1:45   21.4   21.7   21.2    64   14.3    1.6    NNO   0.40   4.8   NNO   21.4   21.2   21.2  1016.0   0.00    0.0    0.000   0.032   27.2    52   16.5   27.5    9.43   1.1572     351     1    100.0   15 
16/09/26   2:00   21.0   21.2   20.9    65   14.2    0.0    NNO   0.00   1.6   NNO   21.0   20.8   20.8  1015.9   0.00    0.0    0.000   0.028   27.2    52   16.5   27.4    9.43   1.1574     351     1    100.0   15 
16/09/26   2:15   20.9   20.9   20.8    65   14.1    0.0    NNO   0.00   3.2   NNO   20.9   20.8   20.8  1016.0   0.00    0.0    0.000   0.027   27.2    52   16.5   27.4    9.43   1.1574     351     1    100.0   15 
16/09/26   2:30   20.8   20.8   20.7    64   13.8    0.0    NNO   0.00   3.2   NNO   20.8   20.7   20.7  1015.9   0.00    0.0    0.000   0.026   27.1    52   16.4   27.4    9.43   1.1577     352     1    100.0   15 
16/09/26   2:45   20.7   20.8   20.7    63   13.4    1.6    NNO   0.40   4.8    NE   20.7   20.5   20.5  1015.6   0.00    0.0    0.000   0.025   27.1    52   16.4   27.4    9.43   1.1574     351     1    100.0   15 
16/09/26   3:00   20.8   20.8   20.6    63   13.5    0.0     NE   0.00   3.2    NE   20.8   20.6   20.6  1015.6   0.00    0.0    0.000   0.025   27.1    52   16.4   27.3    9.44   1.1576     348     1    100.0   15 
16/09/26   3:15   20.3   20.6   20.1    65   13.5    0.0     NE   0.00   1.6    NE   20.3   20.3   20.3  1015.5   0.00    0.0    0.000   0.021   27.0    53   16.6   27.3    9.64   1.1573     351     1    100.0   15 
16/09/26   3:30   19.9   20.1   19.7    68   13.8    1.6     NE   0.40   3.2    NE   19.9   20.1   20.1  1015.5   0.00    0.0    0.000   0.016   26.9    53   16.6   27.2    9.64   1.1577     352     1    100.0   15 
16/09/26   3:45   19.5   19.7   19.4    67   13.2    1.6     NE   0.40   4.8    NE   19.5   19.6   19.6  1015.5   0.00    0.0    0.000   0.012   26.9    53   16.5   27.2    9.64   1.1579     351     1    100.0   15 
16/09/26   4:00   19.4   19.4   19.3    67   13.1    1.6     NE   0.40   4.8    NE   19.4   19.4   19.4  1015.5   0.00    0.0    0.000   0.011   26.8    53   16.4   27.1    9.64   1.1582     351     1    100.0   15 
16/09/26   4:15   19.3   19.4   19.2    67   13.0    3.2     NE   0.80   4.8    NE   19.3   19.4   19.4  1015.6   0.00    0.0    0.000   0.010   26.8    53   16.4   27.1    9.65   1.1587     351     1    100.0   15 
16/09/26   4:30   19.1   19.2   18.8    68   13.1    1.6     NE   0.40   4.8    NE   19.1   19.2   19.2  1015.7   0.00    0.0    0.000   0.008   26.7    53   16.3   27.0    9.65   1.1590     351     1    100.0   15 
16/09/26   4:45   18.6   18.8   18.4    68   12.6    1.6     NE   0.40   3.2    NE   18.6   18.6   18.6  1015.7   0.00    0.0    0.000   0.003   26.7    53   16.3   26.9    9.65   1.1593     352     1    100.0   15 
16/09/26   5:00   18.6   18.7   18.4    66   12.1    0.0     NE   0.00   1.6    NE   18.6   18.4   18.4  1015.8   0.00    0.0    0.000   0.002   26.6    53   16.2   26.9    9.65   1.1597     351     1    100.0   15 
16/09/26   5:15   18.9   19.1   18.7    64   11.9    0.0     NE   0.00   1.6    NE   18.9   18.7   18.7  1015.8   0.00    0.0    0.000   0.006   26.5    53   16.1   26.8    9.65   1.1602     350     1    100.0   15 
16/09/26   5:30   19.2   19.2   19.1    64   12.2    0.0     NE   0.00   3.2    NE   19.2   19.1   19.1  1015.8   0.00    0.0    0.000   0.009   26.4    53   16.1   26.7    9.65   1.1606     351     1    100.0   15 
16/09/26   5:45   19.1   19.2   18.8    65   12.3    0.0     NE   0.00   3.2    NE   19.1   19.0   19.0  1016.0   0.00    0.0    0.000   0.008   26.4    53   16.0   26.6    9.65   1.1611     352     1    100.0   15 
16/09/26   6:00   18.6   18.8   18.5    67   12.4    0.0     NE   0.00   1.6    NE   18.6   18.6   18.6  1016.1   0.00    0.0    0.000   0.003   26.3    53   16.0   26.6    9.65   1.1614     351     1    100.0   15 
16/09/26   6:15   18.6   18.6   18.5    66   12.1    0.0     NE   0.00   1.6    NE   18.6   18.4   18.4  1016.1   0.00    0.0    0.000   0.002   26.3    53   16.0   26.6    9.65   1.1614     351     1    100.0   15 
16/09/26   6:30   18.9   19.2   18.6    65   12.2    0.0     NE   0.00   3.2    NE   18.9   18.8   18.8  1016.3   0.00    0.0    0.000   0.006   26.4    54   16.3   26.7    9.76   1.1610     351     1    100.0   15 
16/09/26   6:45   19.5   19.9   19.2    64   12.5    0.0     NE   0.00   1.6    NE   19.5   19.4   19.4  1016.3   0.00    0.0    0.000   0.012   26.6    53   16.2   26.8    9.65   1.1606     351     1    100.0   15 
16/09/26   7:00   20.7   21.3   20.0    61   12.9    0.0     NE   0.00   1.6    NE   20.7   20.4   20.4  1016.5   0.00    0.0    0.000   0.024   26.8    52   16.1   27.0    9.45   1.1601     350     1    100.0   15 
16/09/26   7:15   21.6   21.7   21.3    59   13.2    0.0     NE   0.00   1.6    NE   21.6   21.2   21.2  1016.5   0.00    0.0    0.000   0.034   27.0    50   15.7   27.1    9.14   1.1597     350     1    100.0   15 
16/09/26   7:30   21.3   21.6   21.2    59   13.0    0.0     NE   0.00   3.2    NE   21.3   20.9   20.9  1016.4   0.00    0.0    0.000   0.031   27.1    49   15.5   27.2    8.93   1.1594     350     1    100.0   15 
16/09/26   7:45   21.7   21.9   21.6    58   13.1    1.6     NO   0.40   4.8    NO   21.7   21.3   21.3  1016.5   0.00    0.0    0.000   0.035   27.3    49   15.6   27.3    8.93   1.1587     351     1    100.0   15 
16/09/26   8:00   22.2   22.4   21.9    58   13.5    1.6     NO   0.40   4.8    NO   22.2   22.0   22.0  1016.4   0.00    0.0    0.000   0.040   27.4    48   15.4   27.4    8.82   1.1585     351     1    100.0   15 
16/09/26   8:15   22.8   23.2   22.4    57   13.9    1.6    SSO   0.40   4.8   SSO   22.8   22.9   22.9  1016.6   0.00    0.0    0.000   0.047   27.6    48   15.6   27.7    8.82   1.1578     350     1    100.0   15 
16/09/26   8:30   23.6   24.1   23.2    55   14.0    1.6     SO   0.40   4.8    SO   23.6   23.7   23.7  1016.8   0.00    0.0    0.000   0.054   27.6    48   15.6   27.7    8.82   1.1578     350     1    100.0   15 
