                 Temp.  Temp.  Temp.  Hum.   Punt   Vel.   Dir.   Rec.  Vel.  Dir.  Sens.   Índ.   Índ.                  Int. Graus D.Graus D.  Temp.  Hum. Rosada  In.Cal.  EMC     Dens.    Mostr   Tx   Recep.  Int.
  Data    Hora    Ext.   Màx.   Mín.  Ext. Rosada   Vent   Vent   Vent  Màx.  Màx.  Tèrm.  Calor   THW    Bar    Pluja   Pluja  Calor    Fred    Int.  Int.   Int.   Int.    Int.  Int.Aire    Vent   Vent   ISS   Arc.
-------------------------------------------------------------------------------------------------------------------------------------------------------------------------------------------------------------------------
 8/08/26   0:15   23.8   24.0   23.8    72   18.5    3.2     NO   0.80   6.4    NO   23.8   24.8   24.8  1015.4   0.00    0.0    0.000   0.057   27.8    58   18.8   28.8   10.35   1.1511     350     1    100.0   15 
 8/08/26   0:30   23.8   23.8   23.7    72   18.4    0.0     NO   0.00   3.2    NO   23.8   24.8   24.8  1015.3   0.00    0.0    0.000   0.057   27.7    57   18.4   28.7   10.19   1.1517     351     1    100.0   15 
 8/08/26   0:45   23.6   23.8   23.4    74   18.7    0.0     NO   0.00   6.4   ENE   23.6   24.7   24.7  1015.3   0.00    0.0    0.000   0.055   27.7    58   18.7   28.7   10.35   1.1513     351     1    100.0   15 
 8/08/26   1:00   23.4   23.4   23.3    72   18.1    1.6    ENE   0.40   8.0     E   23.4   24.3   24.3  1015.3   0.00    0.0    0.000   0.053   27.7    57   18.4   28.6   10.19   1.1519     351     1    100.0   15 
 8/08/26   1:15   23.9   24.3   23.4    70   18.1    3.2    ENE   0.80   6.4   ENE   23.9   24.9   24.9  1015.2   0.00    0.0    0.000   0.058   27.6    57   18.3   28.5   10.18   1.1522     351     1    100.0   15 
 8/08/26   1:30   24.5   24.6   24.3    65   17.5    3.2    ENE   0.80   8.0   ENE   24.5   25.2   25.2  1015.0   0.00    0.0    0.000   0.064   27.6    57   18.3   28.5   10.18   1.1519     351     1    100.0   15 
 8/08/26   1:45   24.4   24.6   24.1    67   17.9    1.6    ENE   0.40   4.8   ENE   24.4   25.2   25.2  1015.0   0.00    0.0    0.000   0.063   27.6    56   18.0   28.4   10.05   1.1524     350     1    100.0   15 
 8/08/26   2:00   23.7   24.1   23.3    72   18.4    1.6     NO   0.40   6.4    NO   23.7   24.7   24.7  1015.0   0.00    0.0    0.000   0.056   27.6    56   18.0   28.3   10.05   1.1526     351     1    100.0   15 
 8/08/26   2:15   22.9   23.3   22.6    76   18.4    1.6     NO   0.40   6.4    NO   22.9   23.8   23.8  1014.8   0.00    0.0    0.000   0.047   27.5    57   18.2   28.3   10.18   1.1522     351     1    100.0   15 
 8/08/26   2:30   22.5   22.6   22.5    75   17.8    1.6     NO   0.40   4.8    NO   22.5   23.2   23.2  1014.7   0.00    0.0    0.000   0.043   27.4    57   18.2   28.2   10.18   1.1524     352     1    100.0   15 
 8/08/26   2:45   22.6   22.6   22.5    75   17.9    0.0     NO   0.00   4.8    NO   22.6   23.3   23.3  1014.7   0.00    0.0    0.000   0.044   27.4    57   18.1   28.2   10.18   1.1527     350     1    100.0   15 
 8/08/26   3:00   22.3   22.5   22.0    77   18.0    0.0    ---   0.00   0.0   ---   22.3   22.9   22.9  1014.6   0.00    0.0    0.000   0.041   27.3    58   18.3   28.2   10.35   1.1524     351     1    100.0   15 
 8/08/26   3:15   21.8   22.0   21.7    78   17.8    0.0    ---   0.00   0.0   ---   21.8   22.4   22.4  1014.5   0.00    0.0    0.000   0.036   27.3    58   18.3   28.1   10.35   1.1526     351     1    100.0   15 
 8/08/26   3:30   21.9   21.9   21.8    78   17.9    0.0    ---   0.00   0.0   ---   21.9   22.6   22.6  1014.6   0.00    0.0    0.000   0.037   27.2    58   18.2   28.0   10.35   1.1531     351     1    100.0   15 
 8/08/26   3:45   21.8   21.9   21.8    80   18.2    0.0    ---   0.00   0.0   ---   21.8   22.6   22.6  1014.6   0.00    0.0    0.000   0.036   27.2    59   18.5   28.0   10.55   1.1529     352     1    100.0   15 
 8/08/26   4:00   21.6   21.8   21.4    82   18.4    1.6     NO   0.40   4.8    NO   21.6   22.4   22.4  1014.5   0.00    0.0    0.000   0.034   27.1    59   18.4   27.9   10.55   1.1531     350     1    100.0   15 
 8/08/26   4:15   21.2   21.4   21.1    83   18.2    3.2     NO   0.80   6.4    NO   21.2   22.0   22.0  1014.4   0.00    0.0    0.000   0.030   27.1    60   18.6   27.9   10.75   1.1528     351     1    100.0   15 
 8/08/26   4:30   21.0   21.1   21.0    83   18.0    0.0     NO   0.00   3.2    NO   21.0   21.8   21.8  1014.5   0.00    0.0    0.000   0.028   26.9    60   18.5   27.8   10.75   1.1535     350     1    100.0   15 
 8/08/26   4:45   21.0   21.0   20.9    82   17.8    0.0    ---   0.00   0.0   ---   21.0   21.7   21.7  1014.5   0.00    0.0    0.000   0.028   26.9    60   18.5   27.7   10.75   1.1539     351     1    100.0   15 
 8/08/26   5:00   20.9   20.9   20.8    83   17.9    0.0     NO   0.00   3.2    NO   20.9   21.7   21.7  1014.8   0.00    0.0    0.000   0.027   26.8    60   18.4   27.6   10.75   1.1545     351     1    100.0   15 
 8/08/26   5:15   20.8   20.8   20.7    84   18.0    0.0      O   0.00   3.2     O   20.8   21.7   21.7  1014.9   0.00    0.0    0.000   0.025   26.8    60   18.4   27.6   10.75   1.1550     351     1    100.0   15 
 8/08/26   5:30   20.6   20.8   20.5    85   18.0    0.0     SO   0.00   3.2     O   20.6   21.6   21.6  1015.1   0.00    0.0    0.000   0.024   26.7    60   18.3   27.4   10.75   1.1555     351     1    100.0   15 
 8/08/26   5:45   20.6   20.7   20.5    85   18.0    0.0     SO   0.00   4.8    SO   20.6   21.6   21.6  1015.2   0.00    0.0    0.000   0.024   26.7    60   18.3   27.4   10.75   1.1556     352     1    100.0   15 
 8/08/26   6:00   20.9   21.1   20.7    84   18.1    0.0     SO   0.00   1.6    SO   20.9   21.7   21.7  1015.1   0.00    0.0    0.000   0.027   26.8    60   18.4   27.6   10.75   1.1552     351     1    100.0   15 
 8/08/26   6:15   21.4   21.7   21.1    82   18.2    1.6     NO   0.40   6.4   ONO   21.4   22.2   22.2  1015.2   0.00    0.0    0.000   0.032   27.0    60   18.6   27.8   10.75   1.1541     351     1    100.0   15 
 8/08/26   6:30   21.8   22.0   21.7    80   18.2    1.6     NO   0.40   4.8    NO   21.8   22.6   22.6  1015.1   0.00    0.0    0.000   0.036   27.2    59   18.5   28.0   10.55   1.1536     351     1    100.0   15 
 8/08/26   6:45   22.3   22.7   22.0    77   18.0    0.0     NO   0.00   3.2    NO   22.3   22.9   22.9  1015.2   0.00    0.0    0.000   0.041   27.3    59   18.6   28.2   10.55   1.1528     352     1    100.0   15 
 8/08/26   7:00   23.2   23.9   22.7    74   18.3    0.0    ---   0.00   0.0   ---   23.2   24.2   24.2  1015.3   0.00    0.0    0.000   0.051   27.6    58   18.5   28.5   10.35   1.1521     351     1    100.0   15 
 8/08/26   7:15   24.7   25.2   23.9    70   18.8    0.0    ---   0.00   0.0   ---   24.7   25.7   25.7  1015.4   0.00    0.0    0.000   0.066   27.9    58   18.9   29.0   10.35   1.1505     351     1    100.0   15 
 8/08/26   7:30   25.4   25.7   25.2    68   19.1    0.0    ---   0.00   0.0   ---   25.4   26.4   26.4  1015.5   0.00    0.0    0.000   0.074   28.1    58   19.1   29.3   10.35   1.1494     351     1    100.0   15 
 8/08/26   7:45   26.2   26.8   25.7    65   19.1    0.0    ESE   0.00   3.2   ESE   26.2   27.1   27.1  1015.5   0.00    0.0    0.000   0.082   28.3    57   19.0   29.6   10.21   1.1487     351     1    100.0   15 
 8/08/26   8:00   26.9   27.0   26.8    63   19.2    0.0    ---   0.00   0.0   ---   26.9   27.9   27.9  1015.7   0.00    0.0    0.000   0.089   28.4    57   19.1   29.8   10.21   1.1483     351     1    100.0   15 
 8/08/26   8:15   27.4   28.1   27.0    61   19.3    0.0    ---   0.00   0.0   ---   27.4   28.6   28.6  1015.6   0.00    0.0    0.000   0.095   28.6    57   19.3   30.1   10.22   1.1474     351     1    100.0   15 
 8/08/26   8:30   28.4   28.8   28.1    60   19.9    0.0    ---   0.00   0.0   ---   28.4   29.9   29.9  1015.8   0.00    0.0    0.000   0.105   28.8    56   19.2   30.3   10.05   1.1468     350     1    100.0   15 
 8/08/26   8:45   28.9   29.0   28.8    59   20.1    1.6    ENE   0.40   8.0   ENE   28.9   30.9   30.9  1015.7   0.00    0.0    0.000   0.111   29.1    56   19.4   30.7   10.05   1.1455     351     1    100.0   15 
 8/08/26   9:00   29.3   29.6   28.9    58   20.2    0.0      E   0.00   3.2     E   29.3   31.4   31.4  1015.7   0.00    0.0    0.000   0.115   29.3    56   19.6   31.0   10.05   1.1444     352     1    100.0   15 
 8/08/26   9:15   29.9   30.2   29.6    56   20.2    0.0     SE   0.00   4.8    SE   29.9   32.1   32.1  1015.8   0.00    0.0    0.000   0.120   29.4    56   19.7   31.2   10.05   1.1436     351     1    100.0   15 
 8/08/26   9:30   29.9   30.2   29.9    59   21.1    1.6    ENE   0.40  11.3   ESE   29.9   32.7   32.7  1015.8   0.00    0.0    0.000   0.121   29.6    56   19.9   31.6   10.04   1.1427     351     1    100.0   15 
 8/08/26   9:45   30.0   30.2   29.9    58   20.8    0.0      E   0.00  11.3     E   30.0   32.7   32.7  1015.8   0.00    0.0    0.000   0.122   29.8    56   20.1   31.8   10.04   1.1419     350     1    100.0   15 
 8/08/26  10:00   30.5   30.7   30.3    55   20.4    1.6    ENE   0.40  11.3   ENE   30.5   33.1   33.1  1015.8   0.00    0.0    0.000   0.127   30.1    56   20.3   32.4   10.03   1.1403     349     1    100.0   15 
 8/08/26  10:15   30.7   31.1   30.4    53   20.0    0.0    ENE   0.00  11.3   ENE   30.7   33.1   33.1  1015.6   0.00    0.0    0.000   0.129   30.1    54   19.8   32.1    9.73   1.1408     351     1    100.0   15 
 8/08/26  10:30   31.6   31.9   31.2    52   20.6    1.6      E   0.40  12.9     E   31.6   34.6   34.6  1015.5   0.00    0.0    0.000   0.138   29.9    50   18.4   31.2    9.05   1.1435     351     1    100.0   15 
 8/08/26  10:45   32.0   32.2   31.8    51   20.6    3.2      E   0.80  14.5     E   32.0   35.0   35.0  1015.4   0.00    0.0    0.000   0.142   29.6    48   17.4   30.4    8.75   1.1464     351     1    100.0   15 
 8/08/26  11:00   32.3   32.6   31.9    48   19.9    3.2      E   0.80  14.5   ENE   32.3   34.9   34.9  1015.3   0.00    0.0    0.000   0.146   29.4    47   16.9   30.1    8.55   1.1476     351     1    100.0   15 
 8/08/26  11:15   32.7   32.8   32.7    50   20.9    3.2    ENE   0.80  17.7   ENE   32.7   36.1   36.1  1015.1   0.00    0.0    0.000   0.150   29.2    47   16.7   29.9    8.56   1.1485     351     1    100.0   15 
 8/08/26  11:30   33.1   33.4   32.8    49   21.0    8.0    ENE   2.01  20.9   ENE   33.1   36.6   36.6  1015.1   0.00    0.0    0.000   0.154   28.9    47   16.4   29.7    8.57   1.1498     350     1    100.0   15 
 8/08/26  11:45   33.6   33.8   33.4    49   21.4    3.2      E   0.80  16.1     E   33.6   37.6   37.6  1014.9   0.00    0.0    0.000   0.159   28.8    48   16.7   29.6    8.77   1.1497     351     1    100.0   15 
 8/08/26  12:00   33.8   33.9   33.7    48   21.2    3.2      E   0.80  17.7   ENE   33.8   37.7   37.7  1014.9   0.00    0.0    0.000   0.161   28.7    47   16.2   29.3    8.58   1.1508     351     1    100.0   15 
 8/08/26  12:15   33.8   33.9   33.7    50   21.9    4.8      E   1.21  17.7     E   33.8   38.2   38.2  1014.8   0.00    0.0    0.000   0.161   28.7    47   16.2   29.3    8.58   1.1506     351     1    100.0   15 
 8/08/26  12:30   33.9   34.0   33.8    52   22.7    4.8      E   1.21  20.9     E   33.9   39.2   39.2  1014.7   0.00    0.0    0.000   0.162   28.7    46   15.9   29.2    8.45   1.1510     351     1    100.0   15 
 8/08/26  12:45   34.1   34.3   33.9    53   23.2    4.8      E   1.21  16.1     E   34.1   40.1   40.1  1014.6   0.00    0.0    0.000   0.164   28.7    46   15.9   29.2    8.45   1.1509     351     1    100.0   15 
 8/08/26  13:00   33.5   33.9   33.2    54   22.9    8.0      E   2.01  25.7     E   33.5   39.0   39.0  1014.5   0.00    0.0    0.000   0.158   28.7    46   15.9   29.2    8.45   1.1507     351     1    100.0   15 
 8/08/26  13:15   33.2   33.3   33.2    53   22.4    8.0      E   2.01  27.4   ENE   33.2   38.1   38.1  1014.4   0.00    0.0    0.000   0.155   28.7    46   15.9   29.2    8.45   1.1506     351     1    100.0   15 
 8/08/26  13:30   33.4   33.6   33.3    51   21.9    6.4    ENE   1.61  20.9     E   33.4   37.8   37.8  1014.4   0.00    0.0    0.000   0.157   28.7    46   15.9   29.2    8.45   1.1506     352     1    100.0   15 
 8/08/26  13:45   33.6   33.8   33.6    50   21.8    6.4    ENE   1.61  19.3   ENE   33.6   37.8   37.8  1014.2   0.00    0.0    0.000   0.159   28.7    46   15.9   29.2    8.45   1.1504     351     1    100.0   15 
 8/08/26  14:00   33.9   34.1   33.7    49   21.7    4.8      E   1.21  17.7   ENE   33.9   38.2   38.2  1014.0   0.00    0.0    0.000   0.162   28.7    45   15.6   29.2    8.28   1.1506     349     1    100.0   15 
 8/08/26  14:15   34.3   34.6   34.1    51   22.7    1.6      E   0.40  12.9     E   34.3   39.7   39.7  1013.8   0.00    0.0    0.000   0.166   28.6    45   15.5   29.1    8.28   1.1507     351     1    100.0   15 
 8/08/26  14:30   34.7   34.8   34.4    51   23.0    0.0     SO   0.00   8.0     O   34.7   40.6   40.6  1013.6   0.00    0.0    0.000   0.170   28.6    44   15.2   28.9    8.15   1.1509     352     1    100.0   15 
 8/08/26  14:45   34.6   34.8   34.3    50   22.6    1.6      S   0.40  12.9    SO   34.6   39.9   39.9  1013.7   0.00    0.0    0.000   0.169   28.6    45   15.5   29.1    8.28   1.1505     350     1    100.0   15 
 8/08/26  15:00   34.4   34.5   34.2    50   22.5    1.6    SSO   0.40  16.1   OSO   34.4   39.6   39.6  1013.6   0.00    0.0    0.000   0.167   28.7    45   15.6   29.2    8.28   1.1501     350     1    100.0   15 
 8/08/26  15:15   34.3   34.4   34.2    50   22.4    1.6    SSO   0.40  14.5   SSO   34.3   39.4   39.4  1013.3   0.00    0.0    0.000   0.167   28.8    45   15.7   29.3    8.27   1.1493     350     1    100.0   15 
 8/08/26  15:30   33.9   34.2   33.5    53   23.0    0.0    SSE   0.00  12.9     S   33.9   39.7   39.7  1013.2   0.00    0.0    0.000   0.163   28.9    45   15.8   29.5    8.27   1.1486     351     1    100.0   15 
 8/08/26  15:45   33.3   33.5   33.1    53   22.5    3.2      S   0.80  14.5   OSO   33.3   38.3   38.3  1013.3   0.00    0.0    0.000   0.156   28.9    45   15.8   29.6    8.27   1.1485     351     1    100.0   15 
 8/08/26  16:00   33.0   33.1   32.7    54   22.5    4.8     SO   1.21  19.3   OSO   33.0   37.8   37.8  1013.8   0.00    0.0    0.000   0.153   29.0    45   15.9   29.6    8.27   1.1487     351     1    100.0   15 
 8/08/26  16:15   32.3   32.7   31.8    59   23.2    4.8    OSO   1.21  14.5    SO   32.3   37.6   37.6  1013.7   0.00    0.0    0.000   0.145   29.0    45   15.9   29.6    8.27   1.1486     351     1    100.0   15 
 8/08/26  16:30   31.3   31.8   30.8    61   22.9    6.4    OSO   1.61  17.7   OSO   31.3   35.6   35.6  1013.8   0.00    0.0    0.000   0.135   29.0    45   15.9   29.6    8.27   1.1487     351     1    100.0   15 
 8/08/26  16:45   30.8   30.8   30.8    62   22.7    3.2    SSO   0.80  12.9     O   30.8   35.0   35.0  1013.8   0.00    0.0    0.000   0.130   28.9    44   15.5   29.4    8.15   1.1494     352     1    100.0   15 
 8/08/26  17:00   30.7   30.8   30.6    61   22.3    3.2      S   0.80  14.5     S   30.7   34.6   34.6  1013.7   0.00    0.0    0.000   0.128   28.9    44   15.4   29.4    8.15   1.1496     351     1    100.0   15 
 8/08/26  17:15   30.4   30.6   30.3    60   21.8    4.8      S   1.21   9.7    SO   30.4   34.0   34.0  1013.6   0.00    0.0    0.000   0.126   28.8    45   15.7   29.4    8.27   1.1493     350     1    100.0   15 
 8/08/26  17:30   30.2   30.3   30.1    61   21.9    1.6      S   0.40   9.7   OSO   30.2   33.7   33.7  1013.4   0.00    0.0    0.000   0.124   28.8    45   15.7   29.3    8.27   1.1494     351     1    100.0   15 
 8/08/26  17:45   29.9   30.1   29.8    61   21.6    3.2      S   0.80   6.4     S   29.9   33.2   33.2  1013.5   0.00    0.0    0.000   0.121   28.7    46   16.0   29.3    8.45   1.1494     352     1    100.0   15 
 8/08/26  18:00   29.4   29.8   29.3    61   21.1    3.2    OSO   0.80  14.5    SO   29.4   32.1   32.1  1013.5   0.00    0.0    0.000   0.116   28.6    46   15.9   29.1    8.45   1.1499     351     1    100.0   15 
 8/08/26  18:15   29.2   29.3   29.2    66   22.2    3.2      S   0.80  11.3    SE   29.2   32.6   32.6  1013.4   0.00    0.0    0.000   0.113   28.6    45   15.5   29.1    8.28   1.1502     350     1    100.0   15 
 8/08/26  18:30   28.9   29.2   28.6    70   22.9    3.2      S   0.80   9.7    SO   28.9   32.8   32.8  1014.3   0.00    0.0    0.000   0.111   28.6    45   15.5   28.9    8.28   1.1515     351     1    100.0   15 
 8/08/26  18:45   28.6   28.6   28.5    71   22.8    1.6    ONO   0.40   8.0   SSO   28.6   32.1   32.1  1014.7   0.00    0.0    0.000   0.106   28.4    45   15.3   28.7    8.29   1.1528     351     1    100.0   15 
 8/08/26  19:00   28.5   28.5   28.4    71   22.7    0.0      O   0.00   1.6     O   28.5   31.9   31.9  1014.5   0.00    0.0    0.000   0.106   28.2    44   14.8   28.3    8.15   1.1538     352     1    100.0   15 
 8/08/26  19:15   28.3   28.4   28.2    72   22.8    0.0      S   0.00   4.8     S   28.3   31.7   31.7  1014.2   0.00    0.0    0.000   0.104   28.1    45   15.1   28.3    8.30   1.1536     351     1    100.0   15 
 8/08/26  19:30   28.0   28.2   27.8    74   22.9    0.0    ESE   0.00   4.8   ESE   28.0   31.3   31.3  1014.4   0.00    0.0    0.000   0.101   28.1    46   15.4   28.3    8.45   1.1534     351     1    100.0   15 
 8/08/26  19:45   27.7   27.8   27.6    75   22.8    0.0    ---   0.00   0.0   ---   27.7   30.6   30.6  1014.7   0.00    0.0    0.000   0.097   28.1    47   15.7   28.4    8.60   1.1534     351     1    100.0   15 
 8/08/26  20:00   27.5   27.6   27.5    76   22.9    0.0    ---   0.00   0.0   ---   27.5   30.4   30.4  1014.8   0.00    0.0    0.000   0.095   28.1    47   15.7   28.3    8.60   1.1537     352     1    100.0   15 
 8/08/26  20:15   27.6   27.6   27.6    75   22.7    0.0    ---   0.00   0.0   ---   27.6   30.4   30.4  1014.8   0.00    0.0    0.000   0.096   28.0    48   16.0   28.3    8.80   1.1536     351     1    100.0   15 
 8/08/26  20:30   27.4   27.6   27.2    76   22.8    0.0    ---   0.00   0.0   ---   27.4   30.3   30.3  1015.0   0.00    0.0    0.000   0.095   28.0    48   16.0   28.3    8.80   1.1538     350     1    100.0   15 
 8/08/26  20:45   26.9   27.2   26.7    79   22.9    0.0    OSO   0.00   4.8   OSO   26.9   29.5   29.5  1015.0   0.00    0.0    0.000   0.089   28.0    48   16.0   28.3    8.80   1.1538     351     1    100.0   15 
 8/08/26  21:00   26.6   26.7   26.6    80   22.9    0.0    OSO   0.00   4.8     N   26.6   29.1   29.1  1015.0   0.00    0.0    0.000   0.086   27.9    49   16.2   28.3    8.90   1.1537     351     1    100.0   15 
 8/08/26  21:15   26.4   26.6   26.3    81   22.9    0.0      O   0.00   4.8     O   26.4   28.9   28.9  1015.1   0.00    0.0    0.000   0.084   27.9    49   16.2   28.3    8.90   1.1538     351     1    100.0   15 
 8/08/26  21:30   26.2   26.3   26.1    82   22.9    0.0     SO   0.00   4.8   OSO   26.2   28.6   28.6  1015.1   0.00    0.0    0.000   0.082   28.0    50   16.6   28.4    9.10   1.1530     350     1    100.0   15 
 8/08/26  21:45   26.0   26.1   25.9    83   22.9    0.0    OSO   0.00   3.2   OSO   26.0   28.3   28.3  1014.9   0.00    0.0    0.000   0.080   28.0    50   16.6   28.4    9.10   1.1528     351     1    100.0   15 
 8/08/26  22:00   25.8   25.9   25.8    84   22.9    0.0    OSO   0.00   1.6   OSO   25.8   28.2   28.2  1014.8   0.00    0.0    0.000   0.078   28.0    50   16.6   28.4    9.10   1.1527     351     1    100.0   15 
 8/08/26  22:15   25.7   25.8   25.7    85   23.0    0.0    OSO   0.00   3.2   OSO   25.7   28.1   28.1  1014.9   0.00    0.0    0.000   0.077   27.9    51   16.9   28.4    9.30   1.1527     352     1    100.0   15 
 8/08/26  22:30   25.7   25.7   25.7    85   23.0    0.0    OSO   0.00   3.2   OSO   25.7   28.0   28.0  1015.0   0.00    0.0    0.000   0.076   27.9    51   16.9   28.4    9.30   1.1528     351     1    100.0   15 
 8/08/26  22:45   25.7   25.7   25.7    86   23.1    0.0    OSO   0.00   4.8   OSO   25.7   28.1   28.1  1015.0   0.00    0.0    0.000   0.076   27.9    51   16.9   28.4    9.30   1.1528     351     1    100.0   15 
 8/08/26  23:00   25.6   25.7   25.6    86   23.1    0.0    ONO   0.00   4.8   SSO   25.6   28.0   28.0  1015.1   0.00    0.0    0.000   0.076   27.9    52   17.2   28.6    9.40   1.1525     351     1    100.0   15 
 8/08/26  23:15   25.6   25.6   25.6    86   23.1    1.6     NO   0.40   4.8    NO   25.6   28.0   28.0  1015.0   0.00    0.0    0.000   0.076   28.1    56   18.5   29.2   10.05   1.1497     352     1    100.0   15 
 8/08/26  23:30   25.5   25.6   25.4    85   22.8    0.0    NNO   0.00   3.2   ONO   25.5   27.7   27.7  1014.6   0.00    0.0    0.000   0.075   28.3    61   20.1   29.9   10.95   1.1459     351     1    100.0   15 
 8/08/26  23:45   25.4   25.5   25.4    86   22.9    0.0    ESE   0.00   4.8   ESE   25.4   27.7   27.7  1014.3   0.00    0.0    0.000   0.074   28.5    61   20.2   30.3   10.95   1.1446     350     1    100.0   15 
 9/08/26  00:00   25.3   25.4   25.2    86   22.8    1.6     SE   0.40   4.8    SE   25.3   27.6   27.6  1014.6   0.00    0.0    0.000   0.073   28.6    65   21.3   31.0   11.68   1.1429     350     1    100.0   15 
 9/08/26   0:15   25.1   25.2   24.9    87   22.7    3.2     NO   0.80  11.3     O   25.1   27.2   27.2  1014.9   0.00    0.0    0.000   0.070   28.6    66   21.6   31.2   11.88   1.1428     348     1    100.0   15 
 9/08/26   0:30   24.9   24.9   24.9    87   22.6    1.6    OSO   0.40   6.4   NNO   24.9   27.0   27.0  1015.1   0.00    0.0    0.000   0.069   28.6    66   21.6   31.2   11.88   1.1430     352     1    100.0   15 
 9/08/26   0:45   24.9   24.9   24.8    85   22.2    1.6     NO   0.40   6.4   NNO   24.9   26.8   26.8  1014.7   0.00    0.0    0.000   0.068   28.6    66   21.6   31.2   11.88   1.1425     351     1    100.0   15 
 9/08/26   1:00   25.1   25.2   24.9    84   22.2    1.6     NO   0.40   4.8   ONO   25.1   27.1   27.1  1014.5   0.00    0.0    0.000   0.071   28.6    66   21.6   31.2   11.88   1.1423     351     1    100.0   15 
 9/08/26   1:15   25.1   25.2   24.9    85   22.4    0.0    ESE   0.00   4.8   ESE   25.1   27.1   27.1  1014.1   0.00    0.0    0.000   0.070   28.6    67   21.8   31.4   12.08   1.1414     351     1    100.0   15 
 9/08/26   1:30   24.8   24.9   24.7    87   22.5    1.6    ESE   0.40   6.4    NE   24.8   26.8   26.8  1013.7   0.00    0.0    0.000   0.068   28.6    67   21.8   31.4   12.08   1.1410     351     1    100.0   15 
 9/08/26   1:45   24.7   24.7   24.6    87   22.4    1.6    ESE   0.40   8.0     E   24.7   26.6   26.6  1013.6   0.00    0.0    0.000   0.066   28.6    68   22.1   31.6   12.28   1.1403     352     1    100.0   15 
 9/08/26   2:00   24.4   24.6   24.3    86   21.9    1.6    ENE   0.40   4.8     E   24.4   26.3   26.3  1013.7   0.00    0.0    0.000   0.064   28.5    67   21.8   31.2   12.08   1.1412     351     1    100.0   15 
 9/08/26   2:15   24.2   24.3   24.1    84   21.3    0.0    ENE   0.00   3.2   ENE   24.2   25.9   25.9  1013.8   0.00    0.0    0.000   0.061   28.5    66   21.5   31.1   11.88   1.1418     351     1    100.0   15 
 9/08/26   2:30   23.9   24.1   23.7    81   20.5    0.0    ENE   0.00   3.2   ENE   23.9   25.4   25.4  1013.9   0.00    0.0    0.000   0.058   28.4    65   21.2   30.8   11.69   1.1426     351     1    100.0   15 
 9/08/26   2:45   23.9   24.1   23.7    84   21.1    1.6     NO   0.40   3.2   ENE   23.9   25.6   25.6  1014.0   0.00    0.0    0.000   0.058   28.3    65   21.1   30.5   11.69   1.1434     352     1    100.0   15 
 9/08/26   3:00   24.2   24.3   24.1    87   21.9    1.6    OSO   0.40   9.7    SO   24.2   25.9   25.9  1015.0   0.00    0.0    0.000   0.061   28.3    66   21.4   30.7   11.89   1.1441     351     1    100.0   15 
 9/08/26   3:15   24.2   24.3   24.0    86   21.7    1.6     NO   0.40   9.7   OSO   24.2   26.0   26.0  1014.7   0.00    0.0    0.000   0.061   28.3    67   21.6   30.7   12.09   1.1436     351     1    100.0   15 
 9/08/26   3:30   23.9   24.1   23.8    80   20.2    3.2     NO   0.80   6.4   NNO   23.9   25.3   25.3  1014.6   0.00    0.0    0.000   0.058   28.3    65   21.1   30.4   11.69   1.1444     351     1    100.0   15 
 9/08/26   3:45   24.2   24.3   23.9    77   19.9    1.6    NNO   0.40   4.8   NNO   24.2   25.5   25.5  1014.2   0.00    0.0    0.000   0.061   28.2    63   20.5   29.9   11.30   1.1454     351     1    100.0   15 
 9/08/26   4:00   24.3   24.4   24.2    79   20.5    0.0     NO   0.00   6.4   ENE   24.3   25.8   25.8  1014.4   0.00    0.0    0.000   0.063   28.1    63   20.4   29.9   11.30   1.1460     351     1    100.0   15 
 9/08/26   4:15   23.9   24.2   23.7    75   19.2    1.6     NO   0.40   6.4    NO   23.9   25.1   25.1  1014.1   0.00    0.0    0.000   0.058   28.1    61   19.9   29.6   10.95   1.1465     351     1    100.0   15 
 9/08/26   4:30   23.6   23.7   23.5    76   19.1    3.2     NO   0.80   6.4    NO   23.6   24.7   24.7  1014.0   0.00    0.0    0.000   0.054   28.0    61   19.8   29.4   10.95   1.1470     351     1    100.0   15 
