                 Temp.  Temp.  Temp.  Hum.   Punt   Vel.   Dir.   Rec.  Vel.  Dir.  Sens.   Índ.   Índ.                  Int. Graus D.Graus D.  Temp.  Hum. Rosada  In.Cal.  EMC     Dens.    Mostr   Tx   Recep.  Int.
  Data    Hora    Ext.   Màx.   Mín.  Ext. Rosada   Vent   Vent   Vent  Màx.  Màx.  Tèrm.  Calor   THW    Bar    Pluja   Pluja  Calor    Fred    Int.  Int.   Int.   Int.    Int.  Int.Aire    Vent   Vent   ISS   Arc.
-------------------------------------------------------------------------------------------------------------------------------------------------------------------------------------------------------------------------
30/08/26   0:15   21.4   21.6   21.3    81   18.0    1.6     NO   0.40   4.8   ONO   21.4   22.2   22.2  1016.7   0.00    0.0    0.000   0.032   27.8    55   17.9   28.6    9.85   1.1539     349     1    100.0   15 
30/08/26   0:30   21.2   21.3   21.0    81   17.8    1.6     NO   0.40   4.8    NO   21.2   21.8   21.8  1016.6   0.00    0.0    0.000   0.030   27.7    55   17.9   28.5    9.85   1.1541     351     1    100.0   15 
30/08/26   0:45   20.9   21.1   20.9    82   17.8    1.6     NO   0.40   4.8    NO   20.9   21.7   21.7  1016.6   0.00    0.0    0.000   0.027   27.7    55   17.8   28.4    9.85   1.1543     352     1    100.0   15 
30/08/26   1:00   20.8   20.9   20.8    82   17.6    0.0     NO   0.00   1.6    NO   20.8   21.6   21.6  1016.5   0.00    0.0    0.000   0.026   27.6    55   17.8   28.3    9.85   1.1545     351     1    100.0   15 
30/08/26   1:15   20.6   20.8   20.4    83   17.6    1.6     NO   0.40   3.2    NO   20.6   21.5   21.5  1016.5   0.00    0.0    0.000   0.024   27.6    55   17.7   28.2    9.85   1.1548     351     1    100.0   15 
30/08/26   1:30   20.3   20.4   20.2    84   17.5    0.0     NO   0.00   3.2    NO   20.3   21.2   21.2  1016.5   0.00    0.0    0.000   0.020   27.5    55   17.7   28.2    9.85   1.1551     351     1    100.0   15 
30/08/26   1:45   20.0   20.2   19.9    85   17.4    0.0     NO   0.00   1.6    NO   20.0   20.8   20.8  1016.5   0.00    0.0    0.000   0.017   27.4    55   17.6   28.1    9.85   1.1553     351     1    100.0   15 
30/08/26   2:00   19.8   19.9   19.8    85   17.2    0.0     NO   0.00   3.2    NO   19.8   20.6   20.6  1016.3   0.00    0.0    0.000   0.016   27.4    55   17.5   28.0    9.85   1.1555     352     1    100.0   15 
30/08/26   2:15   19.8   19.8   19.7    86   17.4    0.0    ---   0.00   0.0   ---   19.8   20.6   20.6  1016.3   0.00    0.0    0.000   0.015   27.3    54   17.2   27.8    9.75   1.1561     350     1    100.0   15 
30/08/26   2:30   19.7   19.7   19.6    86   17.3    0.0     NO   0.00   1.6    NO   19.7   20.4   20.4  1016.2   0.00    0.0    0.000   0.014   27.3    54   17.2   27.8    9.75   1.1560     351     1    100.0   15 
30/08/26   2:45   19.5   19.6   19.4    86   17.1    0.0     NO   0.00   3.2    NO   19.5   20.3   20.3  1016.1   0.00    0.0    0.000   0.012   27.3    54   17.2   27.7    9.75   1.1562     351     1    100.0   15 
30/08/26   3:00   19.4   19.4   19.4    87   17.2    0.0     NO   0.00   1.6    NO   19.4   20.2   20.2  1016.2   0.00    0.0    0.000   0.011   27.2    54   17.1   27.7    9.75   1.1565     352     1    100.0   15 
30/08/26   3:15   19.4   19.4   19.4    87   17.2    0.0     NO   0.00   1.6    NO   19.4   20.2   20.2  1016.2   0.00    0.0    0.000   0.011   27.2    54   17.1   27.6    9.75   1.1568     350     1    100.0   15 
30/08/26   3:30   19.4   19.4   19.3    87   17.2    0.0     NO   0.00   3.2    NO   19.4   20.2   20.2  1016.1   0.00    0.0    0.000   0.011   27.1    54   17.0   27.5    9.75   1.1571     351     1    100.0   15 
30/08/26   3:45   19.3   19.4   19.3    85   16.7    1.6     NO   0.40   4.8    NO   19.3   20.0   20.0  1016.2   0.00    0.0    0.000   0.010   27.1    55   17.2   27.5    9.85   1.1570     350     1    100.0   15 
30/08/26   4:00   19.2   19.3   19.1    84   16.4    3.2     NO   0.80   6.4    NO   19.2   19.8   19.8  1016.2   0.00    0.0    0.000   0.009   27.0    55   17.2   27.4    9.85   1.1573     351     1    100.0   15 
30/08/26   4:15   19.1   19.2   19.1    84   16.3    3.2     NO   0.80   4.8    NO   19.1   19.7   19.7  1016.2   0.00    0.0    0.000   0.008   26.8    55   17.0   27.3    9.85   1.1582     352     1    100.0   15 
30/08/26   4:30   19.1   19.2   19.1    84   16.3    3.2     NO   0.80   4.8    NO   19.1   19.7   19.7  1016.1   0.00    0.0    0.000   0.008   26.7    55   16.9   27.1    9.85   1.1590     351     1    100.0   15 
30/08/26   4:45   19.1   19.1   19.1    85   16.5    1.6     NO   0.40   4.8    NO   19.1   19.7   19.7  1016.1   0.00    0.0    0.000   0.008   26.6    55   16.8   26.9    9.86   1.1595     351     2    100.0   15 
30/08/26   5:00   19.1   19.1   19.0    86   16.7    0.0     NO   0.00   4.8    NO   19.1   19.7   19.7  1016.1   0.00    0.0    0.000   0.008   26.4    56   17.0   26.9   10.07   1.1597     351     1    100.0   15 
30/08/26   5:15   19.1   19.1   19.0    86   16.7    0.0     NO   0.00   3.2    NO   19.1   19.7   19.7  1016.2   0.00    0.0    0.000   0.008   26.3    56   16.9   26.7   10.07   1.1604     352     1    100.0   15 
30/08/26   5:30   18.7   19.1   18.4    86   16.3    0.0     NO   0.00   1.6    NO   18.7   19.3   19.3  1016.3   0.00    0.0    0.000   0.004   26.3    56   16.8   26.7   10.08   1.1608     351     1    100.0   15 
30/08/26   5:45   18.3   18.4   18.2    88   16.3    0.0     NO   0.00   1.6    NO   18.3   18.8   18.8  1016.4   0.00    0.0    0.001   0.000   26.2    57   17.0   26.6   10.19   1.1611     351     1    100.0   15 
30/08/26   6:00   18.2   18.4   18.1    89   16.4    0.0     NO   0.00   1.6    NO   18.2   18.7   18.7  1016.5   0.00    0.0    0.001   0.000   26.1    57   16.9   26.5   10.19   1.1618     351     1    100.0   15 
30/08/26   6:15   18.6   18.8   18.4    87   16.4    1.6     NO   0.40   3.2    NO   18.6   19.2   19.2  1016.6   0.00    0.0    0.000   0.003   26.1    57   16.9   26.5   10.19   1.1619     352     1    100.0   15 
30/08/26   6:30   19.2   19.6   18.8    86   16.8    0.0     NO   0.00   1.6    NO   19.2   19.8   19.8  1016.6   0.00    0.0    0.000   0.009   26.1    57   16.9   26.6   10.19   1.1616     351     1    100.0   15 
30/08/26   6:45   20.1   20.6   19.6    83   17.1    0.0     NO   0.00   1.6    NO   20.1   20.9   20.9  1016.6   0.00    0.0    0.000   0.019   26.3    57   17.1   26.8   10.17   1.1605     351     1    100.0   15 
30/08/26   7:00   21.3   21.7   20.6    78   17.3    0.0     NO   0.00   3.2    NO   21.3   21.8   21.8  1016.6   0.00    0.0    0.000   0.031   26.5    57   17.3   27.0   10.16   1.1596     351     1    100.0   15 
30/08/26   7:15   21.9   22.3   21.7    77   17.7    0.0     NO   0.00   4.8     E   21.9   22.5   22.5  1016.7   0.00    0.0    0.000   0.037   26.7    57   17.5   27.3   10.15   1.1585     351     1    100.0   15 
30/08/26   7:30   22.8   23.2   22.3    73   17.7    0.0      E   0.00   4.8     E   22.8   23.5   23.5  1016.8   0.00    0.0    0.000   0.046   26.9    57   17.7   27.5   10.16   1.1577     351     1    100.0   15 
30/08/26   7:45   23.3   23.4   23.1    73   18.2    0.0      E   0.00   3.2     E   23.3   24.2   24.2  1016.8   0.00    0.0    0.000   0.052   27.1    57   17.9   27.8   10.17   1.1566     351     1    100.0   15 
30/08/26   8:00   23.4   23.6   23.2    72   18.1    0.0      N   0.00   3.2     N   23.4   24.3   24.3  1016.8   0.00    0.0    0.000   0.053   27.2    57   18.0   27.9   10.17   1.1561     350     1    100.0   15 
30/08/26   8:15   23.7   23.8   23.6    71   18.1    1.6     SO   0.40   4.8    SO   23.7   24.7   24.7  1016.8   0.00    0.0    0.000   0.056   27.3    57   18.1   28.1   10.17   1.1555     351     1    100.0   15 
30/08/26   8:30   24.4   25.2   23.8    66   17.7    1.6      O   0.40   4.8   SSE   24.4   25.2   25.2  1016.9   0.00    0.0    0.000   0.064   27.4    56   17.9   28.2   10.05   1.1554     351     1    100.0   15 
30/08/26   8:45   25.5   25.9   25.2    64   18.2    1.6    ENE   0.40   8.0     E   25.5   26.2   26.2  1016.9   0.00    0.0    0.000   0.075   27.6    56   18.0   28.3   10.05   1.1548     351     1    100.0   15 
30/08/26   9:00   26.3   26.6   26.0    60   17.9    3.2    ENE   0.80  11.3   ENE   26.3   27.0   27.0  1016.9   0.00    0.0    0.000   0.083   27.7    55   17.9   28.5    9.85   1.1544     351     1    100.0   15 
30/08/26   9:15   26.9   27.2   26.6    57   17.7    1.6    ENE   0.40   6.4   ENE   26.9   27.5   27.5  1016.9   0.00    0.0    0.000   0.089   27.9    54   17.7   28.6    9.75   1.1539     351     1    100.0   15 
30/08/26   9:30   27.2   27.5   27.0    56   17.6    1.6    OSO   0.40   6.4   OSO   27.2   27.7   27.7  1016.8   0.00    0.0    0.000   0.092   28.0    53   17.5   28.7    9.60   1.1537     352     1    100.0   15 
30/08/26   9:45   27.8   28.0   27.5    53   17.3    1.6     SO   0.40   8.0   SSO   27.8   28.4   28.4  1016.6   0.00    0.0    0.000   0.098   28.2    53   17.7   29.0    9.60   1.1526     351     1    100.0   15 
30/08/26  10:00   28.3   28.6   28.0    47   15.9    3.2      O   0.80   9.7     O   28.3   28.8   28.8  1016.5   0.00    0.0    0.000   0.104   28.3    51   17.2   29.1    9.29   1.1525     350     1    100.0   15 
30/08/26  10:15   28.8   29.0   28.6    45   15.7    3.2    OSO   0.80   9.7    SO   28.8   29.4   29.4  1016.5   0.00    0.0    0.000   0.109   28.5    50   17.1   29.3    9.08   1.1521     351     1    100.0   15 
30/08/26  10:30   29.3   29.8   29.0    45   16.1    3.2     SO   0.80  11.3     E   29.3   29.8   29.8  1016.3   0.00    0.0    0.000   0.114   28.6    49   16.8   29.4    8.88   1.1518     350     1    100.0   15 
30/08/26  10:45   30.2   30.4   29.8    42   15.8    4.8    ESE   1.21  14.5     E   30.2   30.6   30.6  1016.1   0.00    0.0    0.000   0.123   28.9    48   16.8   29.7    8.77   1.1506     351     1    100.0   15 
30/08/26  11:00   30.6   30.8   30.4    39   15.1    3.2      S   0.80  12.9   ENE   30.6   30.7   30.7  1016.0   0.00    0.0    0.000   0.128   29.2    47   16.7   29.9    8.56   1.1495     351     1    100.0   15 
30/08/26  11:15   31.3   31.7   30.9    36   14.5    3.2    ENE   0.80   9.7     O   31.3   30.9   30.9  1015.9   0.00    0.0    0.000   0.135   29.4    46   16.6   30.1    8.45   1.1487     351     1    100.0   15 
30/08/26  11:30   31.4   31.7   31.1    36   14.5    4.8      S   1.21  16.1     O   31.4   31.1   31.1  1015.7   0.00    0.0    0.000   0.136   29.5    44   16.0   29.9    8.15   1.1489     351     1    100.0   15 
30/08/26  11:45   31.7   32.2   31.1    35   14.3    3.2    SSO   0.80   9.7     E   31.7   31.3   31.3  1015.6   0.00    0.0    0.000   0.139   29.6    44   16.1   30.1    8.14   1.1482     351     1    100.0   15 
30/08/26  12:00   32.2   32.4   32.0    36   15.3    4.8    OSO   1.21  14.5    SO   32.2   32.3   32.3  1015.5   0.00    0.0    0.000   0.145   29.8    44   16.2   30.3    8.14   1.1472     349     1    100.0   15 
30/08/26  12:15   32.0   32.2   31.8    36   15.1    4.8     SO   1.21  14.5    SO   32.0   32.0   32.0  1015.4   0.00    0.0    0.000   0.142   29.9    44   16.3   30.4    8.13   1.1466     351     1    100.0   15 
30/08/26  12:30   32.1   32.2   31.8    37   15.5    6.4      S   1.61  16.1   SSE   32.1   32.2   32.2  1015.3   0.00    0.0    0.000   0.143   30.0    44   16.4   30.5    8.13   1.1459     351     1    100.0   15 
30/08/26  12:45   32.1   32.3   31.8    36   15.1    4.8    SSO   1.21  12.9    SO   32.1   32.1   32.1  1015.0   0.00    0.0    0.000   0.143   30.2    44   16.6   30.8    8.12   1.1448     352     1    100.0   15 
30/08/26  13:00   31.9   32.4   31.7    37   15.4    8.0     SO   2.01  20.9     O   31.9   32.1   32.1  1014.9   0.00    0.0    0.000   0.142   30.3    43   16.4   30.9    7.95   1.1443     351     1    100.0   15 
30/08/26  13:15   31.8   31.9   31.6    36   14.9    6.4     SO   1.61  20.9     O   31.8   31.6   31.6  1014.8   0.00    0.0    0.000   0.140   30.4    43   16.5   31.0    7.95   1.1437     351     1    100.0   15 
30/08/26  13:30   31.8   32.1   31.5    36   14.9    8.0    OSO   2.01  17.7     S   31.8   31.6   31.6  1014.9   0.00    0.0    0.000   0.140   30.5    43   16.5   31.1    7.95   1.1434     351     1    100.0   15 
30/08/26  13:45   31.3   31.4   31.2    37   14.9    8.0      S   2.01  20.9   OSO   31.3   31.1   31.1  1014.7   0.00    0.0    0.000   0.135   30.6    42   16.2   31.1    7.81   1.1432     351     1    100.0   15 
30/08/26  14:00   31.1   31.2   31.0    37   14.7    8.0    SSO   2.01  20.9   SSE   31.1   30.7   30.7  1014.6   0.00    0.0    0.000   0.133   30.7    42   16.3   31.2    7.81   1.1428     352     1    100.0   15 
30/08/26  14:15   31.0   31.2   30.9    37   14.6    9.7      S   2.41  19.3     S   31.0   30.7   30.7  1014.4   0.00    0.0    0.000   0.132   30.7    41   16.0   31.1    7.65   1.1428     351     1    100.0   15 
30/08/26  14:30   31.1   31.3   30.8    36   14.3    8.0     SO   2.01  19.3   SSE   31.1   30.6   30.6  1014.4   0.00    0.0    0.000   0.133   30.8    40   15.6   30.9    7.50   1.1430     351     1    100.0   15 
30/08/26  14:45   31.1   31.2   30.9    36   14.2    8.0      S   2.01  24.1   SSE   31.1   30.6   30.6  1014.3   0.00    0.0    0.000   0.133   30.8    40   15.7   31.0    7.50   1.1427     351     1    100.0   15 
30/08/26  15:00   30.9   31.0   30.8    36   14.1    8.0      S   2.01  16.1    SO   30.9   30.5   30.5  1014.2   0.00    0.0    0.000   0.131   30.8    40   15.7   31.0    7.50   1.1425     350     1    100.0   15 
30/08/26  15:15   30.8   30.9   30.7    37   14.4    8.0      S   2.01  25.7     E   30.8   30.5   30.5  1014.2   0.00    0.0    0.000   0.130   30.9    39   15.3   30.9    7.30   1.1427     351     1    100.0   15 
30/08/26  15:30   30.7   30.8   30.6    38   14.7    8.0      S   2.01  20.9    SO   30.7   30.6   30.6  1014.1   0.00    0.0    0.000   0.128   30.9    39   15.4   30.9    7.30   1.1423     350     1    100.0   15 
30/08/26  15:45   30.7   30.8   30.6    37   14.3    6.4     SO   1.61  22.5   OSO   30.7   30.4   30.4  1014.1   0.00    0.0    0.000   0.128   30.9    39   15.4   30.9    7.30   1.1423     351     1    100.0   15 
30/08/26  16:00   30.8   30.9   30.7    37   14.5    6.4     SO   1.61  17.7     O   30.8   30.6   30.6  1013.9   0.00    0.0    0.000   0.130   30.9    39   15.4   30.9    7.30   1.1422     351     1    100.0   15 
30/08/26  16:15   30.7   30.9   30.6    36   13.9    6.4     SO   1.61  17.7   OSO   30.7   30.3   30.3  1014.0   0.00    0.0    0.000   0.129   30.9    39   15.4   30.9    7.30   1.1422     351     1    100.0   15 
30/08/26  16:30   30.6   30.7   30.3    35   13.4    6.4      S   1.61  14.5    SO   30.6   30.2   30.2  1014.0   0.00    0.0    0.000   0.128   30.9    39   15.3   30.9    7.30   1.1425     351     1    100.0   15 
30/08/26  16:45   30.3   30.4   30.0    33   12.2    6.4     SO   1.61  17.7     O   30.3   29.6   29.6  1014.0   0.00    0.0    0.000   0.124   30.8    37   14.5   30.6    7.00   1.1438     351     1    100.0   15 
30/08/26  17:00   29.8   30.0   29.4    34   12.2    6.4     SO   1.61  16.1   OSO   29.8   29.3   29.3  1013.9   0.00    0.0    0.000   0.119   30.8    36   14.0   30.4    6.80   1.1442     351     1    100.0   15 
30/08/26  17:15   29.3   29.4   29.2    33   11.3    6.4     SO   1.61  19.3    SO   29.3   28.6   28.6  1014.1   0.00    0.0    0.000   0.114   30.7    35   13.5   30.2    6.70   1.1454     352     1    100.0   15 
30/08/26  17:30   29.2   29.2   29.1    32   10.8    4.8    SSO   1.21  14.5     O   29.2   28.4   28.4  1014.1   0.00    0.0    0.000   0.113   30.7    35   13.5   30.2    6.69   1.1457     351     1    100.0   15 
30/08/26  17:45   29.0   29.2   28.7    34   11.5    4.8    OSO   1.21  14.5    SO   29.0   28.5   28.5  1014.1   0.00    0.0    0.000   0.111   30.3    34   12.7   29.8    6.48   1.1481     351     1    100.0   15 
30/08/26  18:00   28.2   28.7   27.7    37   12.1    4.8    OSO   1.21  14.5    SO   28.2   27.7   27.7  1014.2   0.00    0.0    0.000   0.102   29.8    35   12.7   29.4    6.66   1.1499     351     1    100.0   15 
30/08/26  18:15   27.3   27.7   27.0    41   12.9    3.2     SO   0.80   9.7   OSO   27.3   26.9   26.9  1014.2   0.00    0.0    0.000   0.094   29.4    35   12.4   29.0    6.65   1.1517     351     1    100.0   15 
30/08/26  18:30   26.7   26.9   26.5    42   12.7    1.6    OSO   0.40   6.4   OSO   26.7   26.3   26.3  1014.3   0.00    0.0    0.000   0.087   29.2    35   12.1   28.8    6.67   1.1531     350     1    100.0   15 
30/08/26  18:45   26.2   26.5   26.1    47   14.0    1.6    OSO   0.40   6.4   SSO   26.2   26.2   26.2  1014.4   0.00    0.0    0.000   0.082   28.9    36   12.4   28.7    6.79   1.1539     351     1    100.0   15 
30/08/26  19:00   25.8   26.1   25.6    52   15.2    1.6     SO   0.40   6.4   SSO   25.8   26.0   26.0  1014.6   0.00    0.0    0.000   0.078   28.8    36   12.2   28.4    6.80   1.1548     350     1    100.0   15 
30/08/26  19:15   25.2   25.6   24.9    56   15.8    3.2    OSO   0.80   9.7    SO   25.2   25.5   25.5  1014.7   0.00    0.0    0.000   0.072   28.7    38   12.9   28.5    7.25   1.1546     351     1    100.0   15 
30/08/26  19:30   24.6   24.9   24.3    59   16.1    3.2     SO   0.80   8.0    SO   24.6   24.9   24.9  1014.9   0.00    0.0    0.000   0.065   28.6    40   13.7   28.6    7.55   1.1542     351     1    100.0   15 
30/08/26  19:45   24.1   24.3   23.9    63   16.6    3.2    OSO   0.80   9.7    SO   24.1   24.7   24.7  1014.9   0.00    0.0    0.000   0.060   28.4    42   14.3   28.5    7.85   1.1542     351     1    100.0   15 
30/08/26  20:00   23.8   23.9   23.7    66   17.0    1.6      O   0.40   6.4    SO   23.8   24.6   24.6  1015.0   0.00    0.0    0.000   0.057   28.3    44   14.9   28.5    8.15   1.1539     350     1    100.0   15 
30/08/26  20:15   23.6   23.7   23.5    67   17.1    1.6    OSO   0.40   4.8     O   23.6   24.3   24.3  1015.2   0.00    0.0    0.000   0.054   28.2    45   15.2   28.4    8.29   1.1542     351     1    100.0   15 
30/08/26  20:30   23.4   23.5   23.3    68   17.2    1.6    OSO   0.40   4.8   NNO   23.4   24.3   24.3  1015.2   0.00    0.0    0.000   0.053   28.2    46   15.5   28.4    8.45   1.1541     352     1    100.0   15 
30/08/26  20:45   23.2   23.3   23.1    70   17.4    1.6      O   0.40   4.8   OSO   23.2   24.1   24.1  1015.3   0.00    0.0    0.000   0.051   28.1    46   15.4   28.3    8.45   1.1545     351     1    100.0   15 
30/08/26  21:00   22.9   23.1   22.8    72   17.6    1.6    OSO   0.40   6.4   OSO   22.9   23.7   23.7  1015.3   0.00    0.0    0.000   0.048   28.0    46   15.3   28.2    8.45   1.1551     350     1    100.0   15 
30/08/26  21:15   22.7   22.8   22.7    74   17.8    1.6      O   0.40   4.8     O   22.7   23.5   23.5  1015.3   0.00    0.0    0.000   0.046   27.9    46   15.2   28.1    8.45   1.1553     350     1    100.0   15 
30/08/26  21:30   22.7   22.8   22.6    76   18.2    1.6    OSO   0.40   4.8   OSO   22.7   23.5   23.5  1015.5   0.00    0.0    0.000   0.045   27.9    47   15.5   28.1    8.61   1.1553     352     1    100.0   15 
30/08/26  21:45   22.4   22.6   22.3    78   18.4    0.0      O   0.00   4.8     O   22.4   23.2   23.2  1015.5   0.00    0.0    0.000   0.042   27.8    47   15.4   27.9    8.61   1.1559     350     1    100.0   15 
30/08/26  22:00   22.2   22.3   22.1    79   18.4    0.0      O   0.00   4.8     O   22.2   22.9   22.9  1015.6   0.00    0.0    0.000   0.040   27.7    48   15.7   27.9    8.81   1.1559     351     1    100.0   15 
30/08/26  22:15   22.1   22.1   21.9    80   18.4    0.0      O   0.00   3.2     O   22.1   22.8   22.8  1015.6   0.00    0.0    0.000   0.039   27.7    48   15.7   27.8    8.81   1.1561     351     1    100.0   15 
30/08/26  22:30   21.9   21.9   21.9    81   18.5    0.0      O   0.00   3.2     O   21.9   22.7   22.7  1015.6   0.00    0.0    0.000   0.037   27.8    49   16.1   28.1    8.91   1.1550     351     1    100.0   15 
30/08/26  22:45   21.8   21.9   21.8    81   18.4    0.0    ONO   0.00   3.2   ONO   21.8   22.6   22.6  1015.7   0.00    0.0    0.000   0.036   28.0    51   16.9   28.6    9.30   1.1533     351     1    100.0   15 
30/08/26  23:00   21.7   21.8   21.7    82   18.5    0.0    ONO   0.00   3.2   ONO   21.7   22.6   22.6  1015.6   0.00    0.0    0.000   0.035   28.1    53   17.6   28.9    9.60   1.1518     350     1    100.0   15 
30/08/26  23:15   21.4   21.7   21.0    79   17.6    3.2    ONO   0.80   4.8   ONO   21.4   22.0   22.0  1015.8   0.00    0.0    0.000   0.032   28.2    53   17.7   29.0    9.60   1.1517     350     1    100.0   15 
30/08/26  23:30   21.1   21.2   20.9    80   17.5    1.6     NO   0.40   4.8    NO   21.1   21.7   21.7  1015.7   0.00    0.0    0.000   0.028   28.2    53   17.7   29.1    9.59   1.1513     351     1    100.0   15 
30/08/26  23:45   21.3   21.3   21.1    83   18.3    0.0     NO   0.00   1.6    NO   21.3   22.1   22.1  1015.7   0.00    0.0    0.000   0.031   28.1    53   17.6   28.9    9.60   1.1519     351     1    100.0   15 
31/08/26  00:00   21.3   21.3   21.2    83   18.3    0.0    ---   0.00   0.0   ---   21.3   22.1   22.1  1015.6   0.00    0.0    0.000   0.031   28.0    54   17.8   28.8    9.75   1.1519     351     1    100.0   15 
31/08/26   0:15   21.2   21.3   21.1    84   18.4    0.0     NO   0.00   1.6    NO   21.2   21.9   21.9  1015.7   0.00    0.0    0.000   0.030   27.9    54   17.8   28.7    9.75   1.1523     349     1    100.0   15 
31/08/26   0:30   21.1   21.1   21.1    83   18.1    0.0     NO   0.00   1.6    NO   21.1   21.8   21.8  1015.7   0.00    0.0    0.000   0.029   27.9    54   17.7   28.6    9.75   1.1526     351     1    100.0   15 
31/08/26   0:45   21.0   21.1   20.9    83   18.0    0.0     NO   0.00   1.6    NO   21.0   21.8   21.8  1015.8   0.00    0.0    0.000   0.028   27.8    54   17.7   28.6    9.75   1.1529     350     1    100.0   15 
31/08/26   1:00   20.8   20.9   20.7    81   17.5    0.0    ENE   0.00   3.2    NO   20.8   21.6   21.6  1015.9   0.00    0.0    0.000   0.026   27.8    55   17.9   28.6    9.85   1.1529     350     1    100.0   15 
31/08/26   1:15   20.3   20.6   20.2    78   16.4    0.0    ENE   0.00   1.6   ENE   20.3   21.0   21.0  1015.9   0.00    0.0    0.000   0.021   27.7    54   17.6   28.4    9.75   1.1536     351     1    100.0   15 
31/08/26   1:30   20.4   20.6   20.2    76   16.1    0.0    ENE   0.00   3.2   ENE   20.4   21.1   21.1  1016.0   0.00    0.0    0.000   0.022   27.6    53   17.2   28.1    9.62   1.1548     351     1    100.0   15 
31/08/26   1:45   20.6   20.7   20.2    72   15.3    3.2     NO   0.80   8.0    NO   20.6   20.9   20.9  1015.9   0.00    0.0    0.000   0.023   27.5    52   16.8   27.9    9.42   1.1557     350     1    100.0   15 
31/08/26   2:00   20.3   20.6   20.2    68   14.2    3.2     NO   0.80   6.4    NO   20.3   20.5   20.5  1016.0   0.00    0.0    0.000   0.021   27.4    50   16.1   27.7    9.12   1.1569     351     1    100.0   15 
31/08/26   2:15   20.7   20.9   20.6    75   16.1    1.6     NO   0.40   4.8    NO   20.7   21.2   21.2  1016.0   0.00    0.0    0.000   0.025   27.3    50   16.0   27.5    9.13   1.1575     352     1    100.0   15 
31/08/26   2:30   20.8   21.1   20.7    66   14.2    1.6     NO   0.40   4.8    NO   20.8   20.7   20.7  1015.9   0.00    0.0    0.000   0.025   27.2    50   15.9   27.3    9.13   1.1579     351     1    100.0   15 
31/08/26   2:45   20.8   20.9   20.7    68   14.7    1.6     NO   0.40   4.8    NO   20.8   20.8   20.8  1016.0   0.00    0.0    0.000   0.025   27.2    50   15.9   27.3    9.13   1.1581     351     1    100.0   15 
31/08/26   3:00   21.0   21.1   20.9    70   15.3    1.6     NO   0.40   3.2    NO   21.0   21.1   21.1  1016.1   0.00    0.0    0.000   0.028   27.2    50   15.8   27.3    9.13   1.1584     351     1    100.0   15 
31/08/26   3:15   20.9   21.0   20.8    73   15.9    0.0     NO   0.00   1.6    NO   20.9   21.2   21.2  1016.2   0.00    0.0    0.000   0.027   27.1    50   15.8   27.2    9.13   1.1588     350     1    100.0   15 
31/08/26   3:30   20.6   20.8   20.2    72   15.3    1.6    ENE   0.40   4.8   ENE   20.6   20.9   20.9  1016.1   0.00    0.0    0.000   0.023   27.1    50   15.8   27.2    9.13   1.1587     351     1    100.0   15 
31/08/26   3:45   20.1   20.2   20.0    74   15.3    0.0    ENE   0.00   3.2   ENE   20.1   20.5   20.5  1016.1   0.00    0.0    0.000   0.018   27.0    50   15.7   27.1    9.14   1.1593     351     1    100.0   15 
31/08/26   4:00   19.9   20.1   19.8    76   15.6    0.0    ENE   0.00   1.6   ENE   19.9   20.5   20.5  1016.1   0.00    0.0    0.000   0.017   26.9    51   15.9   27.1    9.34   1.1592     351     1    100.0   15 
31/08/26   4:15   19.7   19.8   19.6    76   15.3    0.0    ---   0.00   0.0   ---   19.7   20.2   20.2  1016.2   0.00    0.0    0.000   0.014   26.9    51   15.9   27.1    9.34   1.1595     349     1    100.0   15 
31/08/26   4:30   19.3   19.6   19.1    76   15.0    1.6    NNO   0.40   4.8   NNO   19.3   19.7   19.7  1016.2   0.00    0.0    0.000   0.010   26.8    51   15.8   27.0    9.34   1.1598     352     1    100.0   15 
31/08/26   4:45   19.1   19.1   19.1    77   15.0    0.0    ONO   0.00   1.6   ONO   19.1   19.5   19.5  1016.2   0.00    0.0    0.000   0.008   26.8    51   15.8   26.9    9.35   1.1601     350     1    100.0   15 
31/08/26   5:00   19.2   19.3   19.1    76   14.8    1.6    ENE   0.40   4.8   ENE   19.2   19.6   19.6  1016.2   0.00    0.0    0.000   0.009   26.7    51   15.7   26.8    9.35   1.1604     351     1    100.0   15 
31/08/26   5:15   19.3   19.4   19.3    75   14.8    1.6    ENE   0.40   3.2   ENE   19.3   19.7   19.7  1016.3   0.00    0.0    0.000   0.010   26.7    51   15.7   26.8    9.35   1.1608     351     1    100.0   15 
31/08/26   5:30   19.1   19.3   19.0    76   14.8    0.0    ENE   0.00   3.2   ENE   19.1   19.5   19.5  1016.6   0.00    0.0    0.000   0.008   26.6    51   15.6   26.7    9.35   1.1614     351     1    100.0   15 
31/08/26   5:45   18.9   19.0   18.9    77   14.8    0.0    ---   0.00   0.0   ---   18.9   19.3   19.3  1016.6   0.00    0.0    0.000   0.006   26.5    51   15.5   26.6    9.35   1.1620     351     2    100.0   15 
31/08/26   6:00   19.1   19.3   18.9    77   15.0    0.0    ENE   0.00   1.6   ENE   19.1   19.5   19.5  1016.8   0.00    0.0    0.000   0.008   26.5    51   15.5   26.6    9.35   1.1623     351     1    100.0   15 
31/08/26   6:15   19.4   19.6   19.3    76   15.1    0.0    ENE   0.00   1.6   ENE   19.4   19.9   19.9  1017.0   0.00    0.0    0.000   0.012   26.6    51   15.6   26.7    9.35   1.1619     351     1    100.0   15 
31/08/26   6:30   19.8   20.0   19.7    75   15.3    0.0    ENE   0.00   1.6   ENE   19.8   20.3   20.3  1017.1   0.00    0.0    0.000   0.016   26.8    51   15.8   26.9    9.35   1.1612     352     1    100.0   15 
31/08/26   6:45   20.2   20.6   20.0    74   15.4    0.0    ENE   0.00   3.2   ENE   20.2   20.7   20.7  1017.4   0.00    0.0    0.000   0.020   27.0    51   16.0   27.2    9.34   1.1604     351     1    100.0   15 
31/08/26   7:00   21.0   21.5   20.6    71   15.5    0.0    ENE   0.00   1.6   ENE   21.0   21.2   21.2  1017.5   0.00    0.0    0.000   0.028   27.2    51   16.2   27.4    9.33   1.1593     349     1    100.0   15 
31/08/26   7:15   21.9   22.4   21.6    70   16.2    0.0    ENE   0.00   3.2   ENE   21.9   22.3   22.3  1017.6   0.00    0.0    0.000   0.038   27.3    51   16.3   27.6    9.33   1.1589     351     1    100.0   15 
31/08/26   7:30   22.8   23.1   22.3    68   16.6    1.6     NO   0.40   4.8    NO   22.8   23.3   23.3  1017.6   0.00    0.0    0.000   0.046   27.5    51   16.5   27.8    9.32   1.1581     351     1    100.0   15 
31/08/26   7:45   22.1   22.3   21.9    69   16.2    1.6     NO   0.40   8.0     E   22.1   22.4   22.4  1017.8   0.00    0.0    0.000   0.039   27.6    51   16.6   27.9    9.32   1.1577     351     1    100.0   15 
31/08/26   8:00   22.5   22.9   22.4    67   16.1    3.2      E   0.80   9.7     E   22.5   22.9   22.9  1017.9   0.00    0.0    0.000   0.043   27.6    50   16.2   27.9    9.12   1.1582     350     1    100.0   15 
31/08/26   8:15   23.5   24.1   22.9    66   16.8    1.6    ESE   0.40   8.0     E   23.5   24.2   24.2  1018.0   0.00    0.0    0.000   0.054   27.6    51   16.6   27.9    9.32   1.1580     351     1    100.0   15 
31/08/26   8:30   24.3   24.8   24.1    64   17.1    1.6    SSO   0.40   4.8     O   24.3   24.9   24.9  1018.2   0.00    0.0    0.000   0.063   27.7    52   16.9   28.1    9.41   1.1574     351     1    100.0   15 
31/08/26   8:45   25.2   25.5   24.8    60   16.9    1.6    OSO   0.40   4.8     S   25.2   25.6   25.6  1018.2   0.00    0.0    0.000   0.071   27.8    52   17.0   28.3    9.41   1.1568     352     1    100.0   15 
31/08/26   9:00   25.6   25.8   25.5    57   16.5    1.6     SO   0.40   4.8    SO   25.6   26.0   26.0  1018.1   0.00    0.0    0.000   0.076   27.8    51   16.8   28.3    9.31   1.1569     350     1    100.0   15 
31/08/26   9:15   26.2   26.4   25.8    56   16.7    1.6    ENE   0.40   9.7    SO   26.2   26.6   26.6  1018.2   0.00    0.0    0.000   0.082   28.0    50   16.6   28.4    9.10   1.1566     351     1    100.0   15 
31/08/26   9:30   26.5   26.7   26.3    55   16.7    3.2    OSO   0.80   8.0    SO   26.5   26.9   26.9  1018.2   0.00    0.0    0.000   0.085   28.1    50   16.7   28.7    9.10   1.1560     351     1    100.0   15 
31/08/26   9:45   27.2   27.7   26.7    54   17.1    1.6     SO   0.40   6.4   ENE   27.2   27.6   27.6  1018.1   0.00    0.0    0.000   0.092   28.3    50   16.9   28.9    9.09   1.1551     351     1    100.0   15 
