                 Temp.  Temp.  Temp.  Hum.   Punt   Vel.   Dir.   Rec.  Vel.  Dir.  Sens.   Índ.   Índ.                  Int. Graus D.Graus D.  Temp.  Hum. Rosada  In.Cal.  EMC     Dens.    Mostr   Tx   Recep.  Int.
  Data    Hora    Ext.   Màx.   Mín.  Ext. Rosada   Vent   Vent   Vent  Màx.  Màx.  Tèrm.  Calor   THW    Bar    Pluja   Pluja  Calor    Fred    Int.  Int.   Int.   Int.    Int.  Int.Aire    Vent   Vent   ISS   Arc.
-------------------------------------------------------------------------------------------------------------------------------------------------------------------------------------------------------------------------
 9/08/26   0:15   25.1   25.2   24.9    87   22.7    3.2     NO   0.80  11.3     O   25.1   27.2   27.2  1014.9   0.00    0.0    0.000   0.070   28.6    66   21.6   31.2   11.88   1.1428     348     1    100.0   15 
 9/08/26   0:30   24.9   24.9   24.9    87   22.6    1.6    OSO   0.40   6.4   NNO   24.9   27.0   27.0  1015.1   0.00    0.0    0.000   0.069   28.6    66   21.6   31.2   11.88   1.1430     352     1    100.0   15 
 9/08/26   0:45   24.9   24.9   24.8    85   22.2    1.6     NO   0.40   6.4   NNO   24.9   26.8   26.8  1014.7   0.00    0.0    0.000   0.068   28.6    66   21.6   31.2   11.88   1.1425     351     1    100.0   15 
 9/08/26   1:00   25.1   25.2   24.9    84   22.2    1.6     NO   0.40   4.8   ONO   25.1   27.1   27.1  1014.5   0.00    0.0    0.000   0.071   28.6    66   21.6   31.2   11.88   1.1423     351     1    100.0   15 
 9/08/26   1:15   25.1   25.2   24.9    85   22.4    0.0    ESE   0.00   4.8   ESE   25.1   27.1   27.1  1014.1   0.00    0.0    0.000   0.070   28.6    67   21.8   31.4   12.08   1.1414     351     1    100.0   15 
 9/08/26   1:30   24.8   24.9   24.7    87   22.5    1.6    ESE   0.40   6.4    NE   24.8   26.8   26.8  1013.7   0.00    0.0    0.000   0.068   28.6    67   21.8   31.4   12.08   1.1410     351     1    100.0   15 
 9/08/26   1:45   24.7   24.7   24.6    87   22.4    1.6    ESE   0.40   8.0     E   24.7   26.6   26.6  1013.6   0.00    0.0    0.000   0.066   28.6    68   22.1   31.6   12.28   1.1403     352     1    100.0   15 
 9/08/26   2:00   24.4   24.6   24.3    86   21.9    1.6    ENE   0.40   4.8     E   24.4   26.3   26.3  1013.7   0.00    0.0    0.000   0.064   28.5    67   21.8   31.2   12.08   1.1412     351     1    100.0   15 
 9/08/26   2:15   24.2   24.3   24.1    84   21.3    0.0    ENE   0.00   3.2   ENE   24.2   25.9   25.9  1013.8   0.00    0.0    0.000   0.061   28.5    66   21.5   31.1   11.88   1.1418     351     1    100.0   15 
 9/08/26   2:30   23.9   24.1   23.7    81   20.5    0.0    ENE   0.00   3.2   ENE   23.9   25.4   25.4  1013.9   0.00    0.0    0.000   0.058   28.4    65   21.2   30.8   11.69   1.1426     351     1    100.0   15 
 9/08/26   2:45   23.9   24.1   23.7    84   21.1    1.6     NO   0.40   3.2   ENE   23.9   25.6   25.6  1014.0   0.00    0.0    0.000   0.058   28.3    65   21.1   30.5   11.69   1.1434     352     1    100.0   15 
 9/08/26   3:00   24.2   24.3   24.1    87   21.9    1.6    OSO   0.40   9.7    SO   24.2   25.9   25.9  1015.0   0.00    0.0    0.000   0.061   28.3    66   21.4   30.7   11.89   1.1441     351     1    100.0   15 
 9/08/26   3:15   24.2   24.3   24.0    86   21.7    1.6     NO   0.40   9.7   OSO   24.2   26.0   26.0  1014.7   0.00    0.0    0.000   0.061   28.3    67   21.6   30.7   12.09   1.1436     351     1    100.0   15 
 9/08/26   3:30   23.9   24.1   23.8    80   20.2    3.2     NO   0.80   6.4   NNO   23.9   25.3   25.3  1014.6   0.00    0.0    0.000   0.058   28.3    65   21.1   30.4   11.69   1.1444     351     1    100.0   15 
 9/08/26   3:45   24.2   24.3   23.9    77   19.9    1.6    NNO   0.40   4.8   NNO   24.2   25.5   25.5  1014.2   0.00    0.0    0.000   0.061   28.2    63   20.5   29.9   11.30   1.1454     351     1    100.0   15 
 9/08/26   4:00   24.3   24.4   24.2    79   20.5    0.0     NO   0.00   6.4   ENE   24.3   25.8   25.8  1014.4   0.00    0.0    0.000   0.063   28.1    63   20.4   29.9   11.30   1.1460     351     1    100.0   15 
 9/08/26   4:15   23.9   24.2   23.7    75   19.2    1.6     NO   0.40   6.4    NO   23.9   25.1   25.1  1014.1   0.00    0.0    0.000   0.058   28.1    61   19.9   29.6   10.95   1.1465     351     1    100.0   15 
 9/08/26   4:30   23.6   23.7   23.5    76   19.1    3.2     NO   0.80   6.4    NO   23.6   24.7   24.7  1014.0   0.00    0.0    0.000   0.054   28.0    61   19.8   29.4   10.95   1.1470     351     1    100.0   15 
 9/08/26   4:45   23.5   23.5   23.4    73   18.4    1.6    ENE   0.40   9.7     E   23.5   24.5   24.5  1013.7   0.00    0.0    0.000   0.054   27.9    60   19.5   29.3   10.75   1.1474     351     1    100.0   15 
 9/08/26   5:00   23.4   23.5   23.4    68   17.2    4.8    ENE   1.21  14.5   ENE   23.4   24.3   24.3  1013.4   0.00    0.0    0.000   0.053   27.9    57   18.6   28.9   10.19   1.1486     350     1    100.0   15 
 9/08/26   5:15   23.6   23.6   23.5    68   17.3    1.6    ESE   0.40   4.8   ENE   23.6   24.4   24.4  1013.2   0.00    0.0    0.000   0.054   27.8    56   18.2   28.7   10.05   1.1491     351     1    100.0   15 
 9/08/26   5:30   23.5   23.6   23.4    71   17.9    0.0     SO   0.00   6.4    SO   23.5   24.4   24.4  1013.5   0.00    0.0    0.000   0.054   27.8    56   18.2   28.7   10.05   1.1495     350     1    100.0   15 
 9/08/26   5:45   23.2   23.4   23.0    73   18.1    1.6     NO   0.40   6.4     O   23.2   24.2   24.2  1013.6   0.00    0.0    0.000   0.051   27.8    57   18.5   28.8   10.19   1.1491     351     1    100.0   15 
 9/08/26   6:00   23.1   23.3   22.9    74   18.2    3.2     NO   0.80   8.0    NO   23.1   24.1   24.1  1013.8   0.00    0.0    0.000   0.050   27.8    57   18.5   28.7   10.19   1.1497     352     1    100.0   15 
 9/08/26   6:15   23.4   23.6   23.3    74   18.5    1.6     NO   0.40   4.8    NO   23.4   24.5   24.5  1014.0   0.00    0.0    0.000   0.053   27.8    57   18.5   28.8   10.19   1.1496     351     1    100.0   15 
 9/08/26   6:30   23.8   24.4   23.6    67   17.3    0.0     NO   0.00   4.8     E   23.8   24.6   24.6  1014.1   0.00    0.0    0.000   0.057   28.0    57   18.7   29.1   10.20   1.1488     351     1    100.0   15 
 9/08/26   6:45   25.3   26.0   24.4    61   17.2    3.2    ENE   0.80   8.0     E   25.3   25.8   25.8  1014.2   0.00    0.0    0.000   0.072   28.3    54   18.1   29.2    9.75   1.1488     349     1    100.0   15 
 9/08/26   7:00   26.6   27.1   26.1    58   17.7    0.0    ESE   0.00   4.8   ESE   26.6   27.2   27.2  1014.3   0.00    0.0    0.000   0.086   28.6    53   18.0   29.6    9.58   1.1479     351     1    100.0   15 
 9/08/26   7:15   27.3   27.5   27.1    58   18.3    0.0    ---   0.00   0.0   ---   27.3   28.1   28.1  1014.4   0.00    0.0    0.000   0.093   28.8    53   18.3   30.1    9.57   1.1466     352     1    100.0   15 
 9/08/26   7:30   27.4   27.5   27.3    58   18.4    0.0    ---   0.00   0.0   ---   27.4   28.2   28.2  1014.6   0.00    0.0    0.000   0.094   29.1    53   18.5   30.3    9.56   1.1457     351     1    100.0   15 
 9/08/26   7:45   27.6   27.9   27.4    59   18.9    0.0    ---   0.00   0.0   ---   27.6   28.7   28.7  1014.7   0.00    0.0    0.000   0.097   29.3    53   18.7   30.6    9.56   1.1446     351     1    100.0   15 
 9/08/26   8:00   28.3   28.4   27.9    56   18.7    0.0    ---   0.00   0.0   ---   28.3   29.4   29.4  1014.8   0.00    0.0    0.000   0.104   29.4    53   18.8   30.7    9.55   1.1441     351     1    100.0   15 
 9/08/26   8:15   28.7   29.1   28.3    53   18.2    0.0    ---   0.00   0.0   ---   28.7   29.9   29.9  1014.7   0.00    0.0    0.000   0.108   29.6    53   19.0   31.0    9.55   1.1432     352     1    100.0   15 
 9/08/26   8:30   29.1   29.7   28.8    54   18.9    0.0    ---   0.00   0.0   ---   29.1   30.5   30.5  1014.8   0.00    0.0    0.000   0.112   29.7    52   18.8   31.1    9.35   1.1429     351     1    100.0   15 
 9/08/26   8:45   30.2   30.4   29.7    53   19.5    0.0    ---   0.00   0.0   ---   30.2   32.1   32.1  1014.7   0.00    0.0    0.000   0.123   29.9    52   19.0   31.4    9.35   1.1420     350     1    100.0   15 
 9/08/26   9:00   30.3   30.8   30.1    54   20.0    0.0    ---   0.00   0.0   ---   30.3   32.6   32.6  1014.7   0.00    0.0    0.000   0.125   30.1    51   18.9   31.6    9.23   1.1412     350     1    100.0   15 
 9/08/26   9:15   31.1   31.3   30.8    53   20.4    0.0    ---   0.00   0.0   ---   31.1   33.6   33.6  1014.8   0.00    0.0    0.000   0.133   29.9    48   17.7   30.8    8.73   1.1439     352     1    100.0   15 
 9/08/26   9:30   31.2   31.4   31.1    53   20.5    0.0    ---   0.00   0.0   ---   31.2   33.8   33.8  1014.7   0.00    0.0    0.000   0.134   29.6    48   17.4   30.4    8.75   1.1455     350     1    100.0   15 
 9/08/26   9:45   31.9   32.4   31.4    50   20.2    0.0    ---   0.00   0.0   ---   31.9   34.7   34.7  1014.9   0.00    0.0    0.000   0.142   29.4    47   16.9   30.1    8.55   1.1471     350     1    100.0   15 
 9/08/26  10:00   32.2   32.4   32.1    50   20.4    0.0    ---   0.00   0.0   ---   32.2   35.0   35.0  1014.7   0.00    0.0    0.000   0.144   29.3    47   16.9   30.1    8.55   1.1472     351     1    100.0   15 
 9/08/26  10:15   32.6   32.8   32.3    49   20.5    0.0    ---   0.00   0.0   ---   32.6   35.6   35.6  1014.6   0.00    0.0    0.000   0.149   29.3    47   16.8   30.0    8.56   1.1473     351     1    100.0   15 
 9/08/26  10:30   32.7   32.8   32.6    48   20.2    0.0    ---   0.00   0.0   ---   32.7   35.5   35.5  1014.5   0.00    0.0    0.000   0.149   29.2    46   16.4   29.9    8.45   1.1479     352     1    100.0   15 
 9/08/26  10:45   33.3   33.6   32.8    45   19.8    1.6    SSE   0.40  11.3    SO   33.3   36.1   36.1  1014.4   0.00    0.0    0.000   0.156   29.2    47   16.7   29.9    8.56   1.1477     351     1    100.0   15 
 9/08/26  11:00   33.6   33.7   33.4    44   19.6    3.2     SO   0.80   9.7     S   33.6   36.2   36.2  1014.3   0.00    0.0    0.000   0.159   29.2    47   16.7   29.9    8.56   1.1475     348     1    100.0   15 
 9/08/26  11:15   34.0   34.6   33.7    42   19.3    1.6      S   0.40   8.0   SSO   34.0   36.5   36.5  1014.2   0.00    0.0    0.000   0.163   29.2    47   16.7   29.9    8.56   1.1475     351     1    100.0   15 
 9/08/26  11:30   35.0   35.4   34.6    39   19.0    0.0    ---   0.00   0.0   ---   35.0   37.4   37.4  1014.2   0.00    0.0    0.000   0.174   29.2    46   16.4   29.9    8.45   1.1476     351     1    100.0   15 
 9/08/26  11:45   35.6   35.8   35.4    34   17.3    1.6      S   0.40  14.5     S   35.6   36.8   36.8  1014.2   0.00    0.0    0.000   0.179   29.3    45   16.2   29.9    8.25   1.1475     351     1    100.0   15 
 9/08/26  12:00   35.6   35.9   35.4    32   16.4    4.8      S   1.21  12.9     S   35.6   36.4   36.4  1014.2   0.00    0.0    0.000   0.180   29.3    45   16.2   29.9    8.25   1.1475     351     1    100.0   15 
 9/08/26  12:15   36.3   36.7   35.9    31   16.5    1.6    ENE   0.40  19.3   ENE   36.3   37.2   37.2  1013.8   0.00    0.0    0.000   0.187   29.3    45   16.2   29.9    8.25   1.1470     351     1    100.0   15 
 9/08/26  12:30   36.3   36.7   35.9    32   17.0    1.6    ESE   0.40  12.9    NO   36.3   37.4   37.4  1013.9   0.00    0.0    0.000   0.187   29.2    44   15.7   29.7    8.15   1.1484     351     1    100.0   15 
 9/08/26  12:45   36.1   36.4   35.8    30   15.8    3.2      S   0.80  16.1    SO   36.1   36.7   36.7  1013.9   0.00    0.0    0.000   0.185   28.9    44   15.5   29.4    8.15   1.1495     351     1    100.0   15 
 9/08/26  13:00   35.9   36.4   35.7    32   16.7    3.2     SO   0.80  17.7   OSO   35.9   36.9   36.9  1013.8   0.00    0.0    0.000   0.183   28.8    43   15.0   29.2    7.97   1.1507     351     1    100.0   15 
 9/08/26  13:15   36.2   36.3   35.8    31   16.4    3.2    OSO   0.80  16.1     S   36.2   37.0   37.0  1013.8   0.00    0.0    0.000   0.186   28.7    43   14.9   28.9    7.98   1.1513     351     1    100.0   15 
 9/08/26  13:30   35.2   35.8   34.6    34   16.9    4.8     SO   1.21  12.9   OSO   35.2   36.2   36.2  1013.7   0.00    0.0    0.000   0.175   28.6    42   14.4   28.7    7.85   1.1522     351     1    100.0   15 
 9/08/26  13:45   34.4   34.6   34.3    35   16.7    3.2      S   0.80  12.9     S   34.4   35.2   35.2  1013.5   0.00    0.0    0.000   0.167   28.4    42   14.2   28.4    7.85   1.1528     352     1    100.0   15 
 9/08/26  14:00   33.9   34.3   33.8    37   17.2    6.4      S   1.61  12.9     S   33.9   35.1   35.1  1013.5   0.00    0.0    0.000   0.163   28.3    41   13.8   28.2    7.69   1.1537     350     1    100.0   15 
 9/08/26  14:15   33.8   34.0   33.7    35   16.2    4.8      S   1.21  12.9     S   33.8   34.4   34.4  1013.2   0.00    0.0    0.000   0.161   28.2    41   13.7   28.1    7.69   1.1537     351     1    100.0   15 
 9/08/26  14:30   34.1   34.7   33.8    34   16.0    3.2      S   0.80  11.3    SO   34.1   34.6   34.6  1013.1   0.00    0.0    0.000   0.164   28.2    42   14.0   28.1    7.85   1.1534     351     1    100.0   15 
 9/08/26  14:45   35.3   35.8   34.7    33   16.6    1.6      S   0.40   8.0   SSE   35.3   36.2   36.2  1013.0   0.00    0.0    0.000   0.177   28.2    43   14.5   28.3    7.99   1.1526     351     1    100.0   15 
 9/08/26  15:00   36.0   36.3   35.8    32   16.7    1.6    OSO   0.40   9.7    SO   36.0   37.0   37.0  1013.0   0.00    0.0    0.000   0.184   28.3    43   14.6   28.4    7.99   1.1520     351     1    100.0   15 
 9/08/26  15:15   36.4   36.6   36.3    34   18.1    1.6     SO   0.40   8.0    SO   36.4   38.3   38.3  1012.7   0.00    0.0    0.000   0.189   28.4    42   14.3   28.5    7.85   1.1516     351     1    100.0   15 
 9/08/26  15:30   36.1   36.4   35.9    34   17.8    3.2    OSO   0.80  11.3    SO   36.1   37.7   37.7  1012.6   0.00    0.0    0.000   0.185   28.4    41   13.9   28.4    7.69   1.1519     351     1    100.0   15 
 9/08/26  15:45   35.9   36.2   35.8    34   17.6    1.6     SO   0.40  14.5    SO   35.9   37.4   37.4  1012.6   0.00    0.0    0.000   0.183   28.4    41   13.9   28.3    7.69   1.1522     351     1    100.0   15 
 9/08/26  16:00   36.4   36.6   35.8    34   18.0    1.6     SO   0.40  16.1    SO   36.4   38.2   38.2  1012.7   0.00    0.0    0.000   0.188   28.4    41   13.9   28.4    7.69   1.1521     352     1    100.0   15 
 9/08/26  16:15   35.2   35.8   34.7    37   18.3    3.2    OSO   0.80  12.9   OSO   35.2   37.1   37.1  1012.9   0.00    0.0    0.000   0.175   28.4    40   13.5   28.3    7.55   1.1527     351     1    100.0   15 
 9/08/26  16:30   34.7   34.8   34.6    37   17.8    1.6     SO   0.40  12.9    SO   34.7   36.2   36.2  1012.9   0.00    0.0    0.000   0.170   28.4    40   13.5   28.3    7.55   1.1527     351     1    100.0   15 
 9/08/26  16:45   34.8   34.8   34.7    35   17.1    0.0    ---   0.00   0.0   ---   34.8   35.8   35.8  1012.8   0.00    0.0    0.000   0.171   28.6    41   14.0   28.6    7.68   1.1516     351     1    100.0   15 
 9/08/26  17:00   34.7   34.8   34.6    37   17.9    0.0    ---   0.00   0.0   ---   34.7   36.3   36.3  1012.8   0.00    0.0    0.000   0.171   28.6    41   14.1   28.7    7.68   1.1514     352     1    100.0   15 
 9/08/26  17:15   34.1   34.6   33.6    40   18.5    1.6     SO   0.40   8.0   SSO   34.1   36.0   36.0  1012.8   0.00    0.0    0.000   0.164   28.6    41   14.0   28.6    7.68   1.1516     350     1    100.0   15 
 9/08/26  17:30   33.6   33.7   33.5    40   18.1    1.6    OSO   0.40   9.7     O   33.6   35.1   35.1  1013.0   0.00    0.0    0.000   0.159   28.6    41   14.0   28.6    7.68   1.1518     351     1    100.0   15 
 9/08/26  17:45   33.5   33.7   32.9    41   18.4    0.0    OSO   0.00   9.7   OSO   33.5   35.3   35.3  1013.0   0.00    0.0    0.000   0.158   28.6    41   14.0   28.6    7.68   1.1518     350     1    100.0   15 
 9/08/26  18:00   32.2   32.9   31.7    45   18.8    3.2    OSO   0.80   9.7   OSO   32.2   34.1   34.1  1012.9   0.00    0.0    0.000   0.145   28.6    41   14.0   28.6    7.68   1.1517     352     1    100.0   15 
 9/08/26  18:15   31.6   31.7   31.4    48   19.3    1.6    OSO   0.40   6.4     S   31.6   33.8   33.8  1012.8   0.00    0.0    0.000   0.138   28.5    40   13.6   28.4    7.55   1.1523     351     1    100.0   15 
 9/08/26  18:30   31.1   31.4   30.9    51   19.8    1.6    OSO   0.40   6.4   OSO   31.1   33.2   33.2  1012.7   0.00    0.0    0.000   0.133   28.5    41   14.0   28.5    7.68   1.1517     351     1    100.0   15 
 9/08/26  18:45   30.7   30.9   30.6    53   20.0    1.6      S   0.40   6.4   SSE   30.7   33.1   33.1  1012.4   0.00    0.0    0.000   0.129   28.6    40   13.7   28.6    7.55   1.1513     351     1    100.0   15 
 9/08/26  19:00   30.3   30.6   30.0    56   20.6    1.6      S   0.40   6.4     S   30.3   32.9   32.9  1012.3   0.00    0.0    0.000   0.125   28.7    40   13.7   28.7    7.55   1.1510     351     1    100.0   15 
 9/08/26  19:15   29.7   30.0   29.6    57   20.3    1.6    OSO   0.40   6.4     S   29.7   31.9   31.9  1012.5   0.00    0.0    0.000   0.119   28.8    41   14.2   28.9    7.67   1.1502     352     1    100.0   15 
 9/08/26  19:30   29.2   29.6   28.9    60   20.7    0.0     SO   0.00   3.2   OSO   29.2   31.5   31.5  1012.7   0.00    0.0    0.000   0.113   28.8    40   13.9   28.9    7.55   1.1506     351     1    100.0   15 
 9/08/26  19:45   28.7   28.9   28.5    63   20.9    0.0     SO   0.00   3.2    SO   28.7   30.9   30.9  1012.8   0.00    0.0    0.000   0.108   28.8    40   13.8   28.9    7.55   1.1510     351     1    100.0   15 
 9/08/26  20:00   28.3   28.5   28.1    67   21.6    0.0     SO   0.00   4.8    SO   28.3   30.7   30.7  1013.1   0.00    0.0    0.000   0.104   28.7    40   13.8   28.8    7.55   1.1516     351     1    100.0   15 
 9/08/26  20:15   27.8   28.1   27.6    72   22.3    0.0    OSO   0.00   4.8   OSO   27.8   30.6   30.6  1013.3   0.00    0.0    0.000   0.099   28.7    40   13.7   28.7    7.55   1.1521     350     1    100.0   15 
 9/08/26  20:30   27.4   27.6   27.2    76   22.8    0.0    OSO   0.00   6.4   OSO   27.4   30.3   30.3  1013.2   0.00    0.0    0.000   0.095   28.5    40   13.6   28.4    7.55   1.1528     351     1    100.0   15 
 9/08/26  20:45   27.0   27.2   26.9    77   22.6    0.0    ONO   0.00   3.2   ONO   27.0   29.5   29.5  1013.2   0.00    0.0    0.000   0.090   28.3    40   13.4   28.1    7.55   1.1539     351     1    100.0   15 
 9/08/26  21:00   26.8   26.9   26.6    76   22.2    1.6    ONO   0.40   4.8   ONO   26.8   28.9   28.9  1013.1   0.00    0.0    0.000   0.088   28.1    40   13.2   27.8    7.55   1.1546     350     1    100.0   15 
 9/08/26  21:15   26.6   26.7   26.6    76   22.0    0.0    ENE   0.00   3.2   ONO   26.6   28.7   28.7  1013.3   0.00    0.0    0.000   0.086   28.0    40   13.1   27.7    7.55   1.1553     351     1    100.0   15 
 9/08/26  21:30   26.7   26.7   26.6    78   22.5    0.0     NO   0.00   4.8   ENE   26.7   28.9   28.9  1013.4   0.00    0.0    0.000   0.087   27.9    40   13.0   27.6    7.55   1.1560     351     1    100.0   15 
 9/08/26  21:45   26.6   26.7   26.5    80   22.9    0.0    ENE   0.00   3.2   ENE   26.6   29.1   29.1  1013.5   0.00    0.0    0.000   0.086   27.8    40   12.9   27.4    7.55   1.1566     350     1    100.0   15 
 9/08/26  22:00   26.3   26.5   26.2    83   23.2    0.0      E   0.00   4.8     E   26.3   28.9   28.9  1013.6   0.00    0.0    0.000   0.083   27.7    42   13.6   27.4    7.85   1.1561     351     1    100.0   15 
 9/08/26  22:15   26.1   26.3   25.9    82   22.8    0.0     NO   0.00   4.8    NO   26.1   28.4   28.4  1013.9   0.00    0.0    0.000   0.081   27.9    53   17.4   28.6    9.61   1.1509     350     1    100.0   15 
 9/08/26  22:30   25.8   25.9   25.7    83   22.7    0.0     NO   0.00   3.2    NO   25.8   28.1   28.1  1013.8   0.00    0.0    0.000   0.078   28.3    60   19.8   29.8   10.75   1.1457     351     1    100.0   15 
 9/08/26  22:45   25.6   25.7   25.5    83   22.5    1.6     NO   0.40   4.8    NO   25.6   27.7   27.7  1013.8   0.00    0.0    0.000   0.075   28.6    62   20.6   30.7   11.08   1.1430     350     1    100.0   15 
 9/08/26  23:00   25.6   25.6   25.5    83   22.5    0.0     NO   0.00   3.2    NO   25.6   27.7   27.7  1013.7   0.00    0.0    0.000   0.075   28.8    63   21.0   31.2   11.27   1.1415     350     1    100.0   15 
 9/08/26  23:15   25.6   25.6   25.6    84   22.7    0.0     NO   0.00   1.6    NO   25.6   27.8   27.8  1013.6   0.00    0.0    0.000   0.075   28.9    64   21.4   31.6   11.47   1.1404     351     1    100.0   15 
 9/08/26  23:30   25.7   25.8   25.6    85   23.0    0.0    ENE   0.00   4.8   NNE   25.7   28.1   28.1  1013.7   0.00    0.0    0.000   0.077   28.9    64   21.4   31.7   11.47   1.1401     352     1    100.0   15 
 9/08/26  23:45   25.5   25.7   25.4    85   22.8    0.0    NNO   0.00   3.2   NNO   25.5   27.7   27.7  1013.6   0.00    0.0    0.000   0.075   28.9    65   21.7   31.9   11.67   1.1396     351     1    100.0   15 
10/08/26  00:00   25.3   25.4   25.1    85   22.6    1.6     NO   0.40   4.8    NO   25.3   27.4   27.4  1013.8   0.00    0.0    0.000   0.072   28.9    66   22.0   32.1   11.87   1.1393     351     1    100.0   15 
10/08/26   0:15   25.1   25.2   25.1    86   22.6    1.6     NO   0.40   3.2    NO   25.1   27.2   27.2  1013.6   0.00    0.0    0.000   0.071   28.9    66   21.9   31.9   11.87   1.1394     349     1    100.0   15 
10/08/26   0:30   24.9   25.1   24.8    87   22.6    1.6     NO   0.40   3.2    NO   24.9   26.9   26.9  1013.5   0.00    0.0    0.000   0.068   28.9    66   21.9   31.9   11.87   1.1393     351     1    100.0   15 
10/08/26   0:45   24.9   24.9   24.8    88   22.8    1.6     NO   0.40   3.2    NO   24.9   26.9   26.9  1013.4   0.00    0.0    0.000   0.068   28.9    67   22.1   32.2   12.07   1.1387     349     1    100.0   15 
10/08/26   1:00   24.9   24.9   24.9    88   22.8    0.0     NO   0.00   1.6    NO   24.9   27.1   27.1  1013.2   0.00    0.0    0.000   0.069   28.9    67   22.1   32.2   12.07   1.1385     352     1    100.0   15 
10/08/26   1:15   25.0   25.1   24.9    86   22.5    1.6    ENE   0.40   6.4   ENE   25.0   27.1   27.1  1013.2   0.00    0.0    0.000   0.069   28.9    67   22.1   32.2   12.07   1.1385     351     1    100.0   15 
10/08/26   1:30   25.0   25.1   24.9    86   22.5    1.6    ENE   0.40   6.4   ENE   25.0   27.1   27.1  1013.2   0.00    0.0    0.000   0.069   28.9    67   22.1   32.2   12.07   1.1385     350     1    100.0   15 
10/08/26   1:45   24.7   24.9   24.6    87   22.4    0.0    ---   0.00   0.0   ---   24.7   26.7   26.7  1013.0   0.00    0.0    0.000   0.067   28.9    67   22.1   32.2   12.07   1.1383     351     1    100.0   15 
10/08/26   2:00   24.5   24.6   24.4    87   22.2    0.0    ---   0.00   0.0   ---   24.5   26.4   26.4  1013.0   0.00    0.0    0.000   0.064   28.8    67   22.1   32.0   12.07   1.1386     352     1    100.0   15 
10/08/26   2:15   24.3   24.4   24.2    85   21.6    0.0    ENE   0.00   1.6   ENE   24.3   26.0   26.0  1013.0   0.00    0.0    0.000   0.062   28.8    66   21.8   31.8   11.87   1.1390     351     1    100.0   15 
10/08/26   2:30   24.1   24.3   23.9    87   21.8    0.0    ONO   0.00   4.8   ONO   24.1   25.9   25.9  1013.3   0.00    0.0    0.000   0.060   28.8    66   21.8   31.7   11.87   1.1397     351     1    100.0   15 
10/08/26   2:45   23.8   23.9   23.7    88   21.7    0.0    ONO   0.00   3.2   ONO   23.8   25.5   25.5  1013.5   0.00    0.0    0.000   0.057   28.7    66   21.7   31.6   11.88   1.1402     351     1    100.0   15 
10/08/26   3:00   23.7   23.7   23.7    87   21.4    0.0    ONO   0.00   1.6   ONO   23.7   25.2   25.2  1013.5   0.00    0.0    0.000   0.056   28.7    66   21.7   31.4   11.88   1.1406     352     1    100.0   15 
10/08/26   3:15   23.8   23.8   23.7    87   21.5    0.0    ---   0.00   0.0   ---   23.8   25.4   25.4  1013.5   0.00    0.0    0.000   0.057   28.6    66   21.6   31.3   11.88   1.1409     351     1    100.0   15 
10/08/26   3:30   23.8   23.8   23.8    88   21.7    0.0      E   0.00   4.8     E   23.8   25.6   25.6  1013.5   0.00    0.0    0.000   0.057   28.6    66   21.6   31.3   11.88   1.1409     351     1    100.0   15 
10/08/26   3:45   23.7   23.8   23.4    85   21.0    1.6      E   0.40  12.9   ENE   23.7   25.3   25.3  1013.5   0.00    0.0    0.000   0.056   28.6    66   21.6   31.3   11.88   1.1409     351     1    100.0   15 
10/08/26   4:00   23.3   23.4   23.3    79   19.5    6.4    ENE   1.61  14.5     E   23.3   24.4   24.4  1013.5   0.00    0.0    0.000   0.052   28.5    62   20.5   30.4   11.08   1.1432     350     1    100.0   15 
10/08/26   4:15   23.4   23.6   23.3    79   19.5    6.4    ENE   1.61  16.1   ENE   23.4   24.5   24.5  1013.4   0.00    0.0    0.000   0.053   28.4    61   20.1   30.1   10.95   1.1442     352     1    100.0   15 
10/08/26   4:30   23.7   23.7   23.6    79   19.8    4.8      E   1.21  14.5   ENE   23.7   24.9   24.9  1013.4   0.00    0.0    0.000   0.056   28.3    61   20.0   29.9   10.95   1.1448     350     1    100.0   15 
10/08/26   4:45   23.7   23.7   23.6    80   20.0    6.4    ENE   1.61  16.1   ENE   23.7   24.9   24.9  1013.2   0.00    0.0    0.000   0.056   28.2    62   20.2   29.9   11.09   1.1445     351     1    100.0   15 
