                 Temp.  Temp.  Temp.  Hum.   Punt   Vel.   Dir.   Rec.  Vel.  Dir.  Sens.   Índ.   Índ.                  Int. Graus D.Graus D.  Temp.  Hum. Rosada  In.Cal.  EMC     Dens.    Mostr   Tx   Recep.  Int.
  Data    Hora    Ext.   Màx.   Mín.  Ext. Rosada   Vent   Vent   Vent  Màx.  Màx.  Tèrm.  Calor   THW    Bar    Pluja   Pluja  Calor    Fred    Int.  Int.   Int.   Int.    Int.  Int.Aire    Vent   Vent   ISS   Arc.
-------------------------------------------------------------------------------------------------------------------------------------------------------------------------------------------------------------------------
21/08/26   0:15   22.4   22.4   22.4    82   19.2    0.0    NNO   0.00   3.2   NNO   22.4   23.4   23.4  1008.8   0.00    0.0    0.000   0.043   28.6    58   19.5   30.2   10.35   1.1390     349     1    100.0   15 
21/08/26   0:30   22.2   22.4   22.1    84   19.4    0.0    ONO   0.00   3.2   ONO   22.2   23.2   23.2  1008.6   0.40    2.0    0.000   0.041   28.6    59   19.8   30.2   10.55   1.1386     350     1    100.0   15 
21/08/26   0:45   21.8   22.1   21.7    87   19.6    0.0    ---   0.00   0.0   ---   21.8   22.9   22.9  1008.1   1.00    9.2    0.000   0.036   28.4    60   19.9   30.1   10.75   1.1382     351     1    100.0   15 
21/08/26   1:00   21.5   21.7   21.3    89   19.6    0.0    ---   0.00   0.0   ---   21.5   22.7   22.7  1007.4   0.00    0.8    0.000   0.033   28.4    61   20.1   30.1   10.95   1.1372     349     1    100.0   15 
21/08/26   1:15   21.1   21.3   21.1    90   19.4    0.0    ---   0.00   0.0   ---   21.1   22.2   22.2  1007.1   0.00    0.0    0.000   0.029   28.3    62   20.3   30.0   11.09   1.1370     351     1    100.0   15 
21/08/26   1:30   20.7   21.1   20.6    91   19.2    0.0      O   0.00   3.2   OSO   20.7   21.9   21.9  1007.6   0.00    0.0    0.000   0.025   28.2    62   20.2   29.9   11.09   1.1379     349     1    100.0   15 
21/08/26   1:45   20.6   20.6   20.5    92   19.2    0.0     SO   0.00   6.4     O   20.6   21.7   21.7  1007.4   0.00    0.0    0.000   0.023   28.1    62   20.1   29.7   11.10   1.1386     352     1    100.0   15 
21/08/26   2:00   20.4   20.5   20.4    93   19.3    0.0     SO   0.00   4.8    SO   20.4   21.6   21.6  1007.5   0.00    0.0    0.000   0.022   27.9    63   20.2   29.6   11.30   1.1389     351     1    100.0   15 
21/08/26   2:15   20.3   20.4   20.2    93   19.1    0.0      O   0.00   3.2    NO   20.3   21.4   21.4  1007.5   0.00    0.0    0.000   0.020   27.9    63   20.2   29.5   11.31   1.1392     351     1    100.0   15 
21/08/26   2:30   20.2   20.2   20.1    93   19.1    0.0     NO   0.00   3.2    NO   20.2   21.3   21.3  1007.8   0.00    0.0    0.000   0.020   27.8    63   20.1   29.3   11.31   1.1401     351     1    100.0   15 
21/08/26   2:45   19.9   20.1   19.7    93   18.8    1.6     NO   0.40   9.7    NO   19.9   20.9   20.9  1007.8   0.00    0.0    0.000   0.017   27.6    63   19.9   29.1   11.32   1.1410     352     1    100.0   15 
21/08/26   3:00   19.6   19.8   19.5    93   18.4    3.2     NO   0.80  11.3    NO   19.6   20.4   20.4  1007.7   0.00    0.0    0.000   0.013   27.4    62   19.5   28.6   11.12   1.1425     349     1    100.0   15 
21/08/26   3:15   19.5   19.6   19.5    93   18.3    1.6     NO   0.40   6.4    NO   19.5   20.4   20.4  1008.0   0.00    0.0    0.000   0.012   27.2    62   19.3   28.3   11.13   1.1441     350     1    100.0   15 
21/08/26   3:30   19.4   19.5   19.2    92   18.1    3.2     NO   0.80  12.9   ONO   19.4   20.2   20.2  1008.1   0.00    0.0    0.000   0.011   27.0    62   19.1   28.0   11.14   1.1450     351     1    100.0   15 
21/08/26   3:45   19.2   19.2   19.1    91   17.7    3.2     NO   0.80  14.5   NNO   19.2   19.9   19.9  1008.1   0.00    0.0    0.000   0.009   26.8    61   18.7   27.7   10.95   1.1464     351     1    100.0   15 
21/08/26   4:00   19.2   19.2   19.1    89   17.3    3.2     NO   0.80  14.5   NNO   19.2   19.9   19.9  1008.4   0.00    0.0    0.000   0.009   26.7    60   18.3   27.4   10.75   1.1480     352     1    100.0   15 
21/08/26   4:15   19.1   19.2   19.1    89   17.3    4.8     NO   1.21  12.9    SO   19.1   19.8   19.8  1008.4   0.00    0.0    0.000   0.008   26.5    60   18.1   27.2   10.76   1.1489     351     1    100.0   15 
21/08/26   4:30   19.2   19.3   19.1    88   17.1    4.8     NO   1.21  17.7    NO   19.2   19.9   19.9  1008.4   0.00    0.0    0.000   0.009   26.3    61   18.2   27.1   10.96   1.1493     351     1    100.0   15 
21/08/26   4:45   19.4   19.5   19.3    87   17.2    1.6     NO   0.40  11.3    NO   19.4   20.2   20.2  1008.8   0.00    0.0    0.000   0.011   26.2    61   18.1   26.9   10.97   1.1504     350     1    100.0   15 
21/08/26   5:00   19.5   19.6   19.5    87   17.3    0.0    ---   0.00   0.0   ---   19.5   20.3   20.3  1009.1   0.00    0.0    0.000   0.012   26.2    61   18.1   26.9   10.97   1.1507     352     1    100.0   15 
21/08/26   5:15   19.5   19.5   19.5    87   17.3    0.0    ---   0.00   0.0   ---   19.5   20.3   20.3  1009.4   0.00    0.0    0.000   0.012   26.2    61   18.1   26.9   10.97   1.1511     350     1    100.0   15 
21/08/26   5:30   19.4   19.5   19.4    87   17.2    0.0    ---   0.00   0.0   ---   19.4   20.2   20.2  1009.5   0.00    0.0    0.000   0.012   26.2    61   18.1   26.9   10.97   1.1512     351     1    100.0   15 
21/08/26   5:45   19.5   19.6   19.5    87   17.3    0.0    ---   0.00   0.0   ---   19.5   20.3   20.3  1009.8   0.00    0.0    0.000   0.012   26.2    61   18.1   26.9   10.97   1.1515     351     1    100.0   15 
21/08/26   6:00   19.8   19.9   19.6    86   17.4    0.0    ---   0.00   0.0   ---   19.8   20.6   20.6  1009.9   0.00    0.0    0.000   0.015   26.3    61   18.2   27.0   10.96   1.1513     351     1    100.0   15 
21/08/26   6:15   20.2   20.3   19.9    85   17.6    0.0    OSO   0.00   8.0   OSO   20.2   21.1   21.1  1009.9   0.00    0.0    0.000   0.019   26.4    61   18.3   27.2   10.96   1.1505     351     1    100.0   15 
21/08/26   6:30   20.3   20.4   20.3    83   17.3    3.2     NO   0.80  19.3    NO   20.3   21.2   21.2  1009.9   0.00    0.0    0.000   0.021   26.7    59   18.0   27.4   10.55   1.1498     351     1    100.0   15 
21/08/26   6:45   20.6   20.8   20.4    82   17.4    3.2    OSO   0.80  12.9   OSO   20.6   21.4   21.4  1010.2   0.00    0.0    0.000   0.023   27.0    59   18.3   27.8   10.55   1.1487     351     1    100.0   15 
21/08/26   7:00   21.1   21.4   20.8    80   17.5    0.0    ONO   0.00   4.8    SE   21.1   21.7   21.7  1010.5   0.00    0.0    0.000   0.028   27.2    58   18.2   27.9   10.35   1.1486     350     1    100.0   15 
21/08/26   7:15   21.9   22.1   21.4    77   17.7    0.0    ESE   0.00   1.6     O   21.9   22.5   22.5  1010.7   0.00    0.0    0.000   0.037   27.4    58   18.4   28.2   10.35   1.1476     351     1    100.0   15 
21/08/26   7:30   21.9   22.1   21.9    76   17.5    3.2     NO   0.80  11.3   ONO   21.9   22.5   22.5  1010.7   0.00    0.0    0.000   0.038   27.6    57   18.3   28.4   10.18   1.1472     349     1    100.0   15 
21/08/26   7:45   22.0   22.2   21.9    75   17.4    4.8     NO   1.21  17.7   ONO   22.0   22.5   22.5  1010.6   0.00    0.0    0.000   0.038   27.7    56   18.1   28.6   10.05   1.1467     351     1    100.0   15 
21/08/26   8:00   22.6   22.9   22.2    74   17.7    1.6    NNO   0.40   8.0    NO   22.6   23.2   23.2  1010.8   0.00    0.0    0.000   0.044   27.8    56   18.2   28.7   10.05   1.1463     350     1    100.0   15 
21/08/26   8:15   23.0   23.1   22.8    73   17.9    1.6    OSO   0.40  12.9   OSO   23.0   23.8   23.8  1010.6   0.00    0.0    0.000   0.049   28.0    55   18.1   28.9    9.85   1.1456     352     1    100.0   15 
21/08/26   8:30   23.2   23.5   22.9    71   17.7    0.0    ---   0.00   0.0   ---   23.2   24.1   24.1  1011.0   0.00    0.0    0.000   0.051   28.1    55   18.2   29.0    9.85   1.1458     351     1    100.0   15 
21/08/26   8:45   23.5   23.8   23.4    70   17.7    1.6     NO   0.40   9.7    NO   23.5   24.4   24.4  1011.1   0.00    0.0    0.000   0.054   28.1    55   18.2   29.1    9.85   1.1456     349     1    100.0   15 
21/08/26   9:00   24.2   24.5   23.8    68   17.9    0.0    NNO   0.00  11.3   OSO   24.2   25.1   25.1  1011.1   0.00    0.0    0.000   0.061   28.2    54   18.0   29.2    9.75   1.1456     352     1    100.0   15 
21/08/26   9:15   24.6   24.7   24.5    67   18.1    0.0    OSO   0.00   8.0    SO   24.6   25.4   25.4  1011.3   0.00    0.0    0.000   0.065   28.3    54   18.1   29.3    9.75   1.1452     350     1    100.0   15 
21/08/26   9:30   24.7   24.9   24.6    67   18.1    1.6     NO   0.40   8.0   ONO   24.7   25.5   25.5  1011.7   0.00    0.0    0.000   0.066   28.5    54   18.3   29.6    9.75   1.1448     351     1    100.0   15 
21/08/26   9:45   25.1   25.2   24.9    65   18.0    1.6    OSO   0.40   9.7   OSO   25.1   25.8   25.8  1011.7   0.00    0.0    0.000   0.070   28.7    54   18.4   29.9    9.75   1.1439     350     1    100.0   15 
21/08/26  10:00   25.0   25.2   24.8    65   18.0    3.2     SO   0.80  14.5   OSO   25.0   25.7   25.7  1011.7   0.00    0.0    0.000   0.069   28.8    54   18.6   30.2    9.75   1.1430     350     1    100.0   15 
21/08/26  10:15   25.0   25.2   24.8    64   17.7    4.8    OSO   1.21  19.3     O   25.0   25.7   25.7  1011.7   0.00    0.0    0.000   0.069   28.9    53   18.4   30.2    9.57   1.1428     351     1    100.0   15 
21/08/26  10:30   25.7   26.2   25.2    60   17.3    1.6     NO   0.40  14.5    SO   25.7   26.2   26.2  1011.7   0.00    0.0    0.000   0.076   29.0    52   18.1   30.2    9.37   1.1430     352     1    100.0   15 
21/08/26  10:45   26.7   26.9   26.2    57   17.4    0.0     NO   0.00   8.0   OSO   26.7   27.2   27.2  1011.7   0.00    0.0    0.000   0.087   29.2    51   18.0   30.3    9.26   1.1427     351     1    100.0   15 
21/08/26  11:00   27.2   27.3   26.9    55   17.3    0.0     SO   0.00   9.7    SO   27.2   27.7   27.7  1011.7   0.00    0.0    0.000   0.092   29.3    51   18.1   30.4    9.25   1.1418     351     1    100.0   15 
21/08/26  11:15   27.2   27.3   27.0    52   16.5    1.6     SO   0.40  12.9    NO   27.2   27.4   27.4  1011.7   0.00    0.0    0.000   0.092   29.5    50   18.0   30.5    9.05   1.1415     350     1    100.0   15 
21/08/26  11:30   27.8   28.7   27.3    50   16.5    0.0    OSO   0.00   9.7   OSO   27.8   28.2   28.2  1011.6   0.00    0.0    0.000   0.099   29.6    49   17.8   30.6    8.85   1.1412     352     1    100.0   15 
21/08/26  11:45   28.5   28.8   28.3    49   16.7    0.0     NO   0.00  12.9   ONO   28.5   29.2   29.2  1011.5   0.00    0.0    0.000   0.106   29.8    48   17.6   30.7    8.74   1.1408     350     1    100.0   15 
21/08/26  12:00   29.3   29.6   28.8    47   16.8    1.6     NO   0.40  11.3   NNO   29.3   30.0   30.0  1011.3   0.00    0.0    0.000   0.114   29.8    45   16.6   30.4    8.24   1.1417     351     1    100.0   15 
21/08/26  12:15   29.4   29.6   29.2    49   17.6    3.2     NO   0.80  16.1   OSO   29.4   30.3   30.3  1011.4   0.00    0.0    0.000   0.115   29.6    45   16.4   30.1    8.25   1.1432     350     1    100.0   15 
21/08/26  12:30   29.1   29.5   28.8    49   17.3    1.6     SO   0.40  12.9    SO   29.1   30.0   30.0  1011.3   0.00    0.0    0.000   0.112   29.5    45   16.3   30.1    8.25   1.1434     351     1    100.0   15 
21/08/26  12:45   29.8   30.0   29.4    48   17.6    0.0      O   0.00   8.0    NO   29.8   30.7   30.7  1011.3   0.00    0.0    0.000   0.119   29.4    46   16.6   30.1    8.45   1.1432     351     1    100.0   15 
21/08/26  13:00   29.8   30.3   29.4    44   16.2    1.6     NO   0.40  12.9   OSO   29.8   30.3   30.3  1011.4   0.00    0.0    0.000   0.119   29.2    46   16.4   29.9    8.45   1.1444     351     1    100.0   15 
21/08/26  13:15   30.7   30.8   30.3    43   16.7    1.6     SO   0.40  12.9   NNE   30.7   31.3   31.3  1011.2   0.00    0.0    0.000   0.128   29.0    45   15.9   29.6    8.27   1.1457     350     1    100.0   15 
21/08/26  13:30   30.7   30.9   30.4    43   16.7    1.6      S   0.40  11.3    SO   30.7   31.3   31.3  1011.1   0.00    0.0    0.000   0.128   28.9    45   15.8   29.6    8.27   1.1459     351     1    100.0   15 
21/08/26  13:45   30.8   31.2   30.4    39   15.2    1.6    NNO   0.40  14.5   NNO   30.8   30.8   30.8  1011.1   0.00    0.0    0.000   0.130   28.9    45   15.8   29.5    8.27   1.1462     352     1    100.0   15 
21/08/26  14:00   31.7   32.0   31.2    35   14.4    1.6    NNO   0.40   9.7    NO   31.7   31.4   31.4  1011.2   0.00    0.0    0.000   0.139   28.8    44   15.4   29.3    8.15   1.1471     351     1    100.0   15 
21/08/26  14:15   31.4   32.0   30.3    50   19.7    4.8    ENE   1.21  17.7   ENE   31.4   33.7   33.7  1011.1   0.00    0.0    0.000   0.136   28.8    44   15.3   29.2    8.15   1.1472     351     1    100.0   15 
21/08/26  14:30   29.8   30.3   29.2    52   18.9    4.8      E   1.21  14.5     E   29.8   31.3   31.3  1011.2   0.00    0.0    0.000   0.120   28.7    44   15.2   29.1    8.15   1.1478     351     1    100.0   15 
21/08/26  14:45   28.9   29.2   28.6    58   19.8    8.0    ENE   2.01  22.5   ENE   28.9   30.8   30.8  1011.1   0.00    0.0    0.000   0.111   28.6    44   15.1   28.9    8.15   1.1483     352     1    100.0   15 
21/08/26  15:00   28.3   28.6   27.9    61   20.1    6.4      E   1.61  22.5     E   28.3   29.9   29.9  1011.2   0.00    0.0    0.000   0.104   28.5    44   15.1   28.8    8.15   1.1487     351     1    100.0   15 
21/08/26  15:15   27.6   27.9   27.3    65   20.4    6.4      E   1.61  19.3   ENE   27.6   29.2   29.2  1011.2   0.00    0.0    0.000   0.096   28.4    45   15.4   28.8    8.29   1.1485     351     1    100.0   15 
21/08/26  15:30   26.9   27.3   26.6    69   20.7    6.4      E   1.61  17.7   ESE   26.9   28.4   28.4  1011.2   0.00    0.0    0.000   0.089   28.4    46   15.7   28.8    8.45   1.1484     351     1    100.0   15 
21/08/26  15:45   26.8   27.2   26.6    69   20.7    8.0    ENE   2.01  24.1   ESE   26.8   28.4   28.4  1011.4   0.00    0.0    0.000   0.089   28.3    49   16.6   28.9    8.89   1.1475     351     1    100.0   15 
21/08/26  16:00   26.7   27.1   26.2    72   21.2    9.7      E   2.41  22.5   ENE   26.7   28.4   28.4  1011.6   0.00    0.0    0.000   0.087   28.4    51   17.3   29.3    9.29   1.1462     352     1    100.0   15 
21/08/26  16:15   26.0   26.2   25.8    74   21.0    8.0      E   2.01  20.9     E   26.0   27.6   27.6  1011.7   0.00    0.0    0.000   0.080   28.5    52   17.7   29.4    9.38   1.1456     351     1    100.0   15 
21/08/26  16:30   25.7   25.8   25.4    75   20.9    6.4    ENE   1.61  17.7   ESE   25.7   27.2   27.2  1011.9   0.00    0.0    0.000   0.076   28.6    51   17.4   29.4    9.28   1.1461     351     1    100.0   15 
21/08/26  16:45   25.3   25.4   25.2    76   20.7    6.4      E   1.61  24.1     E   25.3   26.8   26.8  1012.0   0.00    0.0    0.000   0.072   28.5    51   17.4   29.3    9.28   1.1464     350     1    100.0   15 
21/08/26  17:00   25.2   25.4   25.1    75   20.5    6.4      E   1.61  25.7     E   25.2   26.6   26.6  1012.1   0.00    0.0    0.000   0.072   28.5    53   18.0   29.5    9.58   1.1457     351     1    100.0   15 
21/08/26  17:15   25.3   25.4   25.1    76   20.7    6.4    ENE   1.61  20.9     E   25.3   26.8   26.8  1012.0   0.00    0.0    0.000   0.072   28.5    53   18.0   29.5    9.58   1.1456     351     1    100.0   15 
21/08/26  17:30   25.1   25.1   24.9    77   20.7    8.0      E   2.01  24.1     E   25.1   26.6   26.6  1012.1   0.00    0.0    0.000   0.070   28.5    53   18.0   29.5    9.58   1.1457     350     1    100.0   15 
21/08/26  17:45   24.7   24.9   24.6    78   20.6    8.0      E   2.01  20.9   ENE   24.7   26.2   26.2  1012.3   0.00    0.0    0.000   0.066   28.5    55   18.6   29.7    9.85   1.1450     350     1    100.0   15 
21/08/26  18:00   24.6   24.6   24.6    78   20.5    6.4      E   1.61  20.9     E   24.6   26.1   26.1  1012.5   0.00    0.0    0.000   0.065   28.4    59   19.7   29.9   10.55   1.1437     349     1    100.0   15 
21/08/26  18:15   24.4   24.6   24.3    79   20.6    6.4    ESE   1.61  17.7     E   24.4   26.0   26.0  1012.7   0.00    0.0    0.000   0.064   28.4    61   20.1   30.1   10.95   1.1434     351     1    100.0   15 
21/08/26  18:30   24.2   24.3   24.0    79   20.3    6.4    ENE   1.61  22.5     E   24.2   25.7   25.7  1012.9   0.00    0.0    0.000   0.061   28.3    61   20.0   29.9   10.95   1.1442     351     1    100.0   15 
21/08/26  18:45   23.8   24.0   23.7    80   20.2    6.4      E   1.61  22.5     E   23.8   25.2   25.2  1013.1   0.00    0.0    0.000   0.057   28.1    61   19.9   29.6   10.95   1.1453     351     1    100.0   15 
21/08/26  19:00   23.7   23.7   23.6    81   20.2    6.4    ENE   1.61  20.9     E   23.7   25.0   25.0  1013.3   0.00    0.0    0.000   0.056   28.0    62   20.0   29.6   11.10   1.1458     350     1    100.0   15 
21/08/26  19:15   23.5   23.6   23.4    81   20.0    4.8      E   1.21  16.1   ENE   23.5   24.7   24.7  1013.7   0.00    0.0    0.000   0.054   27.8    62   19.9   29.3   11.11   1.1470     351     1    100.0   15 
21/08/26  19:30   23.2   23.4   23.2    82   20.0    3.2    ENE   0.80  16.1     E   23.2   24.3   24.3  1013.7   0.00    0.0    0.000   0.051   27.7    62   19.8   29.1   11.11   1.1477     351     1    100.0   15 
21/08/26  19:45   23.2   23.3   23.2    81   19.8    4.8    ESE   1.21  17.7     E   23.2   24.3   24.3  1014.0   0.00    0.0    0.000   0.051   27.7    62   19.8   29.1   11.11   1.1480     351     1    100.0   15 
21/08/26  20:00   23.2   23.2   23.1    81   19.7    3.2      E   0.80  12.9     E   23.2   24.3   24.3  1014.3   0.00    0.0    0.000   0.050   27.7    62   19.8   29.1   11.11   1.1484     351     1    100.0   15 
21/08/26  20:15   23.1   23.2   23.1    81   19.7    1.6      E   0.40   9.7     E   23.1   24.2   24.2  1014.6   0.00    0.0    0.000   0.050   27.6    62   19.7   28.9   11.12   1.1493     351     1    100.0   15 
21/08/26  20:30   23.1   23.1   23.0    81   19.6    3.2    ESE   0.80  11.3   ENE   23.1   24.1   24.1  1014.8   0.00    0.0    0.000   0.049   27.6    62   19.6   28.9   11.12   1.1498     351     1    100.0   15 
21/08/26  20:45   22.9   23.0   22.9    82   19.7    3.2      E   0.80  14.5     E   22.9   24.1   24.1  1014.8   0.00    0.0    0.000   0.048   27.5    62   19.6   28.8   11.12   1.1501     349     1    100.0   15 
21/08/26  21:00   22.9   22.9   22.8    82   19.7    3.2      E   0.80  14.5   ENE   22.9   24.0   24.0  1014.8   0.00    0.0    0.000   0.047   27.5    62   19.6   28.8   11.12   1.1501     351     1    100.0   15 
21/08/26  21:15   22.8   22.8   22.8    82   19.5    1.6    ESE   0.40   8.0     E   22.8   23.8   23.8  1014.9   0.00    0.0    0.000   0.046   27.4    63   19.8   28.8   11.32   1.1501     352     1    100.0   15 
21/08/26  21:30   22.8   22.8   22.7    82   19.5    0.0      E   0.00   8.0     E   22.8   23.8   23.8  1015.1   0.00    0.0    0.000   0.046   27.4    63   19.7   28.7   11.32   1.1507     351     1    100.0   15 
21/08/26  21:45   22.7   22.7   22.7    82   19.4    0.0      E   0.00   8.0     E   22.7   23.7   23.7  1015.2   0.00    0.0    0.000   0.045   27.3    63   19.7   28.6   11.33   1.1511     351     1    100.0   15 
21/08/26  22:00   22.7   22.8   22.7    82   19.5    1.6      E   0.40   8.0     E   22.7   23.8   23.8  1014.9   0.00    0.0    0.000   0.046   27.3    63   19.6   28.5   11.33   1.1511     350     1    100.0   15 
21/08/26  22:15   22.7   22.8   22.7    81   19.3    1.6      E   0.40   8.0     E   22.7   23.7   23.7  1015.0   0.00    0.0    0.000   0.046   27.3    63   19.6   28.5   11.33   1.1511     351     1    100.0   15 
21/08/26  22:30   22.7   22.7   22.6    81   19.2    1.6      E   0.40   9.7     E   22.7   23.7   23.7  1015.0   0.00    0.0    0.000   0.045   27.2    62   19.3   28.3   11.13   1.1518     352     1    100.0   15 
21/08/26  22:45   22.6   22.7   22.6    81   19.2    3.2    ENE   0.80  11.3     E   22.6   23.6   23.6  1014.9   0.00    0.0    0.000   0.045   27.2    62   19.3   28.3   11.13   1.1521     350     1    100.0   15 
21/08/26  23:00   22.6   22.7   22.6    81   19.2    1.6      E   0.40   8.0     E   22.6   23.6   23.6  1015.0   0.00    0.0    0.000   0.045   27.1    62   19.2   28.2   11.13   1.1525     351     1    100.0   15 
21/08/26  23:15   22.7   22.7   22.6    80   19.0    0.0    ENE   0.00   4.8   ENE   22.7   23.6   23.6  1015.1   0.00    0.0    0.000   0.045   27.1    62   19.1   28.1   11.14   1.1528     351     1    100.0   15 
21/08/26  23:30   22.6   22.7   22.6    80   19.0    1.6    ENE   0.40   8.0     E   22.6   23.6   23.6  1015.1   0.00    0.0    0.000   0.045   27.0    62   19.1   28.0   11.14   1.1531     351     1    100.0   15 
21/08/26  23:45   22.6   22.6   22.6    80   18.9    1.6    ENE   0.40   4.8   ENE   22.6   23.4   23.4  1015.2   0.00    0.0    0.000   0.044   26.9    62   19.0   27.9   11.14   1.1536     350     1    100.0   15 
22/08/26  00:00   22.6   22.6   22.6    80   18.9    0.0    ENE   0.00   3.2   ENE   22.6   23.4   23.4  1015.1   0.00    0.0    0.000   0.044   26.9    62   19.0   27.9   11.14   1.1534     351     1    100.0   15 
22/08/26   0:15   22.5   22.6   22.3    81   19.1    1.6    ENE   0.40   9.7     E   22.5   23.4   23.4  1015.1   0.00    0.0    0.000   0.043   26.9    62   19.0   27.9   11.14   1.1538     349     1    100.0   15 
22/08/26   0:30   22.2   22.3   22.1    80   18.6    3.2    ENE   0.80   9.7    NE   22.2   23.0   23.0  1015.1   0.00    0.0    0.000   0.041   26.9    62   19.0   27.9   11.14   1.1538     351     1    100.0   15 
22/08/26   0:45   22.1   22.1   22.0    79   18.2    1.6    ENE   0.40   6.4   ENE   22.1   22.8   22.8  1015.0   0.00    0.0    0.000   0.039   26.8    61   18.6   27.6   10.95   1.1546     351     1    100.0   15 
22/08/26   1:00   21.9   22.0   21.8    77   17.7    1.6    ENE   0.40   8.0     E   21.9   22.5   22.5  1015.1   0.00    0.0    0.000   0.037   26.8    61   18.6   27.6   10.95   1.1547     352     1    100.0   15 
22/08/26   1:15   21.8   21.8   21.7    76   17.4    1.6    ENE   0.40   9.7     E   21.8   22.3   22.3  1015.2   0.00    0.0    0.000   0.036   26.7    59   18.0   27.3   10.55   1.1562     350     1    100.0   15 
22/08/26   1:30   21.7   21.7   21.7    73   16.6    3.2    ENE   0.80  11.3   ENE   21.7   22.0   22.0  1015.1   0.00    0.0    0.000   0.035   26.6    58   17.7   27.2   10.35   1.1569     351     1    100.0   15 
22/08/26   1:45   21.7   21.8   21.7    73   16.7    1.6    ENE   0.40   6.4   ENE   21.7   22.1   22.1  1015.2   0.00    0.0    0.000   0.035   26.5    57   17.3   27.0   10.16   1.1579     351     1    100.0   15 
22/08/26   2:00   21.8   21.8   21.8    75   17.2    0.0      O   0.00   3.2     O   21.8   22.3   22.3  1015.0   0.00    0.0    0.000   0.036   26.4    58   17.5   27.0   10.37   1.1577     352     1    100.0   15 
22/08/26   2:15   21.7   21.8   21.6    75   17.0    1.6    ENE   0.40   6.4   ENE   21.7   22.1   22.1  1014.9   0.00    0.0    0.000   0.035   26.4    58   17.5   27.0   10.37   1.1575     351     1    100.0   15 
22/08/26   2:30   21.6   21.7   21.6    75   17.0    0.0    ENE   0.00   3.2   ENE   21.6   22.1   22.1  1015.1   0.00    0.0    0.000   0.034   26.4    58   17.5   26.9   10.37   1.1580     351     1    100.0   15 
22/08/26   2:45   21.5   21.6   21.5    73   16.5    0.0    ---   0.00   0.0   ---   21.5   21.8   21.8  1015.2   0.00    0.0    0.000   0.033   26.4    58   17.5   26.9   10.37   1.1581     351     1    100.0   15 
22/08/26   3:00   21.4   21.6   21.3    75   16.8    0.0    ---   0.00   0.0   ---   21.4   21.8   21.8  1015.2   0.00    0.0    0.000   0.032   26.4    58   17.5   26.9   10.37   1.1581     352     1    100.0   15 
22/08/26   3:15   21.3   21.3   21.3    73   16.3    0.0    ---   0.00   0.0   ---   21.3   21.6   21.6  1015.0   0.00    0.0    0.000   0.031   26.4    57   17.2   26.9   10.17   1.1583     351     1    100.0   15 
22/08/26   3:30   21.4   21.4   21.3    71   15.9    0.0    ---   0.00   0.0   ---   21.4   21.6   21.6  1015.0   0.00    0.0    0.000   0.032   26.3    57   17.1   26.8   10.17   1.1586     350     1    100.0   15 
22/08/26   3:45   21.5   21.6   21.4    72   16.2    0.0    ---   0.00   0.0   ---   21.5   21.8   21.8  1015.1   0.00    0.0    0.000   0.033   26.3    57   17.1   26.8   10.17   1.1587     351     1    100.0   15 
