                 Temp.  Temp.  Temp.  Hum.   Punt   Vel.   Dir.   Rec.  Vel.  Dir.  Sens.   Índ.   Índ.                  Int. Graus D.Graus D.  Temp.  Hum. Rosada  In.Cal.  EMC     Dens.    Mostr   Tx   Recep.  Int.
  Data    Hora    Ext.   Màx.   Mín.  Ext. Rosada   Vent   Vent   Vent  Màx.  Màx.  Tèrm.  Calor   THW    Bar    Pluja   Pluja  Calor    Fred    Int.  Int.   Int.   Int.    Int.  Int.Aire    Vent   Vent   ISS   Arc.
-------------------------------------------------------------------------------------------------------------------------------------------------------------------------------------------------------------------------
29/08/26   0:15   20.8   20.8   20.7    49    9.7    1.6     NO   0.40   6.4    NO   20.8   19.9   19.9  1018.2   0.00    0.0    0.000   0.025   27.1    36   10.7   26.3    6.92   1.1672     348     1    100.0   15 
29/08/26   0:30   20.7   20.7   20.7    52   10.5    1.6     NO   0.40   3.2    NO   20.7   19.9   19.9  1018.2   0.00    0.0    0.000   0.024   27.0    36   10.7   26.2    6.93   1.1674     352     1    100.0   15 
29/08/26   0:45   20.9   21.1   20.7    57   12.0    0.0     NE   0.00   3.2   NNE   20.9   20.3   20.3  1017.9   0.00    0.0    0.000   0.027   27.0    37   11.1   26.3    7.14   1.1668     349     1    100.0   15 
29/08/26   1:00   20.9   21.1   20.6    51   10.4    1.6     NO   0.40   4.8    NO   20.9   20.1   20.1  1017.7   0.00    0.0    0.000   0.027   27.0    38   11.5   26.3    7.25   1.1662     350     1    100.0   15 
29/08/26   1:15   20.3   20.6   20.2    53   10.4    3.2     NO   0.80   6.4    NO   20.3   19.7   19.7  1017.7   0.00    0.0    0.000   0.020   26.9    38   11.4   26.3    7.25   1.1663     351     1    100.0   15 
29/08/26   1:30   20.1   20.2   20.1    55   10.8    3.2     NO   0.80   6.4    NO   20.1   19.7   19.7  1017.6   0.00    0.0    0.000   0.019   26.9    38   11.4   26.3    7.25   1.1662     350     1    100.0   15 
29/08/26   1:45   20.3   20.4   20.1    55   10.9    3.2     NO   0.80   4.8    NO   20.3   19.8   19.8  1017.4   0.00    0.0    0.000   0.020   26.9    38   11.4   26.2    7.25   1.1663     351     1    100.0   15 
29/08/26   2:00   20.4   20.5   20.4    55   11.1    0.0     NO   0.00   4.8    NO   20.4   19.9   19.9  1017.3   0.00    0.0    0.000   0.022   26.8    39   11.7   26.2    7.44   1.1661     351     1    100.0   15 
29/08/26   2:15   20.4   20.4   20.3    56   11.3    1.6     NO   0.40   3.2    NO   20.4   19.9   19.9  1017.2   0.00    0.0    0.000   0.021   26.8    39   11.7   26.2    7.44   1.1660     351     1    100.0   15 
29/08/26   2:30   20.2   20.3   20.0    57   11.4    0.0     NO   0.00   3.2    NO   20.2   19.8   19.8  1017.2   0.00    0.0    0.000   0.019   26.8    39   11.7   26.2    7.45   1.1661     351     1    100.0   15 
29/08/26   2:45   19.8   20.0   19.7    58   11.3    0.0     NO   0.00   3.2    NO   19.8   19.6   19.6  1017.0   0.00    0.0    0.000   0.016   26.7    40   12.0   26.2    7.55   1.1658     352     1    100.0   15 
29/08/26   3:00   19.4   19.7   19.2    60   11.5    1.6     NO   0.40   4.8    NO   19.4   19.2   19.2  1017.0   0.00    0.0    0.000   0.012   26.7    40   11.9   26.1    7.55   1.1661     351     1    100.0   15 
29/08/26   3:15   18.9   19.2   18.7    62   11.4    1.6     NO   0.40   4.8    NO   18.9   18.6   18.6  1017.0   0.00    0.0    0.000   0.006   26.6    40   11.9   26.1    7.55   1.1663     351     1    100.0   15 
29/08/26   3:30   18.6   18.7   18.4    63   11.4    0.0     NO   0.00   3.2    NO   18.6   18.3   18.3  1017.1   0.00    0.0    0.000   0.002   26.5    41   12.2   26.1    7.75   1.1666     351     1    100.0   15 
29/08/26   3:45   18.3   18.4   18.2    62   10.9    0.0     NO   0.00   1.6    NO   18.3   17.9   17.9  1017.0   0.00    0.0    0.001   0.000   26.4    41   12.1   26.0    7.75   1.1668     352     1    100.0   15 
29/08/26   4:00   18.1   18.2   18.1    60   10.2    0.0     NO   0.00   1.6    NO   18.1   17.7   17.7  1017.1   0.00    0.0    0.002   0.000   26.3    41   12.0   25.9    7.75   1.1674     351     1    100.0   15 
29/08/26   4:15   18.0   18.1   17.9    59    9.9    0.0     NO   0.00   1.6    NO   18.0   17.5   17.5  1017.1   0.00    0.0    0.003   0.000   26.3    41   12.0   25.8    7.75   1.1677     351     1    100.0   15 
29/08/26   4:30   17.8   17.9   17.7    61   10.2    0.0     NO   0.00   3.2    NO   17.8   17.4   17.4  1017.2   0.00    0.0    0.005   0.000   26.2    41   11.9   25.8    7.75   1.1681     351     1    100.0   15 
29/08/26   4:45   17.6   17.7   17.5    63   10.5    0.0     NO   0.00   1.6    NO   17.6   17.2   17.2  1017.2   0.00    0.0    0.008   0.000   26.1    41   11.8   25.7    7.75   1.1686     351     1    100.0   15 
29/08/26   5:00   17.4   17.6   17.3    65   10.8    0.0     NO   0.00   1.6    NO   17.4   17.1   17.1  1017.3   0.00    0.0    0.009   0.000   26.0    41   11.7   25.6    7.75   1.1693     351     1    100.0   15 
29/08/26   5:15   17.2   17.3   17.1    65   10.6    0.0     NO   0.00   3.2    NO   17.2   16.9   16.9  1017.4   0.00    0.0    0.012   0.000   25.9    41   11.7   25.6    7.75   1.1697     350     1    100.0   15 
29/08/26   5:30   17.0   17.1   16.9    64   10.1    0.0    ONO   0.00   3.2   ONO   17.0   16.6   16.6  1017.5   0.00    0.0    0.014   0.000   25.8    41   11.6   25.4    7.75   1.1704     351     1    100.0   15 
29/08/26   5:45   16.9   16.9   16.8    64   10.0    0.0    ONO   0.00   1.6   ONO   16.9   16.4   16.4  1017.7   0.00    0.0    0.015   0.000   25.8    41   11.5   25.3    7.75   1.1708     351     1    100.0   15 
29/08/26   6:00   16.9   17.2   16.8    61    9.4    0.0    ONO   0.00   3.2   ONO   16.9   16.3   16.3  1017.8   0.00    0.0    0.014   0.000   25.8    41   11.6   25.4    7.75   1.1706     352     1    100.0   15 
29/08/26   6:15   17.4   17.7   17.2    60    9.6    0.0    ONO   0.00   1.6   ONO   17.4   16.9   16.9  1017.7   0.00    0.0    0.009   0.000   26.1    40   11.5   25.7    7.57   1.1696     351     1    100.0   15 
29/08/26   6:30   18.1   18.5   17.7    59   10.0    0.0    ONO   0.00   3.2   ONO   18.1   17.6   17.6  1017.7   0.00    0.0    0.002   0.000   26.4    39   11.4   25.9    7.46   1.1683     351     1    100.0   15 
29/08/26   6:45   18.7   18.9   18.5    58   10.2    0.0    ONO   0.00   3.2   ONO   18.7   18.2   18.2  1017.7   0.00    0.0    0.000   0.003   26.7    39   11.6   26.1    7.45   1.1670     351     1    100.0   15 
29/08/26   7:00   19.2   19.6   18.9    56   10.2    0.0    ONO   0.00   3.2   ONO   19.2   18.7   18.7  1017.9   0.00    0.0    0.000   0.009   26.9    39   11.8   26.3    7.44   1.1664     351     1    100.0   15 
29/08/26   7:15   19.8   20.1   19.6    56   10.8    0.0    ONO   0.00   3.2   ONO   19.8   19.4   19.4  1018.0   0.00    0.0    0.000   0.016   27.0    39   11.9   26.4    7.44   1.1660     352     1    100.0   15 
29/08/26   7:30   20.6   21.1   20.1    54   11.0    0.0    ONO   0.00   1.6   ONO   20.6   20.0   20.0  1018.0   0.00    0.0    0.000   0.024   27.1    39   12.0   26.5    7.43   1.1655     351     1    100.0   15 
29/08/26   7:45   21.7   22.4   21.1    51   11.1    0.0    SSO   0.00   4.8     E   21.7   20.9   20.9  1018.0   0.00    0.0    0.000   0.035   27.2    40   12.4   26.7    7.55   1.1645     351     1    100.0   15 
29/08/26   8:00   22.8   23.3   22.4    49   11.5    0.0    SSO   0.00   3.2     E   22.8   22.4   22.4  1018.1   0.00    0.0    0.000   0.046   27.3    40   12.5   26.8    7.55   1.1641     351     1    100.0   15 
29/08/26   8:15   23.9   24.4   23.3    47   11.9    0.0      E   0.00   4.8     E   23.9   23.8   23.8  1018.2   0.00    0.0    0.000   0.058   27.5    40   12.7   27.1    7.55   1.1634     352     1    100.0   15 
29/08/26   8:30   24.3   24.6   24.2    47   12.2    1.6     NO   0.40   8.0     E   24.3   24.2   24.2  1018.2   0.00    0.0    0.000   0.062   27.6    40   12.8   27.2    7.55   1.1628     351     1    100.0   15 
29/08/26   8:45   25.1   25.3   24.6    44   11.9    1.6    ENE   0.40   9.7     E   25.1   24.7   24.7  1018.3   0.00    0.0    0.000   0.070   27.6    39   12.4   27.1    7.42   1.1634     351     1    100.0   15 
29/08/26   9:00   25.6   25.8   25.3    42   11.7    3.2      E   0.80   9.7     E   25.6   25.2   25.2  1018.4   0.00    0.0    0.000   0.076   27.6    39   12.4   27.1    7.42   1.1635     351     1    100.0   15 
29/08/26   9:15   25.8   25.9   25.7    42   11.9    3.2    ENE   0.80   9.7     E   25.8   25.4   25.4  1018.4   0.00    0.0    0.000   0.078   27.6    39   12.4   27.1    7.42   1.1635     351     1    100.0   15 
29/08/26   9:30   26.3   26.7   25.9    40   11.6    1.6     NE   0.40   8.0     E   26.3   25.8   25.8  1018.5   0.00    0.0    0.000   0.083   27.7    38   12.1   27.1    7.25   1.1638     351     1    100.0   15 
29/08/26   9:45   26.6   26.9   26.5    40   11.9    3.2    OSO   0.80  11.3   ENE   26.6   26.1   26.1  1018.4   0.00    0.0    0.000   0.086   27.8    38   12.2   27.3    7.25   1.1631     350     1    100.0   15 
29/08/26  10:00   27.2   27.6   26.9    39   12.1    1.6      S   0.40  11.3   ESE   27.2   26.6   26.6  1018.2   0.00    0.0    0.000   0.093   27.9    38   12.3   27.4    7.25   1.1622     350     1    100.0   15 
29/08/26  10:15   27.8   27.9   27.6    38   12.2    4.8    ENE   1.21  12.9     E   27.8   27.3   27.3  1018.1   0.00    0.0    0.000   0.099   28.2    38   12.5   27.8    7.25   1.1610     351     1    100.0   15 
29/08/26  10:30   27.8   27.9   27.7    38   12.2    3.2    OSO   0.80  14.5     O   27.8   27.3   27.3  1017.9   0.00    0.0    0.000   0.099   28.3    38   12.7   27.9    7.25   1.1599     350     1    100.0   15 
29/08/26  10:45   28.4   28.6   28.0    37   12.3    4.8    SSO   1.21  17.7   ESE   28.4   27.9   27.9  1017.7   0.00    0.0    0.000   0.105   28.5    38   12.8   28.2    7.25   1.1589     349     1    100.0   15 
29/08/26  11:00   28.8   29.1   28.6    38   13.1    4.8     SO   1.21  12.9     E   28.8   28.7   28.7  1017.5   0.00    0.0    0.000   0.109   28.7    38   13.0   28.6    7.25   1.1575     350     1    100.0   15 
29/08/26  11:15   28.8   29.0   28.8    39   13.5    4.8    SSO   1.21  14.5   SSO   28.8   28.8   28.8  1017.4   0.00    0.0    0.000   0.109   28.9    39   13.5   28.9    7.37   1.1562     351     1    100.0   15 
29/08/26  11:30   29.3   29.4   29.0    39   13.9    3.2    SSO   0.80  14.5   OSO   29.3   29.3   29.3  1017.2   0.00    0.0    0.000   0.114   29.1    39   13.7   29.1    7.36   1.1552     352     1    100.0   15 
29/08/26  11:45   29.4   29.7   29.3    39   14.0    4.8     SO   1.21  12.9    SO   29.4   29.4   29.4  1017.0   0.00    0.0    0.000   0.116   29.2    39   13.8   29.2    7.36   1.1544     350     1    100.0   15 
29/08/26  12:00   29.8   30.1   29.6    41   15.2    4.8    SSO   1.21  12.9    SO   29.8   30.0   30.0  1017.0   0.00    0.0    0.000   0.120   29.3    39   13.9   29.3    7.35   1.1535     351     1    100.0   15 
29/08/26  12:15   29.7   29.8   29.5    42   15.4    4.8    OSO   1.21  17.7    SO   29.7   30.0   30.0  1016.8   0.00    0.0    0.000   0.119   29.4    40   14.4   29.5    7.55   1.1523     350     1    100.0   15 
29/08/26  12:30   29.6   29.7   29.4    42   15.3    4.8      S   1.21  16.1   ESE   29.6   29.9   29.9  1016.6   0.00    0.0    0.000   0.117   29.6    41   15.0   29.8    7.65   1.1507     352     1    100.0   15 
29/08/26  12:45   29.7   29.9   29.6    42   15.4    6.4    SSO   1.61  19.3   OSO   29.7   30.0   30.0  1016.4   0.00    0.0    0.000   0.119   29.8    41   15.1   29.9    7.65   1.1497     351     1    100.0   15 
29/08/26  13:00   29.8   29.9   29.8    42   15.5    6.4     SO   1.61  16.1     O   29.8   30.1   30.1  1016.4   0.00    0.0    0.000   0.120   29.8    41   15.2   30.0    7.65   1.1494     351     1    100.0   15 
29/08/26  13:15   29.6   29.8   29.4    44   16.1    8.0      S   2.01  16.1   SSO   29.6   30.1   30.1  1016.1   0.00    0.0    0.000   0.117   29.9    41   15.2   30.1    7.65   1.1488     349     1    100.0   15 
29/08/26  13:30   29.6   29.7   29.4    46   16.7    8.0      S   2.01  19.3    SE   29.6   30.2   30.2  1015.9   0.00    0.0    0.000   0.117   30.0    42   15.7   30.3    7.83   1.1476     351     1    100.0   15 
29/08/26  13:45   29.5   29.7   29.3    46   16.7    8.0      S   2.01  19.3     S   29.5   30.2   30.2  1015.8   0.00    0.0    0.000   0.116   30.1    42   15.8   30.4    7.83   1.1469     352     1    100.0   15 
29/08/26  14:00   29.6   29.8   29.4    46   16.8    8.0    OSO   2.01  22.5   SSO   29.6   30.3   30.3  1015.8   0.00    0.0    0.000   0.117   30.2    43   16.2   30.7    7.95   1.1461     351     1    100.0   15 
29/08/26  14:15   29.5   29.7   29.2    46   16.7    8.0     SO   2.01  19.3    SO   29.5   30.2   30.2  1015.6   0.00    0.0    0.000   0.116   30.2    43   16.3   30.7    7.95   1.1457     351     1    100.0   15 
29/08/26  14:30   29.2   29.3   29.2    47   16.7    8.0     SO   2.01  19.3   OSO   29.2   29.9   29.9  1015.6   0.00    0.0    0.000   0.113   30.3    43   16.3   30.8    7.95   1.1454     351     1    100.0   15 
29/08/26  14:45   29.4   29.6   29.1    48   17.2    8.0     SO   2.01  20.9   OSO   29.4   30.2   30.2  1015.5   0.00    0.0    0.000   0.115   30.3    44   16.7   31.0    8.12   1.1445     352     1    100.0   15 
29/08/26  15:00   29.2   29.4   28.9    48   17.1    6.4     SO   1.61  17.7    SO   29.2   30.1   30.1  1015.5   0.00    0.0    0.000   0.113   30.3    44   16.7   31.0    8.12   1.1445     351     1    100.0   15 
29/08/26  15:15   29.3   29.4   29.2    49   17.5    6.4     SO   1.61  17.7     O   29.3   30.2   30.2  1015.4   0.00    0.0    0.000   0.114   30.3    43   16.3   30.8    7.95   1.1451     351     1    100.0   15 
29/08/26  15:30   29.3   29.4   29.1    49   17.5    6.4     SO   1.61  17.7    SO   29.3   30.2   30.2  1015.3   0.00    0.0    0.000   0.114   30.0    44   16.4   30.5    8.13   1.1459     351     1    100.0   15 
29/08/26  15:45   28.8   29.1   28.7    51   17.7    8.0     SO   2.01  22.5   SSO   28.8   29.9   29.9  1015.2   0.00    0.0    0.000   0.109   29.8    43   15.9   30.2    7.95   1.1471     352     1    100.0   15 
29/08/26  16:00   28.4   28.7   28.2    52   17.6    8.0      S   2.01  22.5    SO   28.4   29.2   29.2  1015.2   0.00    0.0    0.000   0.105   29.7    43   15.8   30.1    7.95   1.1479     351     1    100.0   15 
29/08/26  16:15   28.3   28.4   28.1    53   17.8    8.0    SSO   2.01  19.3     S   28.3   29.2   29.2  1015.0   0.00    0.0    0.000   0.104   29.4    43   15.6   29.8    7.95   1.1489     349     1    100.0   15 
29/08/26  16:30   28.0   28.1   27.9    54   17.8    6.4    SSO   1.61  17.7     S   28.0   28.8   28.8  1015.0   0.00    0.0    0.000   0.101   29.3    44   15.8   29.8    8.15   1.1492     350     1    100.0   15 
29/08/26  16:45   27.8   28.1   27.7    55   18.0    6.4    OSO   1.61  17.7   OSO   27.8   28.7   28.7  1015.1   0.00    0.0    0.000   0.099   29.2    44   15.7   29.7    8.15   1.1498     351     1    100.0   15 
29/08/26  17:00   27.6   27.7   27.4    56   18.0    4.8      S   1.21  16.1     S   27.6   28.3   28.3  1015.0   0.00    0.0    0.000   0.096   29.0    45   15.9   29.6    8.27   1.1501     352     1    100.0   15 
29/08/26  17:15   27.4   27.6   27.2    57   18.2    6.4      S   1.61  14.5     S   27.4   28.2   28.2  1015.0   0.00    0.0    0.000   0.095   28.9    45   15.8   29.5    8.27   1.1506     351     1    100.0   15 
29/08/26  17:30   27.2   27.3   27.1    58   18.2    4.8    SSO   1.21  12.9   SSE   27.2   28.0   28.0  1014.7   0.00    0.0    0.000   0.093   28.8    45   15.7   29.3    8.27   1.1509     350     1    100.0   15 
29/08/26  17:45   26.7   27.1   26.4    60   18.3    6.4    SSO   1.61  16.1     O   26.7   27.4   27.4  1014.8   0.00    0.0    0.000   0.087   28.7    47   16.2   29.3    8.58   1.1506     349     1    100.0   15 
29/08/26  18:00   26.1   26.4   25.8    62   18.3    4.8    SSO   1.21  12.9     S   26.1   26.8   26.8  1014.9   0.00    0.0    0.000   0.081   28.6    48   16.5   29.3    8.78   1.1505     351     1    100.0   15 
29/08/26  18:15   25.6   25.8   25.3    63   18.0    3.2     SO   0.80  14.5     S   25.6   26.2   26.2  1014.9   0.00    0.0    0.000   0.075   28.6    50   17.2   29.4    9.08   1.1497     350     1    100.0   15 
29/08/26  18:30   25.1   25.3   24.8    65   18.0    4.8    OSO   1.21  11.3     O   25.1   25.8   25.8  1014.9   0.00    0.0    0.000   0.070   28.7    50   17.2   29.6    9.08   1.1494     351     1    100.0   15 
29/08/26  18:45   24.6   24.8   24.4    67   18.1    4.8     SO   1.21  12.9     S   24.6   25.4   25.4  1015.0   0.00    0.0    0.000   0.065   28.6    51   17.5   29.5    9.28   1.1494     350     1    100.0   15 
29/08/26  19:00   24.2   24.3   24.1    69   18.2    4.8     SO   1.21  14.5   OSO   24.2   25.2   25.2  1015.1   0.00    0.0    0.000   0.061   28.6    51   17.4   29.4    9.28   1.1498     352     1    100.0   15 
29/08/26  19:15   23.9   24.1   23.8    70   18.1    4.8    OSO   1.21  12.9    SO   23.9   24.9   24.9  1015.3   0.00    0.0    0.000   0.058   28.4    52   17.6   29.3    9.39   1.1501     351     1    100.0   15 
29/08/26  19:30   23.7   23.8   23.6    71   18.1    3.2    OSO   0.80  12.9    SO   23.7   24.6   24.6  1015.6   0.00    0.0    0.000   0.056   28.4    52   17.6   29.2    9.39   1.1507     351     1    100.0   15 
29/08/26  19:45   23.5   23.6   23.4    72   18.2    1.6      S   0.40   8.0     S   23.5   24.5   24.5  1015.9   0.00    0.0    0.000   0.054   28.3    53   17.8   29.2    9.59   1.1509     351     1    100.0   15 
29/08/26  20:00   23.4   23.4   23.3    73   18.3    0.0    SSE   0.00   6.4   OSO   23.4   24.4   24.4  1016.1   0.00    0.0    0.000   0.053   28.3    53   17.8   29.2    9.59   1.1512     351     1    100.0   15 
29/08/26  20:15   23.2   23.3   23.2    74   18.3    1.6     SO   0.40   8.0     O   23.2   24.2   24.2  1016.3   0.00    0.0    0.000   0.051   28.3    53   17.8   29.2    9.59   1.1516     352     1    100.0   15 
29/08/26  20:30   23.1   23.2   23.1    74   18.2    1.6      S   0.40   6.4    SO   23.1   24.1   24.1  1016.3   0.00    0.0    0.000   0.050   28.2    54   18.0   29.2    9.75   1.1515     350     1    100.0   15 
29/08/26  20:45   22.8   23.0   22.6    76   18.3    1.6     SO   0.40   4.8   OSO   22.8   23.7   23.7  1016.3   0.00    0.0    0.000   0.046   28.2    54   18.0   29.1    9.75   1.1518     351     1    100.0   15 
29/08/26  21:00   22.4   22.6   22.2    77   18.2    1.6     SO   0.40   4.8    SO   22.4   23.1   23.1  1016.3   0.00    0.0    0.000   0.042   28.1    54   17.9   28.9    9.75   1.1524     351     1    100.0   15 
29/08/26  21:15   22.2   22.2   22.1    78   18.1    1.6      O   0.40   4.8     O   22.2   22.8   22.8  1016.3   0.00    0.0    0.000   0.040   28.0    55   18.1   28.9    9.85   1.1523     351     1    100.0   15 
29/08/26  21:30   22.1   22.2   22.1    79   18.3    0.0    OSO   0.00   1.6   OSO   22.1   22.8   22.8  1016.6   0.00    0.0    0.000   0.039   27.9    55   18.1   28.8    9.85   1.1528     351     1    100.0   15 
29/08/26  21:45   22.1   22.2   22.1    79   18.3    0.0    OSO   0.00   3.2   OSO   22.1   22.8   22.8  1016.6   0.00    0.0    0.000   0.039   27.8    55   18.0   28.7    9.85   1.1534     351     1    100.0   15 
29/08/26  22:00   22.1   22.2   22.1    79   18.3    0.0    ---   0.00   0.0   ---   22.1   22.8   22.8  1016.6   0.00    0.0    0.000   0.039   27.8    55   18.0   28.7    9.85   1.1535     351     1    100.0   15 
29/08/26  22:15   22.2   22.3   22.2    79   18.4    0.0    OSO   0.00   3.2   OSO   22.2   22.9   22.9  1016.6   0.00    0.0    0.000   0.041   27.9    55   18.1   28.8    9.85   1.1528     351     1    100.0   15 
29/08/26  22:30   22.1   22.2   22.0    79   18.3    0.0     NO   0.00   4.8    NO   22.1   22.8   22.8  1016.7   0.00    0.0    0.000   0.039   28.1    55   18.2   29.0    9.85   1.1524     352     1    100.0   15 
29/08/26  22:45   22.0   22.1   22.0    79   18.2    0.0     NO   0.00   3.2    NO   22.0   22.7   22.7  1016.7   0.00    0.0    0.000   0.038   28.1    55   18.2   29.1    9.85   1.1522     351     1    100.0   15 
29/08/26  23:00   22.1   22.1   22.0    79   18.2    0.0     NO   0.00   3.2    NO   22.1   22.8   22.8  1016.8   0.00    0.0    0.000   0.039   28.1    54   17.9   29.0    9.75   1.1526     351     1    100.0   15 
29/08/26  23:15   21.9   22.0   21.8    79   18.1    1.6     NO   0.40   3.2    NO   21.9   22.6   22.6  1016.8   0.00    0.0    0.000   0.037   28.1    54   17.9   28.9    9.75   1.1530     350     1    100.0   15 
29/08/26  23:30   21.7   21.8   21.7    80   18.1    1.6     NO   0.40   4.8    NO   21.7   22.4   22.4  1016.9   0.00    0.0    0.000   0.035   27.9    54   17.8   28.7    9.75   1.1537     352     1    100.0   15 
29/08/26  23:45   21.8   21.8   21.7    79   18.0    0.0    ENE   0.00   4.8   ENE   21.8   22.4   22.4  1016.9   0.00    0.0    0.000   0.036   27.9    54   17.7   28.6    9.75   1.1540     351     1    100.0   15 
30/08/26  00:00   21.7   21.8   21.6    80   18.1    1.6    ONO   0.40   4.8   ONO   21.7   22.4   22.4  1016.8   0.00    0.0    0.000   0.035   27.8    54   17.7   28.6    9.75   1.1541     349     1    100.0   15 
30/08/26   0:15   21.4   21.6   21.3    81   18.0    1.6     NO   0.40   4.8   ONO   21.4   22.2   22.2  1016.7   0.00    0.0    0.000   0.032   27.8    55   17.9   28.6    9.85   1.1539     349     1    100.0   15 
30/08/26   0:30   21.2   21.3   21.0    81   17.8    1.6     NO   0.40   4.8    NO   21.2   21.8   21.8  1016.6   0.00    0.0    0.000   0.030   27.7    55   17.9   28.5    9.85   1.1541     351     1    100.0   15 
30/08/26   0:45   20.9   21.1   20.9    82   17.8    1.6     NO   0.40   4.8    NO   20.9   21.7   21.7  1016.6   0.00    0.0    0.000   0.027   27.7    55   17.8   28.4    9.85   1.1543     352     1    100.0   15 
30/08/26   1:00   20.8   20.9   20.8    82   17.6    0.0     NO   0.00   1.6    NO   20.8   21.6   21.6  1016.5   0.00    0.0    0.000   0.026   27.6    55   17.8   28.3    9.85   1.1545     351     1    100.0   15 
30/08/26   1:15   20.6   20.8   20.4    83   17.6    1.6     NO   0.40   3.2    NO   20.6   21.5   21.5  1016.5   0.00    0.0    0.000   0.024   27.6    55   17.7   28.2    9.85   1.1548     351     1    100.0   15 
30/08/26   1:30   20.3   20.4   20.2    84   17.5    0.0     NO   0.00   3.2    NO   20.3   21.2   21.2  1016.5   0.00    0.0    0.000   0.020   27.5    55   17.7   28.2    9.85   1.1551     351     1    100.0   15 
30/08/26   1:45   20.0   20.2   19.9    85   17.4    0.0     NO   0.00   1.6    NO   20.0   20.8   20.8  1016.5   0.00    0.0    0.000   0.017   27.4    55   17.6   28.1    9.85   1.1553     351     1    100.0   15 
30/08/26   2:00   19.8   19.9   19.8    85   17.2    0.0     NO   0.00   3.2    NO   19.8   20.6   20.6  1016.3   0.00    0.0    0.000   0.016   27.4    55   17.5   28.0    9.85   1.1555     352     1    100.0   15 
30/08/26   2:15   19.8   19.8   19.7    86   17.4    0.0    ---   0.00   0.0   ---   19.8   20.6   20.6  1016.3   0.00    0.0    0.000   0.015   27.3    54   17.2   27.8    9.75   1.1561     350     1    100.0   15 
30/08/26   2:30   19.7   19.7   19.6    86   17.3    0.0     NO   0.00   1.6    NO   19.7   20.4   20.4  1016.2   0.00    0.0    0.000   0.014   27.3    54   17.2   27.8    9.75   1.1560     351     1    100.0   15 
30/08/26   2:45   19.5   19.6   19.4    86   17.1    0.0     NO   0.00   3.2    NO   19.5   20.3   20.3  1016.1   0.00    0.0    0.000   0.012   27.3    54   17.2   27.7    9.75   1.1562     351     1    100.0   15 
30/08/26   3:00   19.4   19.4   19.4    87   17.2    0.0     NO   0.00   1.6    NO   19.4   20.2   20.2  1016.2   0.00    0.0    0.000   0.011   27.2    54   17.1   27.7    9.75   1.1565     352     1    100.0   15 
30/08/26   3:15   19.4   19.4   19.4    87   17.2    0.0     NO   0.00   1.6    NO   19.4   20.2   20.2  1016.2   0.00    0.0    0.000   0.011   27.2    54   17.1   27.6    9.75   1.1568     350     1    100.0   15 
30/08/26   3:30   19.4   19.4   19.3    87   17.2    0.0     NO   0.00   3.2    NO   19.4   20.2   20.2  1016.1   0.00    0.0    0.000   0.011   27.1    54   17.0   27.5    9.75   1.1571     351     1    100.0   15 
30/08/26   3:45   19.3   19.4   19.3    85   16.7    1.6     NO   0.40   4.8    NO   19.3   20.0   20.0  1016.2   0.00    0.0    0.000   0.010   27.1    55   17.2   27.5    9.85   1.1570     350     1    100.0   15 
30/08/26   4:00   19.2   19.3   19.1    84   16.4    3.2     NO   0.80   6.4    NO   19.2   19.8   19.8  1016.2   0.00    0.0    0.000   0.009   27.0    55   17.2   27.4    9.85   1.1573     351     1    100.0   15 
30/08/26   4:15   19.1   19.2   19.1    84   16.3    3.2     NO   0.80   4.8    NO   19.1   19.7   19.7  1016.2   0.00    0.0    0.000   0.008   26.8    55   17.0   27.3    9.85   1.1582     352     1    100.0   15 
30/08/26   4:30   19.1   19.2   19.1    84   16.3    3.2     NO   0.80   4.8    NO   19.1   19.7   19.7  1016.1   0.00    0.0    0.000   0.008   26.7    55   16.9   27.1    9.85   1.1590     351     1    100.0   15 
30/08/26   4:45   19.1   19.1   19.1    85   16.5    1.6     NO   0.40   4.8    NO   19.1   19.7   19.7  1016.1   0.00    0.0    0.000   0.008   26.6    55   16.8   26.9    9.86   1.1595     351     2    100.0   15 
30/08/26   5:00   19.1   19.1   19.0    86   16.7    0.0     NO   0.00   4.8    NO   19.1   19.7   19.7  1016.1   0.00    0.0    0.000   0.008   26.4    56   17.0   26.9   10.07   1.1597     351     1    100.0   15 
30/08/26   5:15   19.1   19.1   19.0    86   16.7    0.0     NO   0.00   3.2    NO   19.1   19.7   19.7  1016.2   0.00    0.0    0.000   0.008   26.3    56   16.9   26.7   10.07   1.1604     352     1    100.0   15 
30/08/26   5:30   18.7   19.1   18.4    86   16.3    0.0     NO   0.00   1.6    NO   18.7   19.3   19.3  1016.3   0.00    0.0    0.000   0.004   26.3    56   16.8   26.7   10.08   1.1608     351     1    100.0   15 
30/08/26   5:45   18.3   18.4   18.2    88   16.3    0.0     NO   0.00   1.6    NO   18.3   18.8   18.8  1016.4   0.00    0.0    0.001   0.000   26.2    57   17.0   26.6   10.19   1.1611     351     1    100.0   15 
30/08/26   6:00   18.2   18.4   18.1    89   16.4    0.0     NO   0.00   1.6    NO   18.2   18.7   18.7  1016.5   0.00    0.0    0.001   0.000   26.1    57   16.9   26.5   10.19   1.1618     351     1    100.0   15 
30/08/26   6:15   18.6   18.8   18.4    87   16.4    1.6     NO   0.40   3.2    NO   18.6   19.2   19.2  1016.6   0.00    0.0    0.000   0.003   26.1    57   16.9   26.5   10.19   1.1619     352     1    100.0   15 
30/08/26   6:30   19.2   19.6   18.8    86   16.8    0.0     NO   0.00   1.6    NO   19.2   19.8   19.8  1016.6   0.00    0.0    0.000   0.009   26.1    57   16.9   26.6   10.19   1.1616     351     1    100.0   15 
30/08/26   6:45   20.1   20.6   19.6    83   17.1    0.0     NO   0.00   1.6    NO   20.1   20.9   20.9  1016.6   0.00    0.0    0.000   0.019   26.3    57   17.1   26.8   10.17   1.1605     351     1    100.0   15 
30/08/26   7:00   21.3   21.7   20.6    78   17.3    0.0     NO   0.00   3.2    NO   21.3   21.8   21.8  1016.6   0.00    0.0    0.000   0.031   26.5    57   17.3   27.0   10.16   1.1596     351     1    100.0   15 
30/08/26   7:15   21.9   22.3   21.7    77   17.7    0.0     NO   0.00   4.8     E   21.9   22.5   22.5  1016.7   0.00    0.0    0.000   0.037   26.7    57   17.5   27.3   10.15   1.1585     351     1    100.0   15 
30/08/26   7:30   22.8   23.2   22.3    73   17.7    0.0      E   0.00   4.8     E   22.8   23.5   23.5  1016.8   0.00    0.0    0.000   0.046   26.9    57   17.7   27.5   10.16   1.1577     351     1    100.0   15 
30/08/26   7:45   23.3   23.4   23.1    73   18.2    0.0      E   0.00   3.2     E   23.3   24.2   24.2  1016.8   0.00    0.0    0.000   0.052   27.1    57   17.9   27.8   10.17   1.1566     351     1    100.0   15 
30/08/26   8:00   23.4   23.6   23.2    72   18.1    0.0      N   0.00   3.2     N   23.4   24.3   24.3  1016.8   0.00    0.0    0.000   0.053   27.2    57   18.0   27.9   10.17   1.1561     350     1    100.0   15 
30/08/26   8:15   23.7   23.8   23.6    71   18.1    1.6     SO   0.40   4.8    SO   23.7   24.7   24.7  1016.8   0.00    0.0    0.000   0.056   27.3    57   18.1   28.1   10.17   1.1555     351     1    100.0   15 
30/08/26   8:30   24.4   25.2   23.8    66   17.7    1.6      O   0.40   4.8   SSE   24.4   25.2   25.2  1016.9   0.00    0.0    0.000   0.064   27.4    56   17.9   28.2   10.05   1.1554     351     1    100.0   15 
30/08/26   8:45   25.5   25.9   25.2    64   18.2    1.6    ENE   0.40   8.0     E   25.5   26.2   26.2  1016.9   0.00    0.0    0.000   0.075   27.6    56   18.0   28.3   10.05   1.1548     351     1    100.0   15 
30/08/26   9:00   26.3   26.6   26.0    60   17.9    3.2    ENE   0.80  11.3   ENE   26.3   27.0   27.0  1016.9   0.00    0.0    0.000   0.083   27.7    55   17.9   28.5    9.85   1.1544     351     1    100.0   15 
30/08/26   9:15   26.9   27.2   26.6    57   17.7    1.6    ENE   0.40   6.4   ENE   26.9   27.5   27.5  1016.9   0.00    0.0    0.000   0.089   27.9    54   17.7   28.6    9.75   1.1539     351     1    100.0   15 
