                 Temp.  Temp.  Temp.  Hum.   Punt   Vel.   Dir.   Rec.  Vel.  Dir.  Sens.   Índ.   Índ.                  Int. Graus D.Graus D.  Temp.  Hum. Rosada  In.Cal.  EMC     Dens.    Mostr   Tx   Recep.  Int.
  Data    Hora    Ext.   Màx.   Mín.  Ext. Rosada   Vent   Vent   Vent  Màx.  Màx.  Tèrm.  Calor   THW    Bar    Pluja   Pluja  Calor    Fred    Int.  Int.   Int.   Int.    Int.  Int.Aire    Vent   Vent   ISS   Arc.
-------------------------------------------------------------------------------------------------------------------------------------------------------------------------------------------------------------------------
27/08/26   0:15   24.4   24.5   24.3    82   21.2    1.6     NO   0.40   4.8    NO   24.4   26.1   26.1  1010.6   0.00    0.0    0.000   0.064   28.2    64   20.8   30.2   11.49   1.1405     349     1    100.0   15 
27/08/26   0:30   24.3   24.4   24.2    83   21.2    3.2     NO   0.80   4.8    NO   24.3   25.9   25.9  1010.2   0.00    0.0    0.000   0.062   28.2    65   21.0   30.3   11.69   1.1396     350     1    100.0   15 
27/08/26   0:45   24.2   24.2   24.1    84   21.3    1.6     NO   0.40   4.8    NO   24.2   25.8   25.8  1010.0   0.00    0.0    0.000   0.061   28.2    65   21.0   30.2   11.70   1.1396     351     1    100.0   15 
27/08/26   1:00   24.2   24.3   24.2    84   21.3    0.0     NO   0.00   4.8     E   24.2   25.9   25.9  1009.5   0.00    0.0    0.000   0.061   28.1    65   20.9   30.1   11.70   1.1393     351     1    100.0   15 
27/08/26   1:15   24.4   24.4   24.3    83   21.3    0.0     NE   0.00   3.2     E   24.4   26.1   26.1  1009.4   0.00    0.0    0.000   0.063   28.1    65   20.9   30.1   11.70   1.1393     352     1    100.0   15 
27/08/26   1:30   24.4   24.4   24.4    82   21.2    1.6    ESE   0.40   4.8   ESE   24.4   26.1   26.1  1009.4   0.00    0.0    0.000   0.064   28.1    65   20.9   30.1   11.70   1.1392     351     1    100.0   15 
27/08/26   1:45   24.4   24.4   24.4    82   21.2    0.0    ESE   0.00   3.2   ESE   24.4   26.1   26.1  1009.3   0.00    0.0    0.000   0.064   28.1    65   20.9   30.1   11.70   1.1392     351     1    100.0   15 
27/08/26   2:00   24.4   24.4   24.4    80   20.7    1.6    ESE   0.40   6.4   ESE   24.4   26.0   26.0  1009.4   0.00    0.0    0.000   0.063   28.1    65   20.9   30.1   11.70   1.1392     349     1    100.0   15 
27/08/26   2:15   24.4   24.4   24.3    81   20.9    0.0    ENE   0.00   6.4   ENE   24.4   26.0   26.0  1009.4   0.00    0.0    0.000   0.063   28.1    65   20.9   30.1   11.70   1.1395     352     1    100.0   15 
27/08/26   2:30   24.2   24.3   24.2    82   21.0    0.0      E   0.00   3.2     E   24.2   25.8   25.8  1009.3   0.00    0.0    0.000   0.061   28.1    65   20.9   30.1   11.70   1.1395     351     1    100.0   15 
27/08/26   2:45   24.1   24.2   24.1    79   20.2    1.6    ENE   0.40   4.8     E   24.1   25.4   25.4  1009.1   0.00    0.0    0.000   0.060   28.0    64   20.6   29.8   11.50   1.1400     351     1    100.0   15 
27/08/26   3:00   24.0   24.1   24.0    78   19.9    3.2      E   0.80   8.0     E   24.0   25.3   25.3  1009.1   0.00    0.0    0.000   0.059   28.0    63   20.3   29.7   11.30   1.1404     351     1    100.0   15 
27/08/26   3:15   24.1   24.1   24.0    78   20.0    0.0    ENE   0.00   3.2   ENE   24.1   25.4   25.4  1009.0   0.00    0.0    0.000   0.060   27.9    63   20.2   29.6   11.30   1.1406     351     1    100.0   15 
27/08/26   3:30   23.9   24.0   23.9    78   19.9    0.0    ---   0.00   0.0   ---   23.9   25.3   25.3  1008.9   0.00    0.0    0.000   0.058   27.9    63   20.2   29.5   11.31   1.1408     351     1    100.0   15 
27/08/26   3:45   23.9   23.9   23.8    80   20.2    0.0    ---   0.00   0.0   ---   23.9   25.3   25.3  1009.1   0.00    0.0    0.000   0.058   27.9    63   20.2   29.5   11.31   1.1411     350     1    100.0   15 
27/08/26   4:00   23.8   23.8   23.8    81   20.4    0.0    ENE   0.00   3.2   ENE   23.8   25.2   25.2  1009.0   0.00    0.0    0.000   0.057   27.8    63   20.1   29.4   11.31   1.1412     351     1    100.0   15 
27/08/26   4:15   23.8   23.8   23.7    81   20.3    0.0    ENE   0.00   3.2   ENE   23.8   25.2   25.2  1008.9   0.00    0.0    0.000   0.057   27.8    63   20.1   29.4   11.31   1.1411     350     1    100.0   15 
27/08/26   4:30   23.7   23.8   23.7    82   20.4    0.0    ENE   0.00   3.2   ENE   23.7   25.1   25.1  1008.9   0.00    0.0    0.000   0.056   27.8    64   20.3   29.4   11.51   1.1410     351     1    100.0   15 
27/08/26   4:45   23.6   23.7   23.5    82   20.3    1.6    ESE   0.40   4.8   ESE   23.6   24.8   24.8  1008.8   0.00    0.0    0.000   0.054   27.7    64   20.3   29.3   11.51   1.1412     350     1    100.0   15 
27/08/26   5:00   23.5   23.6   23.5    82   20.2    1.6     NO   0.40   6.4    NO   23.5   24.8   24.8  1008.9   0.00    0.0    0.000   0.054   27.7    64   20.3   29.3   11.51   1.1413     350     1    100.0   15 
27/08/26   5:15   23.4   23.5   23.4    82   20.2    3.2     NO   0.80   6.4    NO   23.4   24.7   24.7  1009.0   0.00    0.0    0.000   0.053   27.6    64   20.2   29.2   11.52   1.1420     351     1    100.0   15 
27/08/26   5:30   23.4   23.4   23.4    83   20.3    1.6     NO   0.40   4.8    NO   23.4   24.6   24.6  1009.3   0.00    0.0    0.000   0.053   27.6    64   20.1   29.1   11.52   1.1426     352     1    100.0   15 
27/08/26   5:45   23.4   23.4   23.4    82   20.1    0.0    ---   0.00   0.0   ---   23.4   24.6   24.6  1009.4   0.00    0.0    0.000   0.053   27.6    64   20.1   29.1   11.52   1.1427     351     1    100.0   15 
27/08/26   6:00   23.5   23.6   23.4    82   20.2    0.0     NO   0.00   3.2    NO   23.5   24.8   24.8  1009.4   0.00    0.0    0.000   0.054   27.6    65   20.4   29.2   11.72   1.1423     351     1    100.0   15 
27/08/26   6:15   23.7   23.8   23.6    82   20.5    0.0     NO   0.00   3.2    NO   23.7   25.1   25.1  1009.5   0.00    0.0    0.000   0.056   27.6    64   20.1   29.1   11.52   1.1429     351     1    100.0   15 
27/08/26   6:30   23.9   24.2   23.8    79   20.1    0.0     NO   0.00   1.6    NO   23.9   25.3   25.3  1009.5   0.00    0.0    0.000   0.058   27.6    64   20.1   29.1   11.52   1.1429     352     1    100.0   15 
27/08/26   6:45   24.6   25.1   24.2    75   19.8    0.0     NO   0.00   1.6    NO   24.6   25.9   25.9  1009.7   0.00    0.0    0.000   0.065   27.7    63   20.0   29.2   11.31   1.1426     351     1    100.0   15 
27/08/26   7:00   25.2   25.2   25.1    76   20.6    0.0      S   0.00   4.8     S   25.2   26.6   26.6  1009.8   0.00    0.0    0.000   0.071   27.9    63   20.2   29.6   11.30   1.1415     351     1    100.0   15 
27/08/26   7:15   25.3   25.4   25.2    76   20.8    0.0    ESE   0.00   4.8    SE   25.3   26.8   26.8  1009.9   0.00    0.0    0.000   0.073   28.1    64   20.7   30.0   11.50   1.1403     351     1    100.0   15 
27/08/26   7:30   25.6   25.8   25.4    77   21.3    0.0    ESE   0.00   3.2   ESE   25.6   27.3   27.3  1009.9   0.00    0.0    0.000   0.076   28.2    64   20.8   30.2   11.49   1.1397     351     1    100.0   15 
27/08/26   7:45   26.1   26.2   25.8    80   22.3    1.6      O   0.40   6.4   SSO   26.1   28.2   28.2  1009.9   0.00    0.0    0.000   0.080   28.3    66   21.4   30.7   11.89   1.1382     352     1    100.0   15 
27/08/26   8:00   26.5   26.7   26.3    77   22.1    1.6     SO   0.40   9.7   SSO   26.5   28.6   28.6  1010.2   0.00    0.0    0.000   0.085   28.5    66   21.5   31.1   11.88   1.1376     351     1    100.0   15 
27/08/26   8:15   26.9   27.3   26.7    75   22.1    1.6    OSO   0.40   8.0     E   26.9   29.2   29.2  1010.1   0.00    0.0    0.000   0.090   28.7    65   21.5   31.4   11.68   1.1368     351     1    100.0   15 
27/08/26   8:30   27.6   27.7   27.3    71   21.8    1.6    OSO   0.40  11.3    SO   27.6   29.9   29.9  1010.4   0.00    0.0    0.000   0.096   29.0    65   21.8   32.0   11.67   1.1356     351     1    100.0   15 
27/08/26   8:45   27.7   28.0   27.5    71   21.9    1.6      S   0.40  12.9     S   27.7   30.1   30.1  1010.7   0.00    0.0    0.000   0.097   29.2    64   21.7   32.2   11.46   1.1351     352     1    100.0   15 
27/08/26   9:00   28.1   28.2   28.0    65   20.9    4.8    SSO   1.21  14.5   OSO   28.1   30.1   30.1  1010.8   0.00    0.0    0.000   0.102   29.4    61   21.1   32.1   10.95   1.1355     350     1    100.0   15 
27/08/26   9:15   28.3   28.7   28.1    64   20.9    3.2      S   0.80  12.9   SSE   28.3   30.4   30.4  1010.7   0.00    0.0    0.000   0.104   29.6    60   21.0   32.1   10.74   1.1352     351     1    100.0   15 
27/08/26   9:30   28.7   28.9   28.5    64   21.2    1.6    OSO   0.40   9.7   SSO   28.7   31.1   31.1  1010.5   0.00    0.0    0.000   0.108   29.7    60   21.1   32.4   10.73   1.1341     350     1    100.0   15 
27/08/26   9:45   29.0   29.1   28.9    63   21.2    1.6      S   0.40   9.7   SSO   29.0   31.7   31.7  1010.4   0.00    0.0    0.000   0.111   29.9    60   21.3   32.8   10.72   1.1331     351     1    100.0   15 
27/08/26  10:00   29.3   29.5   29.0    61   21.0    1.6      S   0.40   9.7    SO   29.3   31.9   31.9  1010.4   0.00    0.0    0.000   0.115   30.1    59   21.2   32.9   10.53   1.1327     351     1    100.0   15 
27/08/26  10:15   29.5   29.8   29.3    57   20.1    3.2    NNO   0.80  17.7   ENE   29.5   31.5   31.5  1010.3   0.00    0.0    0.000   0.116   30.2    58   21.0   33.1   10.32   1.1322     351     1    100.0   15 
27/08/26  10:30   30.3   30.7   29.8    56   20.5    3.2     SO   0.80  16.1    NE   30.3   32.8   32.8  1010.1   0.00    0.0    0.000   0.124   30.4    57   20.9   33.3   10.18   1.1315     351     1    100.0   15 
27/08/26  10:45   30.9   31.2   30.7    55   20.8    1.6    OSO   0.40   8.0    SE   30.9   33.7   33.7  1009.7   0.00    0.0    0.000   0.131   30.7    55   20.6   33.4    9.81   1.1305     351     1    100.0   15 
27/08/26  11:00   31.3   31.4   31.2    53   20.6    1.6    OSO   0.40  11.3   ENE   31.3   34.1   34.1  1009.5   0.00    0.0    0.000   0.135   30.5    51   19.2   32.3    9.21   1.1333     352     1    100.0   15 
27/08/26  11:15   31.9   32.2   31.4    50   20.2    3.2    SSO   0.80  11.3     E   31.9   34.6   34.6  1009.4   0.00    0.0    0.000   0.141   30.1    50   18.5   31.3    9.05   1.1359     351     1    100.0   15 
27/08/26  11:30   32.2   32.4   32.1    49   20.2    3.2      S   0.80  14.5     S   32.2   34.8   34.8  1009.2   0.00    0.0    0.000   0.145   29.8    50   18.3   31.0    9.05   1.1369     350     1    100.0   15 
27/08/26  11:45   32.5   32.6   32.3    44   18.7    4.8      S   1.21  14.5     S   32.5   34.3   34.3  1009.2   0.00    0.0    0.000   0.148   29.7    51   18.5   31.0    9.24   1.1369     351     1    100.0   15 
27/08/26  12:00   32.8   33.2   32.5    41   17.8    6.4     SO   1.61  17.7    SO   32.8   34.2   34.2  1009.0   0.00    0.0    0.000   0.151   29.6    50   18.0   30.6    9.05   1.1381     351     1    100.0   15 
27/08/26  12:15   33.7   34.0   33.2    41   18.6    4.8      S   1.21  16.1     S   33.7   35.7   35.7  1009.1   0.00    0.0    0.000   0.160   29.3    49   17.5   30.2    8.86   1.1401     351     1    100.0   15 
27/08/26  12:30   33.8   33.9   33.7    43   19.5    4.8      S   1.21  17.7     S   33.8   36.3   36.3  1009.0   0.00    0.0    0.000   0.161   29.0    48   16.9   29.8    8.77   1.1418     351     1    100.0   15 
27/08/26  12:45   33.7   33.8   33.6    35   16.1    8.0      S   2.01  19.3     S   33.7   34.2   34.2  1009.1   0.00    0.0    0.000   0.160   28.9    48   16.8   29.7    8.77   1.1425     351     1    100.0   15 
27/08/26  13:00   33.8   34.0   33.6    36   16.7    6.4    SSO   1.61  19.3     S   33.8   34.6   34.6  1009.2   0.00    0.0    0.000   0.161   28.9    47   16.5   29.7    8.57   1.1428     351     1    100.0   15 
27/08/26  13:15   33.8   34.0   33.6    34   15.7    8.0      S   2.01  19.3     S   33.8   34.2   34.2  1009.0   0.00    0.0    0.000   0.161   28.9    47   16.5   29.7    8.57   1.1426     350     1    100.0   15 
27/08/26  13:30   33.9   34.1   33.8    39   18.0    8.0    OSO   2.01  20.9   OSO   33.9   35.4   35.4  1009.0   0.00    0.0    0.000   0.162   28.9    46   16.2   29.6    8.45   1.1431     351     1    100.0   15 
27/08/26  13:45   33.8   33.9   33.7    40   18.3    4.8      S   1.21  17.7   ESE   33.8   35.6   35.6  1009.1   0.00    0.0    0.000   0.161   28.9    46   16.2   29.6    8.45   1.1431     351     1    100.0   15 
27/08/26  14:00   33.8   33.9   33.7    39   17.9    4.8      S   1.21  20.9   ESE   33.8   35.4   35.4  1009.2   0.00    0.0    0.000   0.161   28.9    46   16.1   29.6    8.45   1.1435     351     1    100.0   15 
27/08/26  14:15   33.3   33.6   33.2    41   18.3    8.0      S   2.01  19.3   SSE   33.3   35.0   35.0  1009.0   0.00    0.0    0.000   0.156   28.9    46   16.1   29.6    8.45   1.1433     351     1    100.0   15 
27/08/26  14:30   33.3   33.6   33.1    42   18.7    6.4    SSO   1.61  22.5     S   33.3   35.3   35.3  1009.1   0.00    0.0    0.000   0.156   28.9    45   15.8   29.5    8.27   1.1438     351     1    100.0   15 
27/08/26  14:45   32.9   33.2   32.6    43   18.7    8.0      S   2.01  20.9   OSO   32.9   34.8   34.8  1009.2   0.00    0.0    0.000   0.152   28.9    45   15.8   29.5    8.27   1.1439     351     1    100.0   15 
27/08/26  15:00   32.6   32.7   32.4    45   19.1    8.0      S   2.01  19.3     S   32.6   34.8   34.8  1009.1   0.00    0.0    0.000   0.149   28.9    45   15.8   29.5    8.27   1.1438     350     1    100.0   15 
27/08/26  15:15   32.1   32.4   31.8    48   19.7    8.0      S   2.01  20.9     S   32.1   34.4   34.4  1009.1   0.00    0.0    0.000   0.143   28.9    45   15.8   29.5    8.27   1.1439     351     1    100.0   15 
27/08/26  15:30   31.6   31.8   31.4    46   18.6    8.0      S   2.01  20.9   SSE   31.6   33.3   33.3  1009.0   0.00    0.0    0.000   0.138   28.8    44   15.4   29.3    8.15   1.1445     350     1    100.0   15 
27/08/26  15:45   31.4   31.6   31.3    47   18.8    8.0      S   2.01  20.9   OSO   31.4   33.2   33.2  1009.0   0.00    0.0    0.000   0.137   28.7    45   15.6   29.2    8.28   1.1446     351     1    100.0   15 
27/08/26  16:00   31.2   31.3   31.0    50   19.6    6.4      S   1.61  19.3   OSO   31.2   33.3   33.3  1009.0   0.00    0.0    0.000   0.134   28.8    44   15.3   29.2    8.15   1.1447     350     1    100.0   15 
27/08/26  16:15   30.8   31.0   30.7    51   19.5    6.4      S   1.61  16.1     S   30.8   32.8   32.8  1009.1   0.00    0.0    0.000   0.130   28.8    43   15.0   29.2    7.97   1.1453     349     1    100.0   15 
27/08/26  16:30   30.6   30.7   30.5    48   18.3    8.0      S   2.01  17.7     S   30.6   32.0   32.0  1009.2   0.00    0.0    0.000   0.128   28.8    43   15.0   29.2    7.97   1.1451     352     1    100.0   15 
27/08/26  16:45   30.3   30.5   30.1    51   19.0    6.4    SSO   1.61  20.9    SO   30.3   31.9   31.9  1009.5   0.00    0.0    0.000   0.124   28.8    43   15.0   29.2    7.97   1.1457     351     1    100.0   15 
27/08/26  17:00   29.6   30.0   29.3    55   19.6    3.2      S   0.80  16.1    NO   29.6   31.3   31.3  1009.5   0.00    0.0    0.000   0.117   28.7    43   14.9   29.1    7.98   1.1460     351     1    100.0   15 
27/08/26  17:15   28.8   29.2   28.6    51   17.7    4.8     SO   1.21  12.9   OSO   28.8   29.9   29.9  1009.1   0.00    0.0    0.000   0.109   28.7    44   15.3   29.2    8.15   1.1451     350     1    100.0   15 
27/08/26  17:30   28.5   28.7   28.3    52   17.7    4.8    SSO   1.21  12.9     S   28.5   29.4   29.4  1009.5   0.00    0.0    0.000   0.106   28.8    46   16.0   29.4    8.45   1.1444     351     1    100.0   15 
27/08/26  17:45   28.2   28.3   28.1    53   17.7    1.6    SSO   0.40   8.0   SSE   28.2   29.0   29.0  1009.5   0.00    0.0    0.000   0.102   28.8    45   15.7   29.3    8.27   1.1449     351     1    100.0   15 
27/08/26  18:00   27.8   28.1   27.7    55   18.0    3.2    SSO   0.80  11.3    SO   27.8   28.7   28.7  1009.7   0.00    0.0    0.000   0.099   28.8    46   16.0   29.4    8.45   1.1446     350     1    100.0   15 
27/08/26  18:15   27.6   27.7   27.5    56   18.0    0.0      S   0.00   6.4   SSE   27.6   28.3   28.3  1009.4   0.00    0.0    0.000   0.096   28.9    49   17.2   29.9    8.87   1.1420     351     1    100.0   15 
27/08/26  18:30   27.4   27.5   27.3    59   18.7    1.6    ENE   0.40   6.4     S   27.4   28.3   28.3  1009.6   0.00    0.0    0.000   0.094   29.2    50   17.7   30.2    9.06   1.1404     352     1    100.0   15 
27/08/26  18:45   27.2   27.3   27.0    60   18.7    0.0      S   0.00   6.4     S   27.2   28.1   28.1  1009.5   0.00    0.0    0.000   0.092   29.3    51   18.1   30.4    9.25   1.1393     350     1    100.0   15 
27/08/26  19:00   26.9   27.0   26.8    62   19.0    0.0      S   0.00   6.4   SSO   26.9   27.9   27.9  1009.5   0.00    0.0    0.000   0.089   29.4    52   18.6   30.7    9.35   1.1382     351     1    100.0   15 
27/08/26  19:15   26.7   26.8   26.5    64   19.3    0.0     SO   0.00   3.2    SO   26.7   27.7   27.7  1009.3   0.00    0.0    0.000   0.087   29.4    52   18.6   30.7    9.35   1.1380     351     1    100.0   15 
27/08/26  19:30   26.4   26.5   26.3    65   19.3    0.0    OSO   0.00   3.2   OSO   26.4   27.4   27.4  1010.3   0.00    0.0    0.000   0.084   29.4    53   18.9   30.8    9.55   1.1387     351     1    100.0   15 
27/08/26  19:45   26.2   26.3   26.1    66   19.3    0.0    OSO   0.00   4.8   SSO   26.2   27.2   27.2  1010.8   0.00    0.0    0.000   0.082   29.4    54   19.1   30.9    9.75   1.1391     352     1    100.0   15 
27/08/26  20:00   26.1   26.1   26.0    67   19.4    0.0    SSE   0.00   4.8   SSE   26.1   27.1   27.1  1011.1   0.00    0.0    0.000   0.080   29.3    54   19.1   30.8    9.75   1.1397     351     1    100.0   15 
27/08/26  20:15   25.9   26.0   25.9    68   19.6    0.0      S   0.00   3.2    SO   25.9   27.1   27.1  1011.0   0.00    0.0    0.000   0.079   29.3    55   19.3   30.8    9.85   1.1395     351     1    100.0   15 
27/08/26  20:30   25.8   25.9   25.8    69   19.7    0.0      S   0.00   3.2     S   25.8   26.9   26.9  1011.0   0.00    0.0    0.000   0.078   29.2    55   19.3   30.8    9.85   1.1398     350     1    100.0   15 
27/08/26  20:45   25.7   25.8   25.6    70   19.8    0.0    OSO   0.00   4.8    SO   25.7   26.8   26.8  1011.4   0.00    0.0    0.000   0.076   29.2    56   19.5   30.9   10.05   1.1397     352     1    100.0   15 
27/08/26  21:00   25.5   25.6   25.3    71   19.9    1.6     SO   0.40   8.0   OSO   25.5   26.7   26.7  1011.3   0.00    0.0    0.000   0.075   29.2    56   19.5   30.8   10.05   1.1399     351     1    100.0   15 
27/08/26  21:15   25.2   25.3   25.2    73   20.0    0.0     SO   0.00   4.8    SO   25.2   26.5   26.5  1011.0   0.00    0.0    0.000   0.072   29.2    57   19.8   31.0   10.24   1.1390     351     1    100.0   15 
27/08/26  21:30   25.2   25.2   25.1    73   20.0    0.0    ONO   0.00   3.2   ONO   25.2   26.4   26.4  1011.2   0.00    0.0    0.000   0.071   29.1    57   19.7   30.9   10.24   1.1396     351     1    100.0   15 
27/08/26  21:45   25.2   25.2   25.1    73   20.0    0.0    ---   0.00   0.0   ---   25.2   26.4   26.4  1011.4   0.00    0.0    0.000   0.071   29.1    57   19.7   30.8   10.24   1.1401     352     1    100.0   15 
27/08/26  22:00   25.1   25.1   25.1    73   19.9    0.0     NO   0.00   1.6    NO   25.1   26.4   26.4  1011.6   0.00    0.0    0.000   0.071   29.1    58   20.0   30.9   10.35   1.1399     351     1    100.0   15 
27/08/26  22:15   25.1   25.1   24.9    74   20.1    0.0    OSO   0.00   4.8    SO   25.1   26.4   26.4  1011.8   0.00    0.0    0.000   0.070   29.0    58   19.9   30.9   10.35   1.1404     351     1    100.0   15 
27/08/26  22:30   24.9   24.9   24.8    74   19.9    1.6      S   0.40   6.4    SO   24.9   26.2   26.2  1012.6   0.00    0.0    0.000   0.068   28.9    58   19.8   30.8   10.35   1.1417     351     1    100.0   15 
27/08/26  22:45   24.7   24.8   24.5    73   19.5    1.6     NO   0.40   4.8   ONO   24.7   25.9   25.9  1012.4   0.00    0.0    0.000   0.066   28.8    58   19.7   30.6   10.35   1.1420     351     1    100.0   15 
27/08/26  23:00   24.5   24.6   24.4    67   18.0    1.6    OSO   0.40   4.8   OSO   24.5   25.3   25.3  1012.5   0.00    0.0    0.000   0.064   28.7    56   19.1   30.2   10.05   1.1436     352     1    100.0   15 
27/08/26  23:15   24.7   24.8   24.6    64   17.5    1.6     NO   0.40  12.9     N   24.7   25.4   25.4  1012.3   0.00    0.0    0.000   0.067   28.7    54   18.4   29.9    9.75   1.1446     350     1    100.0   15 
27/08/26  23:30   24.8   25.1   24.7    47   12.8    3.2     NO   0.80  14.5   ONO   24.8   24.7   24.7  1011.7   0.00    0.0    0.000   0.068   28.6    49   16.8   29.3    8.88   1.1467     350     1    100.0   15 
27/08/26  23:45   25.1   25.2   25.1    43   11.6    1.6     NO   0.40   6.4   ONO   25.1   24.8   24.8  1011.6   0.00    0.0    0.000   0.071   28.4    45   15.4   28.8    8.29   1.1490     351     1    100.0   15 
28/08/26  00:00   25.2   25.2   25.2    41   11.0    1.6     NO   0.40   6.4   NNO   25.2   24.7   24.7  1011.7   0.00    0.0    0.000   0.071   28.4    43   14.6   28.5    7.99   1.1503     352     1    100.0   15 
28/08/26   0:15   25.2   25.3   25.2    40   10.7    1.6     NO   0.40  11.3   NNO   25.2   24.8   24.8  1011.6   0.00    0.0    0.000   0.072   28.3    42   14.2   28.3    7.85   1.1509     350     1    100.0   15 
28/08/26   0:30   25.2   25.2   25.2    39   10.3    1.6    OSO   0.40  11.3   NNO   25.2   24.7   24.7  1012.1   0.00    0.0    0.000   0.072   28.3    40   13.4   28.1    7.55   1.1526     351     1    100.0   15 
28/08/26   0:45   25.2   25.2   25.1    40   10.6    0.0    OSO   0.00   4.8    NO   25.2   24.7   24.7  1012.6   0.00    0.0    0.000   0.071   28.2    40   13.3   28.0    7.55   1.1534     350     1    100.0   15 
28/08/26   1:00   24.9   25.1   24.8    40   10.4    0.0    ---   0.00   0.0   ---   24.9   24.5   24.5  1013.3   0.00    0.0    0.000   0.069   28.2    40   13.3   28.0    7.55   1.1543     350     1    100.0   15 
28/08/26   1:15   24.7   24.8   24.6    41   10.6    0.0    OSO   0.00   4.8    SO   24.7   24.3   24.3  1013.2   0.00    0.0    0.000   0.067   28.2    39   12.9   27.8    7.40   1.1548     351     1    100.0   15 
28/08/26   1:30   24.4   24.6   24.3    41   10.3    1.6     NO   0.40   6.4   OSO   24.4   24.0   24.0  1012.9   0.00    0.0    0.000   0.064   28.1    39   12.9   27.8    7.40   1.1548     351     1    100.0   15 
28/08/26   1:45   24.2   24.3   24.2    41   10.1    0.0    OSO   0.00   6.4    NO   24.2   23.8   23.8  1013.0   0.00    0.0    0.000   0.061   28.1    38   12.4   27.6    7.25   1.1556     351     1    100.0   15 
28/08/26   2:00   24.1   24.2   23.9    41   10.0    0.0    NNO   0.00   6.4   NNO   24.1   23.7   23.7  1012.5   0.00    0.0    0.000   0.060   28.0    38   12.4   27.6    7.25   1.1553     351     1    100.0   15 
28/08/26   2:15   24.1   24.1   23.9    40    9.6    3.2     NO   0.80  14.5   ONO   24.1   23.6   23.6  1012.6   0.00    0.0    0.000   0.060   27.9    37   11.9   27.3    7.11   1.1563     351     2    100.0   15 
28/08/26   2:30   24.0   24.1   23.9    40    9.6    3.2     NO   0.80  12.9   ONO   24.0   23.6   23.6  1012.4   0.00    0.0    0.000   0.059   27.8    37   11.8   27.2    7.11   1.1566     352     1    100.0   15 
28/08/26   2:45   24.1   24.1   24.0    40    9.6    4.8     NO   1.21  12.9   OSO   24.1   23.6   23.6  1012.6   0.00    0.0    0.000   0.060   27.7    37   11.7   27.1    7.11   1.1572     351     1    100.0   15 
28/08/26   3:00   24.0   24.1   23.9    40    9.6    4.8     NO   1.21  12.9    NO   24.0   23.6   23.6  1012.6   0.00    0.0    0.000   0.059   27.6    37   11.6   27.0    7.12   1.1577     351     1    100.0   15 
28/08/26   3:15   23.8   23.9   23.8    41    9.8    3.2     NO   0.80  14.5   OSO   23.8   23.4   23.4  1012.8   0.00    0.0    0.000   0.057   27.6    37   11.6   26.9    7.12   1.1581     350     1    100.0   15 
28/08/26   3:30   23.7   23.8   23.6    41    9.6    3.2     NO   0.80  14.5     O   23.7   23.2   23.2  1012.9   0.00    0.0    0.000   0.056   27.5    37   11.5   26.8    7.12   1.1586     352     1    100.0   15 
28/08/26   3:45   23.4   23.6   23.3    42    9.8    3.2     NO   0.80  14.5    SO   23.4   23.1   23.1  1013.0   0.00    0.0    0.000   0.053   27.4    37   11.5   26.8    7.12   1.1590     351     1    100.0   15 
28/08/26   4:00   23.2   23.4   23.1    43    9.9    3.2    NNO   0.80  11.3    NO   23.2   22.8   22.8  1013.4   0.00    0.0    0.000   0.051   27.3    37   11.4   26.6    7.13   1.1599     350     1    100.0   15 
28/08/26   4:15   22.9   23.1   22.9    44   10.0    3.2     NO   0.80   9.7   NNO   22.9   22.4   22.4  1013.4   0.00    0.0    0.000   0.048   27.3    37   11.3   26.6    7.13   1.1602     351     1    100.0   15 
28/08/26   4:30   22.8   22.9   22.8    45   10.3    4.8     NO   1.21  19.3   OSO   22.8   22.3   22.3  1013.0   0.00    0.0    0.000   0.047   27.2    38   11.7   26.6    7.25   1.1596     351     1    100.0   15 
28/08/26   4:45   22.7   22.8   22.7    46   10.5    4.8     NO   1.21  16.1   NNO   22.7   22.2   22.2  1013.3   0.00    0.0    0.000   0.046   27.2    38   11.6   26.5    7.25   1.1602     352     1    100.0   15 
28/08/26   5:00   22.7   22.7   22.6    46   10.5    4.8     NO   1.21  20.9   NNO   22.7   22.2   22.2  1012.9   0.00    0.0    0.000   0.045   27.1    38   11.5   26.4    7.25   1.1602     349     1    100.0   15 
28/08/26   5:15   22.5   22.6   22.3    46   10.3    3.2     NO   0.80  14.5   OSO   22.5   21.9   21.9  1013.0   0.00    0.0    0.000   0.043   26.9    38   11.4   26.3    7.25   1.1609     350     1    100.0   15 
28/08/26   5:30   22.3   22.4   22.2    47   10.4    1.6    NNO   0.40  14.5   NNO   22.3   21.6   21.6  1013.2   0.00    0.0    0.000   0.041   26.8    38   11.3   26.2    7.25   1.1617     351     1    100.0   15 
28/08/26   5:45   22.2   22.2   22.1    47   10.4    3.2     NO   0.80  14.5   NNO   22.2   21.6   21.6  1013.6   0.00    0.0    0.000   0.041   26.8    38   11.3   26.1    7.25   1.1624     351     1    100.0   15 
28/08/26   6:00   22.2   22.2   22.1    47   10.3    3.2     NO   0.80  14.5     O   22.2   21.4   21.4  1013.9   0.00    0.0    0.000   0.040   26.7    39   11.6   26.1    7.45   1.1626     351     1    100.0   15 
28/08/26   6:15   22.1   22.2   22.1    46    9.9    3.2     NO   0.80  14.5   NNO   22.1   21.3   21.3  1014.1   0.00    0.0    0.000   0.039   26.7    39   11.6   26.1    7.45   1.1631     351     1    100.0   15 
28/08/26   6:30   22.3   22.3   22.2    45    9.8    1.6     SO   0.40  11.3   SSO   22.3   21.6   21.6  1014.2   0.00    0.0    0.000   0.041   26.7    39   11.6   26.1    7.45   1.1629     350     1    100.0   15 
28/08/26   6:45   22.4   22.4   22.3    44    9.5    3.2     NO   0.80  12.9    NO   22.4   21.7   21.7  1014.1   0.00    0.0    0.000   0.042   26.8    38   11.3   26.1    7.25   1.1630     352     1    100.0   15 
28/08/26   7:00   22.4   22.4   22.3    44    9.5    4.8     NO   1.21  20.9   NNO   22.4   21.7   21.7  1014.2   0.00    0.0    0.000   0.042   26.8    37   10.9   26.1    7.14   1.1633     351     1    100.0   15 
28/08/26   7:15   22.3   22.4   22.3    44    9.5    4.8     NO   1.21  22.5   NNO   22.3   21.6   21.6  1014.7   0.00    0.0    0.000   0.042   26.9    37   11.0   26.2    7.14   1.1636     350     1    100.0   15 
28/08/26   7:30   22.2   22.3   22.2    43    9.0    6.4    NNO   1.61  17.7   NNO   22.2   21.3   21.3  1014.9   0.00    0.0    0.000   0.041   26.9    37   11.0   26.2    7.14   1.1635     351     1    100.0   15 
28/08/26   7:45   22.5   22.8   22.3    42    8.9    8.0     NO   2.01  22.5     O   22.5   21.7   21.7  1014.9   0.00    0.0    0.000   0.043   27.0    36   10.7   26.2    6.93   1.1636     351     1    100.0   15 
28/08/26   8:00   22.9   23.0   22.8    41    8.9    8.0    NNO   2.01  24.1     O   22.9   22.3   22.3  1014.8   0.00    0.0    0.000   0.047   27.1    36   10.7   26.3    6.92   1.1633     350     1    100.0   15 
28/08/26   8:15   23.2   23.3   23.0    40    8.8    6.4     NO   1.61  25.7   NNO   23.2   22.6   22.6  1014.9   0.00    0.0    0.000   0.050   27.1    36   10.7   26.3    6.92   1.1634     351     1    100.0   15 
28/08/26   8:30   23.1   23.2   23.1    39    8.4    6.4    NNO   1.61  25.7   NNO   23.1   22.5   22.5  1015.2   0.00    0.0    0.000   0.050   27.1    36   10.8   26.3    6.92   1.1635     351     1    100.0   15 
28/08/26   8:45   23.5   23.8   23.2    33    6.3    8.0    NNO   2.01  25.7   NNO   23.5   22.7   22.7  1015.5   0.00    0.0    0.000   0.054   27.3    35   10.5   26.4    6.81   1.1635     351     1    100.0   15 
28/08/26   9:00   24.0   24.3   23.8    33    6.7    6.4     NO   1.61  22.5     O   24.0   23.2   23.2  1015.6   0.00    0.0    0.000   0.059   27.4    34   10.1   26.6    6.60   1.1635     352     1    100.0   15 
28/08/26   9:15   24.4   24.6   24.3    33    7.1    6.4     NO   1.61  24.1   NNO   24.4   23.7   23.7  1015.8   0.00    0.0    0.000   0.064   27.6    34   10.3   26.7    6.59   1.1629     351     1    100.0   15 
28/08/26   9:30   24.9   25.1   24.6    33    7.6    6.4     SO   1.61  29.0   NNO   24.9   24.3   24.3  1015.7   0.00    0.0    0.000   0.069   27.8    33   10.0   26.9    6.47   1.1622     350     1    100.0   15 
28/08/26   9:45   25.1   25.2   24.9    33    7.7    8.0     NO   2.01  32.2   NNO   25.1   24.4   24.4  1015.7   0.00    0.0    0.000   0.070   28.0    34   10.7   27.2    6.55   1.1607     351     1    100.0   15 
28/08/26  10:00   25.3   25.4   25.2    32    7.4    9.7     NO   2.41  35.4   NNE   25.3   24.6   24.6  1015.8   0.00    0.0    0.000   0.073   28.2    34   10.8   27.4    6.54   1.1600     350     1    100.0   15 
28/08/26  10:15   25.2   25.3   25.0    33    7.8    8.0     NO   2.01  22.5    NO   25.2   24.6   24.6  1015.4   0.00    0.0    0.000   0.072   28.3    33   10.5   27.5    6.43   1.1593     352     1    100.0   15 
28/08/26  10:30   25.1   25.4   24.9    34    8.1    6.4     NO   1.61  25.7     O   25.1   24.5   24.5  1015.5   0.00    0.0    0.000   0.071   28.5    33   10.7   27.7    6.42   1.1585     351     1    100.0   15 
28/08/26  10:45   25.6   25.7   25.4    33    8.1    6.4     NO   1.61  17.7   ONO   25.6   24.8   24.8  1015.9   0.00    0.0    0.000   0.076   28.6    33   10.8   27.9    6.41   1.1585     350     1    100.0   15 
28/08/26  11:00   25.9   26.3   25.7    32    8.0    6.4     NO   1.61  24.1   NNO   25.9   25.1   25.1  1016.0   0.00    0.0    0.000   0.079   28.7    33   10.8   27.9    6.41   1.1583     351     1    100.0   15 
28/08/26  11:15   26.7   27.2   26.3    31    8.2    4.8     NO   1.21  14.5     O   26.7   25.7   25.7  1015.9   0.00    0.0    0.000   0.087   28.8    34   11.4   28.3    6.49   1.1570     351     1    100.0   15 
28/08/26  11:30   27.4   27.8   27.2    30    8.3    4.8    NNO   1.21  16.1    SO   27.4   26.3   26.3  1015.9   0.00    0.0    0.000   0.094   28.9    34   11.5   28.4    6.49   1.1565     351     1    100.0   15 
28/08/26  11:45   27.7   27.9   27.5    30    8.6    6.4     NO   1.61  17.7   NNO   27.7   26.7   26.7  1015.8   0.00    0.0    0.000   0.098   29.1    33   11.2   28.5    6.37   1.1561     351     1    100.0   15 
28/08/26  12:00   27.7   27.8   27.6    28    7.5    6.4     NO   1.61  19.3    SO   27.7   26.6   26.6  1015.7   0.00    0.0    0.000   0.098   29.2    33   11.3   28.6    6.37   1.1554     351     1    100.0   15 
28/08/26  12:15   27.7   28.0   27.5    28    7.5    6.4     NO   1.61  14.5   NNO   27.7   26.6   26.6  1015.8   0.00    0.0    0.000   0.098   29.3    32   10.9   28.6    6.25   1.1554     351     1    100.0   15 
28/08/26  12:30   28.1   28.3   27.9    28    7.8    8.0    NNO   2.01  20.9     N   28.1   26.8   26.8  1015.9   0.00    0.0    0.000   0.101   29.5    31   10.6   28.6    6.15   1.1553     351     1    100.0   15 
28/08/26  12:45   28.4   28.7   28.3    26    7.1    4.8    NNO   1.21  14.5    NO   28.4   27.1   27.1  1015.9   0.00    0.0    0.000   0.105   29.6    32   11.1   28.8    6.25   1.1545     351     1    100.0   15 
28/08/26  13:00   28.7   28.8   28.5    23    5.5    6.4    OSO   1.61  20.9     O   28.7   27.2   27.2  1015.8   0.00    0.0    0.000   0.108   29.6    32   11.2   28.8    6.25   1.1541     351     1    100.0   15 
28/08/26  13:15   28.8   29.2   28.7    24    6.2    6.4     NO   1.61  20.9    SO   28.8   27.4   27.4  1015.5   0.00    0.0    0.000   0.109   29.8    31   10.8   28.9    6.15   1.1535     350     1    100.0   15 
28/08/26  13:30   29.2   29.3   28.9    23    5.9    6.4    OSO   1.61  16.1   OSO   29.2   27.6   27.6  1015.3   0.00    0.0    0.000   0.113   29.8    31   10.8   28.9    6.15   1.1533     351     1    100.0   15 
28/08/26  13:45   29.2   29.3   29.1    23    5.9    6.4     SO   1.61  19.3    SO   29.2   27.6   27.6  1015.3   0.00    0.0    0.000   0.113   29.9    30   10.4   28.9    6.03   1.1533     351     1    100.0   15 
28/08/26  14:00   29.4   29.7   29.2    23    6.1    4.8     NO   1.21  12.9   OSO   29.4   27.9   27.9  1015.2   0.00    0.0    0.000   0.116   29.9    31   11.0   29.1    6.15   1.1524     351     1    100.0   15 
28/08/26  14:15   29.9   30.3   29.7    22    5.9    3.2    OSO   0.80  17.7   OSO   29.9   28.2   28.2  1015.0   0.00    0.0    0.000   0.120   29.9    32   11.5   29.2    6.25   1.1516     351     1    100.0   15 
28/08/26  14:30   30.1   30.4   29.8    20    4.6    6.4     NO   1.61  14.5   NNO   30.1   28.3   28.3  1014.8   0.00    0.0    0.000   0.122   29.9    32   11.5   29.2    6.25   1.1515     352     1    100.0   15 
28/08/26  14:45   29.9   30.1   29.8    20    4.5    4.8    OSO   1.21  14.5   NNO   29.9   28.2   28.2  1014.6   0.00    0.0    0.000   0.121   29.9    31   11.0   29.1    6.15   1.1517     351     1    100.0   15 
28/08/26  15:00   30.1   30.2   29.8    19    3.9    4.8     NO   1.21  11.3   NNO   30.1   28.2   28.2  1014.7   0.00    0.0    0.000   0.122   30.0    31   11.0   29.2    6.15   1.1516     351     1    100.0   15 
28/08/26  15:15   30.1   30.1   30.0    20    4.6    4.8     SO   1.21  14.5   OSO   30.1   28.3   28.3  1014.6   0.00    0.0    0.000   0.122   30.1    30   10.6   29.1    6.03   1.1517     351     1    100.0   15 
