                 Temp.  Temp.  Temp.  Hum.   Punt   Vel.   Dir.   Rec.  Vel.  Dir.  Sens.   Índ.   Índ.                  Int. Graus D.Graus D.  Temp.  Hum. Rosada  In.Cal.  EMC     Dens.    Mostr   Tx   Recep.  Int.
  Data    Hora    Ext.   Màx.   Mín.  Ext. Rosada   Vent   Vent   Vent  Màx.  Màx.  Tèrm.  Calor   THW    Bar    Pluja   Pluja  Calor    Fred    Int.  Int.   Int.   Int.    Int.  Int.Aire    Vent   Vent   ISS   Arc.
-------------------------------------------------------------------------------------------------------------------------------------------------------------------------------------------------------------------------
18/08/26   0:15   25.2   25.2   25.2    87   22.8    0.0    ---   0.00   0.0   ---   25.2   27.3   27.3  1014.7   0.00    0.0    0.000   0.071   29.0    65   21.8   32.0   11.67   1.1405     349     2    100.0   15 
18/08/26   0:30   25.2   25.2   25.2    87   22.9    0.0    ---   0.00   0.0   ---   25.2   27.4   27.4  1014.7   0.00    0.0    0.000   0.072   29.0    65   21.8   32.0   11.67   1.1405     350     1    100.0   15 
18/08/26   0:45   25.2   25.2   25.2    87   22.9    0.0    ---   0.00   0.0   ---   25.2   27.4   27.4  1014.6   0.00    0.0    0.000   0.072   29.0    65   21.8   32.0   11.67   1.1405     349     1    100.0   15 
18/08/26   1:00   25.2   25.2   25.2    87   22.9    0.0    ---   0.00   0.0   ---   25.2   27.4   27.4  1014.7   0.00    0.0    0.000   0.072   29.0    66   22.0   32.2   11.87   1.1401     352     1    100.0   15 
18/08/26   1:15   25.1   25.2   24.9    87   22.7    0.0    ENE   0.00   3.2   ENE   25.1   27.2   27.2  1014.6   0.00    0.0    0.000   0.070   29.0    66   22.0   32.2   11.87   1.1400     351     1    100.0   15 
18/08/26   1:30   24.8   24.9   24.7    88   22.7    0.0    ENE   0.00   3.2   ENE   24.8   26.8   26.8  1014.6   0.00    0.0    0.000   0.067   28.9    67   22.2   32.3   12.07   1.1398     350     1    100.0   15 
18/08/26   1:45   24.6   24.7   24.6    89   22.7    0.0    ENE   0.00   3.2   ENE   24.6   26.6   26.6  1014.6   0.00    0.0    0.000   0.065   28.9    67   22.2   32.3   12.07   1.1398     351     2    100.0   15 
18/08/26   2:00   24.6   24.6   24.5    88   22.4    0.0    ENE   0.00   3.2   ENE   24.6   26.5   26.5  1014.6   0.00    0.0    0.000   0.065   28.9    67   22.1   32.2   12.07   1.1401     352     1    100.0   15 
18/08/26   2:15   24.4   24.5   24.4    89   22.5    0.0    ---   0.00   0.0   ---   24.4   26.3   26.3  1014.5   0.00    0.0    0.000   0.064   28.8    67   22.1   32.0   12.07   1.1403     351     1    100.0   15 
18/08/26   2:30   24.3   24.4   24.3    90   22.6    0.0    ---   0.00   0.0   ---   24.3   26.3   26.3  1014.4   0.00    0.0    0.000   0.063   28.8    67   22.1   32.0   12.07   1.1402     350     1    100.0   15 
18/08/26   2:45   24.2   24.3   24.2    90   22.5    0.0    ---   0.00   0.0   ---   24.2   26.2   26.2  1014.4   0.00    0.0    0.000   0.061   28.8    67   22.0   31.9   12.07   1.1405     350     1    100.0   15 
18/08/26   3:00   24.1   24.2   24.1    90   22.4    0.0    ---   0.00   0.0   ---   24.1   26.0   26.0  1014.3   0.00    0.0    0.000   0.060   28.8    68   22.3   32.1   12.27   1.1399     351     1    100.0   15 
18/08/26   3:15   24.0   24.1   23.9    91   22.4    0.0    ENE   0.00   1.6   ENE   24.0   25.9   25.9  1014.2   0.00    0.0    0.000   0.059   28.7    68   22.2   31.9   12.28   1.1401     351     1    100.0   15 
18/08/26   3:30   23.9   23.9   23.9    91   22.4    0.0    ENE   0.00   3.2   ENE   23.9   25.9   25.9  1014.2   0.00    0.0    0.000   0.058   28.7    68   22.2   31.9   12.28   1.1401     351     1    100.0   15 
18/08/26   3:45   23.9   23.9   23.8    91   22.3    0.0    ENE   0.00   3.2   ENE   23.9   25.8   25.8  1014.3   0.00    0.0    0.000   0.058   28.7    68   22.2   31.8   12.28   1.1405     350     1    100.0   15 
18/08/26   4:00   23.7   23.8   23.7    91   22.2    0.0    ENE   0.00   1.6   ENE   23.7   25.5   25.5  1014.3   0.00    0.0    0.000   0.056   28.6    68   22.1   31.7   12.28   1.1409     350     1    100.0   15 
18/08/26   4:15   23.7   23.7   23.6    91   22.1    0.0    ---   0.00   0.0   ---   23.7   25.4   25.4  1014.3   0.00    0.0    0.000   0.056   28.6    68   22.1   31.6   12.28   1.1412     352     1    100.0   15 
18/08/26   4:30   23.6   23.6   23.5    92   22.2    0.0    ---   0.00   0.0   ---   23.6   25.2   25.2  1014.5   0.00    0.0    0.000   0.054   28.6    68   22.1   31.6   12.28   1.1414     350     1    100.0   15 
18/08/26   4:45   23.4   23.5   23.3    92   22.1    1.6    ENE   0.40   6.4   ENE   23.4   25.0   25.0  1014.5   0.00    0.0    0.000   0.053   28.6    68   22.1   31.6   12.28   1.1414     351     1    100.0   15 
18/08/26   5:00   23.2   23.3   23.1    93   22.0    3.2    ESE   0.80   8.0     E   23.2   24.7   24.7  1014.5   0.00    0.0    0.000   0.050   28.5    68   22.0   31.4   12.28   1.1417     351     1    100.0   15 
18/08/26   5:15   22.7   23.1   22.4    93   21.5    1.6    ESE   0.40   4.8   ESE   22.7   24.2   24.2  1014.7   0.00    0.0    0.000   0.046   28.4    69   22.2   31.3   12.43   1.1422     352     1    100.0   15 
18/08/26   5:30   22.6   22.7   22.5    93   21.4    1.6    ESE   0.40   4.8   ESE   22.6   24.1   24.1  1014.9   0.00    0.0    0.000   0.045   28.3    68   21.9   31.0   12.29   1.1431     351     1    100.0   15 
18/08/26   5:45   22.6   22.6   22.6    93   21.4    1.6    ESE   0.40   4.8   ESE   22.6   24.0   24.0  1015.0   0.00    0.0    0.000   0.044   28.2    68   21.8   30.8   12.29   1.1439     351     1    100.0   15 
18/08/26   6:00   22.6   22.7   22.6    93   21.4    0.0      E   0.00   3.2     E   22.6   24.1   24.1  1015.2   0.00    0.0    0.000   0.045   28.2    68   21.7   30.7   12.30   1.1444     351     1    100.0   15 
18/08/26   6:15   22.8   23.0   22.7    93   21.6    0.0      N   0.00   4.8     N   22.8   24.3   24.3  1015.2   0.00    0.0    0.000   0.047   28.2    68   21.7   30.7   12.30   1.1444     351     1    100.0   15 
18/08/26   6:30   23.1   23.1   23.0    92   21.7    3.2    ONO   0.80   6.4    NO   23.1   24.5   24.5  1015.4   0.00    0.0    0.000   0.049   28.3    67   21.6   30.7   12.09   1.1444     351     1    100.0   15 
18/08/26   6:45   23.2   23.3   23.1    91   21.7    3.2    ONO   0.80   8.0    NO   23.2   24.6   24.6  1015.6   0.00    0.0    0.000   0.051   28.3    67   21.6   30.8   12.09   1.1444     351     1    100.0   15 
18/08/26   7:00   23.4   23.6   23.3    90   21.7    3.2     NO   0.80   8.0    NO   23.4   24.9   24.9  1015.6   0.00    0.0    0.000   0.053   28.4    67   21.7   31.1   12.09   1.1438     350     1    100.0   15 
18/08/26   7:15   23.9   24.1   23.7    89   22.0    1.6     NO   0.40   6.4    NO   23.9   25.7   25.7  1015.8   0.00    0.0    0.000   0.058   28.6    67   21.8   31.4   12.08   1.1434     351     1    100.0   15 
18/08/26   7:30   24.4   24.8   24.2    87   22.1    1.6     NO   0.40   8.0     E   24.4   26.3   26.3  1015.9   0.00    0.0    0.000   0.064   28.7    67   21.9   31.6   12.08   1.1428     351     1    100.0   15 
18/08/26   7:45   25.0   25.3   24.8    87   22.7    0.0     NO   0.00   4.8    NO   25.0   27.1   27.1  1015.7   0.00    0.0    0.000   0.069   28.8    68   22.3   32.2   12.27   1.1413     351     1    100.0   15 
18/08/26   8:00   25.8   26.3   25.4    84   22.9    0.0     NO   0.00   4.8    NO   25.8   28.2   28.2  1015.6   0.00    0.0    0.000   0.078   28.9    68   22.4   32.4   12.27   1.1405     351     1    100.0   15 
18/08/26   8:15   26.4   26.4   26.3    82   23.1    0.0    OSO   0.00   4.8   OSO   26.4   28.9   28.9  1015.6   0.00    0.0    0.000   0.084   29.1    67   22.4   32.6   12.06   1.1401     351     1    100.0   15 
18/08/26   8:30   26.5   26.8   26.3    80   22.8    0.0      O   0.00   6.4   OSO   26.5   28.9   28.9  1015.6   0.00    0.0    0.000   0.085   29.2    67   22.5   32.8   12.06   1.1394     352     1    100.0   15 
18/08/26   8:45   26.7   26.9   26.6    76   22.1    1.6    OSO   0.40   8.0   OSO   26.7   28.9   28.9  1015.5   0.00    0.0    0.000   0.087   29.4    66   22.4   32.9   11.85   1.1389     351     1    100.0   15 
18/08/26   9:00   27.3   27.8   26.9    72   21.8    0.0    OSO   0.00   4.8   OSO   27.3   29.6   29.6  1015.5   0.00    0.0    0.000   0.094   29.6    64   22.0   32.9   11.44   1.1388     351     1    100.0   15 
18/08/26   9:15   28.3   28.7   27.8    67   21.6    1.6    OSO   0.40   9.7    SO   28.3   30.8   30.8  1015.4   0.00    0.0    0.000   0.104   29.4    60   20.9   31.9   10.75   1.1413     351     1    100.0   15 
18/08/26   9:30   28.8   29.1   28.6    66   21.8    0.0    OSO   0.00   6.4   OSO   28.8   31.7   31.7  1015.3   0.00    0.0    0.000   0.109   29.3    57   19.9   31.2   10.24   1.1435     351     1    100.0   15 
18/08/26   9:45   29.6   29.8   29.2    62   21.5    0.0      S   0.00   6.4     S   29.6   32.5   32.5  1015.1   0.00    0.0    0.000   0.117   29.2    54   18.9   30.6    9.75   1.1452     352     1    100.0   15 
18/08/26  10:00   29.7   29.8   29.7    61   21.4    0.0    ---   0.00   0.0   ---   29.7   32.7   32.7  1015.2   0.00    0.0    0.000   0.119   29.1    54   18.9   30.5    9.75   1.1456     351     1    100.0   15 
18/08/26  10:15   30.3   30.8   29.9    59   21.4    0.0    ---   0.00   0.0   ---   30.3   33.6   33.6  1015.1   0.00    0.0    0.000   0.125   29.0    51   17.8   30.1    9.27   1.1474     351     1    100.0   15 
18/08/26  10:30   30.7   30.8   30.7    58   21.5    1.6     SO   0.40   6.4    NO   30.7   34.1   34.1  1014.8   0.00    0.0    0.000   0.129   28.8    51   17.7   29.9    9.27   1.1479     350     1    100.0   15 
18/08/26  10:45   30.6   30.7   30.3    57   21.1    1.6    OSO   0.40   9.7    SO   30.6   33.6   33.6  1014.6   0.00    0.0    0.000   0.127   28.7    52   17.9   29.8    9.38   1.1478     352     1    100.0   15 
18/08/26  11:00   31.5   32.1   30.7    54   21.1    0.0    ---   0.00   0.0   ---   31.5   34.7   34.7  1014.5   0.00    0.0    0.000   0.137   28.7    51   17.5   29.6    9.28   1.1484     351     1    100.0   15 
18/08/26  11:15   32.8   33.2   32.2    50   21.0    0.0    SSO   0.00   9.7   SSE   32.8   36.2   36.2  1014.3   0.00    0.0    0.000   0.150   28.7    50   17.2   29.6    9.08   1.1487     351     1    100.0   15 
18/08/26  11:30   33.0   33.1   32.8    51   21.5    1.6    OSO   0.40   9.7   OSO   33.0   36.9   36.9  1014.2   0.00    0.0    0.000   0.153   28.6    49   16.8   29.4    8.88   1.1493     351     1    100.0   15 
18/08/26  11:45   32.9   33.3   32.6    48   20.4    1.6     SO   0.40  16.1    SO   32.9   35.9   35.9  1014.0   0.00    0.0    0.000   0.152   28.5    48   16.4   29.1    8.78   1.1501     352     1    100.0   15 
18/08/26  12:00   33.3   33.7   33.1    50   21.5    1.6     SO   0.40  11.3   SSE   33.3   37.3   37.3  1013.8   0.00    0.0    0.000   0.156   28.4    48   16.4   29.0    8.79   1.1501     351     1    100.0   15 
18/08/26  12:15   33.9   34.2   33.7    48   21.4    4.8    SSE   1.21  14.5   ENE   33.9   38.1   38.1  1013.6   0.00    0.0    0.000   0.163   28.5    48   16.4   29.1    8.78   1.1497     350     1    100.0   15 
18/08/26  12:30   33.8   34.2   33.4    51   22.2    4.8    OSO   1.21  12.9     S   33.8   38.6   38.6  1013.5   0.00    0.0    0.000   0.161   28.6    47   16.1   29.1    8.58   1.1497     351     1    100.0   15 
18/08/26  12:45   33.7   34.2   33.4    50   21.9    1.6    SSO   0.40  11.3   SSO   33.7   38.1   38.1  1013.4   0.00    0.0    0.000   0.160   28.7    48   16.6   29.4    8.78   1.1485     350     1    100.0   15 
18/08/26  13:00   34.1   34.4   33.8    52   22.9    3.2     SO   0.80  16.1   OSO   34.1   39.7   39.7  1013.2   0.00    0.0    0.000   0.164   28.8    49   17.0   29.6    8.87   1.1474     352     1    100.0   15 
18/08/26  13:15   33.6   33.8   33.4    53   22.7    3.2      S   0.80  14.5    SO   33.6   38.9   38.9  1013.1   0.00    0.0    0.000   0.159   28.8    50   17.4   29.8    9.07   1.1464     351     1    100.0   15 
18/08/26  13:30   33.6   34.0   33.3    52   22.4    1.6     SO   0.40  12.9    SO   33.6   38.6   38.6  1012.8   0.00    0.0    0.000   0.159   28.8    48   16.7   29.6    8.77   1.1473     351     1    100.0   15 
18/08/26  13:45   33.9   34.1   33.4    54   23.3    4.8    OSO   1.21  17.7   SSO   33.9   40.1   40.1  1012.7   0.00    0.0    0.000   0.163   28.7    48   16.6   29.4    8.78   1.1475     351     1    100.0   15 
18/08/26  14:00   33.2   33.4   32.9    56   23.2    6.4    OSO   1.61  19.3    SO   33.2   38.8   38.8  1012.6   0.00    0.0    0.000   0.155   28.8    47   16.3   29.5    8.57   1.1475     352     1    100.0   15 
18/08/26  14:15   32.6   32.9   32.4    58   23.3    6.4     SO   1.61  20.9    SE   32.6   38.1   38.1  1012.4   0.00    0.0    0.000   0.149   28.8    46   16.0   29.4    8.45   1.1478     350     1    100.0   15 
18/08/26  14:30   32.5   32.8   32.2    58   23.2    8.0     SO   2.01  20.9     S   32.5   37.8   37.8  1012.3   0.00    0.0    0.000   0.148   28.8    46   16.0   29.4    8.45   1.1477     350     1    100.0   15 
18/08/26  14:45   32.5   32.7   32.3    58   23.2    4.8      S   1.21  17.7     S   32.5   37.8   37.8  1012.2   0.00    0.0    0.000   0.148   28.8    46   16.0   29.4    8.45   1.1476     351     1    100.0   15 
18/08/26  15:00   32.2   32.6   32.1    60   23.5    8.0      S   2.01  25.7     S   32.2   37.7   37.7  1012.2   0.00    0.0    0.000   0.145   28.8    46   16.0   29.4    8.45   1.1475     351     1    100.0   15 
18/08/26  15:15   32.3   32.6   32.0    58   23.0    4.8      S   1.21  20.9    SO   32.3   37.3   37.3  1012.1   0.00    0.0    0.000   0.145   28.7    45   15.6   29.2    8.28   1.1481     351     1    100.0   15 
18/08/26  15:30   32.2   32.6   32.1    60   23.5    6.4    SSO   1.61  22.5    SO   32.2   37.7   37.7  1012.0   0.00    0.0    0.000   0.145   28.7    45   15.6   29.2    8.28   1.1480     351     1    100.0   15 
18/08/26  15:45   32.2   32.3   32.0    60   23.4    6.4    SSO   1.61  19.3     S   32.2   37.6   37.6  1012.1   0.00    0.0    0.000   0.144   28.7    45   15.6   29.2    8.28   1.1481     351     1    100.0   15 
18/08/26  16:00   31.9   32.0   31.9    61   23.5    6.4      S   1.61  17.7     S   31.9   37.3   37.3  1012.0   0.00    0.0    0.000   0.142   28.7    45   15.6   29.2    8.28   1.1483     349     1    100.0   15 
18/08/26  16:15   31.5   31.9   31.3    63   23.6    8.0      S   2.01  20.9   SSE   31.5   36.6   36.6  1011.9   0.00    0.0    0.000   0.137   28.7    44   15.2   29.1    8.15   1.1487     352     1    100.0   15 
18/08/26  16:30   31.2   31.3   31.1    64   23.6    6.4      S   1.61  17.7   OSO   31.2   36.1   36.1  1012.0   0.00    0.0    0.000   0.134   28.6    44   15.2   28.9    8.15   1.1490     351     1    100.0   15 
18/08/26  16:45   31.2   31.3   31.1    64   23.5    4.8    SSE   1.21  17.7     S   31.2   35.9   35.9  1011.9   0.00    0.0    0.000   0.134   28.6    44   15.2   28.9    8.15   1.1490     351     1    100.0   15 
18/08/26  17:00   31.1   31.2   30.9    65   23.7    6.4      S   1.61  16.1    SE   31.1   35.9   35.9  1011.9   0.00    0.0    0.000   0.133   28.6    44   15.1   28.9    8.15   1.1492     350     1    100.0   15 
18/08/26  17:15   30.8   30.9   30.7    66   23.7    1.6      S   0.40  12.9     S   30.8   35.8   35.8  1012.0   0.00    0.0    0.000   0.130   28.6    44   15.2   28.9    8.15   1.1490     350     1    100.0   15 
18/08/26  17:30   30.4   30.7   30.2    68   23.8    4.8      S   1.21  14.5     S   30.4   35.6   35.6  1011.9   0.00    0.0    0.000   0.126   28.7    43   14.9   28.9    7.98   1.1491     350     1    100.0   15 
18/08/26  17:45   30.1   30.2   29.9    69   23.7    3.2      S   0.80  14.5   SSE   30.1   35.1   35.1  1012.0   0.00    0.0    0.000   0.122   28.7    43   14.9   28.9    7.98   1.1492     351     1    100.0   15 
18/08/26  18:00   29.8   30.0   29.4    70   23.7    4.8      S   1.21  17.7     S   29.8   34.6   34.6  1012.0   0.00    0.0    0.000   0.119   28.7    43   14.9   28.9    7.98   1.1492     351     1    100.0   15 
18/08/26  18:15   29.2   29.4   28.9    72   23.6    3.2      S   0.80  11.3     S   29.2   33.7   33.7  1012.1   0.00    0.0    0.000   0.113   28.7    45   15.6   29.2    8.28   1.1485     351     1    100.0   15 
18/08/26  18:30   28.7   28.9   28.5    74   23.6    3.2      S   0.80   9.7   SSE   28.7   33.1   33.1  1012.2   0.00    0.0    0.000   0.108   28.8    47   16.3   29.5    8.57   1.1471     351     1    100.0   15 
18/08/26  18:45   28.4   28.5   28.2    75   23.5    1.6      S   0.40   8.0    SE   28.4   32.4   32.4  1012.4   0.00    0.0    0.000   0.105   28.9    48   16.8   29.7    8.77   1.1462     351     1    100.0   15 
18/08/26  19:00   28.0   28.2   27.8    76   23.4    1.6    SSE   0.40   6.4   ESE   28.0   31.6   31.6  1012.6   0.00    0.0    0.000   0.101   28.9    49   17.2   29.9    8.87   1.1457     351     1    100.0   15 
18/08/26  19:15   27.6   27.8   27.5    76   23.0    0.0      S   0.00   6.4     S   27.6   30.6   30.6  1012.7   0.00    0.0    0.000   0.097   29.1    53   18.6   30.4    9.56   1.1432     351     1    100.0   15 
18/08/26  19:30   27.4   27.4   27.3    77   23.0    0.0      E   0.00   4.8     S   27.4   30.3   30.3  1012.9   0.00    0.0    0.000   0.094   29.3    59   20.5   31.6   10.55   1.1394     352     1    100.0   15 
18/08/26  19:45   27.2   27.3   27.1    77   22.8    0.0    ESE   0.00   3.2   ESE   27.2   29.9   29.9  1013.1   0.00    0.0    0.000   0.093   29.6    61   21.2   32.3   10.94   1.1375     351     1    100.0   15 
18/08/26  20:00   27.0   27.1   26.8    78   22.8    0.0    ESE   0.00   4.8   ESE   27.0   29.6   29.6  1013.3   0.00    0.0    0.000   0.090   29.6    62   21.6   32.6   11.04   1.1370     351     1    100.0   15 
18/08/26  20:15   26.7   26.8   26.7    78   22.6    0.0     SE   0.00   4.8    SE   26.7   29.1   29.1  1013.4   0.00    0.0    0.000   0.087   29.6    63   21.8   32.7   11.25   1.1369     351     1    100.0   15 
18/08/26  20:30   26.6   26.7   26.5    80   22.9    0.0    ESE   0.00   4.8    SE   26.6   29.1   29.1  1013.4   0.00    0.0    0.000   0.086   29.5    64   22.0   32.8   11.45   1.1368     352     1    100.0   15 
18/08/26  20:45   26.4   26.5   26.4    80   22.7    0.0    ---   0.00   0.0   ---   26.4   28.8   28.8  1013.7   0.00    0.0    0.000   0.084   29.4    64   21.9   32.7   11.45   1.1374     351     1    100.0   15 
18/08/26  21:00   26.4   26.4   26.3    80   22.7    0.0    ---   0.00   0.0   ---   26.4   28.7   28.7  1013.5   0.00    0.0    0.000   0.084   29.4    65   22.1   32.7   11.65   1.1371     351     1    100.0   15 
18/08/26  21:15   26.3   26.3   26.2    81   22.8    0.0    ---   0.00   0.0   ---   26.3   28.6   28.6  1013.7   0.00    0.0    0.000   0.083   29.3    65   22.1   32.6   11.65   1.1376     351     1    100.0   15 
18/08/26  21:30   26.2   26.2   26.2    82   22.9    0.0    ---   0.00   0.0   ---   26.2   28.6   28.6  1013.8   0.00    0.0    0.000   0.082   29.3    66   22.3   32.7   11.86   1.1374     351     1    100.0   15 
18/08/26  21:45   26.2   26.2   26.1    82   22.8    0.0    ---   0.00   0.0   ---   26.2   28.5   28.5  1013.8   0.00    0.0    0.000   0.082   29.2    66   22.2   32.6   11.86   1.1378     352     1    100.0   15 
18/08/26  22:00   26.1   26.2   26.1    82   22.8    0.0    ---   0.00   0.0   ---   26.1   28.4   28.4  1013.7   0.00    0.0    0.000   0.081   29.2    66   22.2   32.6   11.86   1.1377     351     1    100.0   15 
18/08/26  22:15   26.1   26.1   26.1    82   22.7    0.0    ---   0.00   0.0   ---   26.1   28.3   28.3  1013.7   0.00    0.0    0.000   0.080   29.2    66   22.2   32.6   11.86   1.1377     351     1    100.0   15 
18/08/26  22:30   26.0   26.1   25.9    82   22.7    0.0    ---   0.00   0.0   ---   26.0   28.3   28.3  1013.7   0.00    0.0    0.000   0.080   29.2    66   22.2   32.6   11.86   1.1377     351     1    100.0   15 
18/08/26  22:45   25.9   26.0   25.8    83   22.8    0.0    ---   0.00   0.0   ---   25.9   28.2   28.2  1013.7   0.00    0.0    0.000   0.079   29.2    66   22.2   32.6   11.86   1.1376     352     1    100.0   15 
18/08/26  23:00   25.8   25.8   25.7    84   22.9    0.0    ---   0.00   0.0   ---   25.8   28.1   28.1  1013.5   0.00    0.0    0.000   0.078   29.2    67   22.5   32.8   12.06   1.1370     349     1    100.0   15 
18/08/26  23:15   25.7   25.7   25.6    85   23.0    0.0    ---   0.00   0.0   ---   25.7   28.0   28.0  1013.5   0.00    0.0    0.000   0.076   29.2    67   22.5   32.8   12.06   1.1370     351     1    100.0   15 
18/08/26  23:30   25.5   25.6   25.4    86   23.0    0.0    ---   0.00   0.0   ---   25.5   27.8   27.8  1013.5   0.00    0.0    0.000   0.075   29.2    67   22.4   32.7   12.06   1.1373     351     1    100.0   15 
18/08/26  23:45   25.4   25.4   25.3    86   22.9    0.0    ---   0.00   0.0   ---   25.4   27.7   27.7  1013.3   0.00    0.0    0.000   0.073   29.2    68   22.7   32.9   12.26   1.1367     352     1    100.0   15 
19/08/26  00:00   25.3   25.3   25.3    87   23.0    0.0    ---   0.00   0.0   ---   25.3   27.6   27.6  1013.3   0.00    0.0    0.000   0.072   29.2    68   22.7   32.9   12.26   1.1366     351     1    100.0   15 
19/08/26   0:15   25.2   25.3   25.1    87   22.9    0.0    ---   0.00   0.0   ---   25.2   27.4   27.4  1013.1   0.00    0.0    0.000   0.072   29.1    68   22.6   32.8   12.26   1.1367     349     1    100.0   15 
19/08/26   0:30   25.2   25.2   25.1    87   22.8    0.0    ---   0.00   0.0   ---   25.2   27.3   27.3  1013.0   0.00    0.0    0.000   0.071   29.1    68   22.6   32.8   12.26   1.1365     350     1    100.0   15 
19/08/26   0:45   25.2   25.2   25.1    88   23.0    0.0    ESE   0.00   1.6   ESE   25.2   27.4   27.4  1012.8   0.00    0.0    0.000   0.071   29.1    68   22.6   32.8   12.26   1.1364     351     1    100.0   15 
19/08/26   1:00   25.2   25.2   25.2    88   23.0    0.0    ESE   0.00   1.6   ESE   25.2   27.4   27.4  1012.7   0.00    0.0    0.000   0.071   29.1    69   22.8   32.9   12.38   1.1360     351     1    100.0   15 
19/08/26   1:15   25.2   25.3   25.2    89   23.3    0.0    ---   0.00   0.0   ---   25.2   27.6   27.6  1012.6   0.00    0.0    0.000   0.072   29.1    69   22.8   32.9   12.38   1.1359     352     1    100.0   15 
19/08/26   1:30   25.3   25.3   25.2    89   23.3    0.0    ---   0.00   0.0   ---   25.3   27.7   27.7  1012.6   0.00    0.0    0.000   0.072   29.1    69   22.8   32.9   12.38   1.1360     351     1    100.0   15 
19/08/26   1:45   25.2   25.3   25.2    89   23.3    0.0    ---   0.00   0.0   ---   25.2   27.6   27.6  1012.5   0.00    0.0    0.000   0.072   29.1    69   22.8   32.9   12.38   1.1359     351     1    100.0   15 
19/08/26   2:00   25.2   25.3   25.2    90   23.5    0.0    ---   0.00   0.0   ---   25.2   27.6   27.6  1012.4   0.00    0.0    0.000   0.072   29.1    70   23.0   33.1   12.59   1.1352     351     1    100.0   15 
19/08/26   2:15   25.1   25.2   25.0    89   23.2    0.0    ---   0.00   0.0   ---   25.1   27.4   27.4  1012.3   0.00    0.0    0.000   0.071   29.1    70   23.0   33.1   12.59   1.1351     350     1    100.0   15 
19/08/26   2:30   24.8   24.9   24.8    90   23.1    0.0    ---   0.00   0.0   ---   24.8   26.9   26.9  1012.2   0.00    0.0    0.000   0.068   29.1    70   23.0   33.1   12.59   1.1350     350     1    100.0   15 
19/08/26   2:45   24.7   24.8   24.6    90   23.0    0.0    ---   0.00   0.0   ---   24.7   26.8   26.8  1012.1   0.00    0.0    0.000   0.067   29.0    70   23.0   32.9   12.60   1.1352     350     1    100.0   15 
19/08/26   3:00   24.5   24.6   24.4    90   22.8    0.0    ---   0.00   0.0   ---   24.5   26.4   26.4  1012.1   0.00    0.0    0.000   0.064   29.0    70   23.0   32.9   12.60   1.1352     350     1    100.0   15 
19/08/26   3:15   24.3   24.4   24.2    90   22.6    0.0    ---   0.00   0.0   ---   24.3   26.3   26.3  1012.0   0.00    0.0    0.000   0.063   28.9    69   22.7   32.7   12.39   1.1358     351     1    100.0   15 
19/08/26   3:30   24.1   24.2   24.1    90   22.4    0.0    ---   0.00   0.0   ---   24.1   26.0   26.0  1012.0   0.00    0.0    0.000   0.060   28.9    69   22.6   32.6   12.39   1.1362     352     1    100.0   15 
19/08/26   3:45   24.0   24.1   23.9    91   22.4    0.0    ---   0.00   0.0   ---   24.0   25.9   25.9  1011.8   0.00    0.0    0.000   0.059   28.8    69   22.6   32.4   12.39   1.1363     351     1    100.0   15 
19/08/26   4:00   23.9   23.9   23.9    91   22.4    0.0    ---   0.00   0.0   ---   23.9   25.9   25.9  1011.8   0.00    0.0    0.000   0.058   28.8    69   22.6   32.4   12.39   1.1362     351     1    100.0   15 
