                 Temp.  Temp.  Temp.  Hum.   Punt   Vel.   Dir.   Rec.  Vel.  Dir.  Sens.   Índ.   Índ.                  Int. Graus D.Graus D.  Temp.  Hum. Rosada  In.Cal.  EMC     Dens.    Mostr   Tx   Recep.  Int.
  Data    Hora    Ext.   Màx.   Mín.  Ext. Rosada   Vent   Vent   Vent  Màx.  Màx.  Tèrm.  Calor   THW    Bar    Pluja   Pluja  Calor    Fred    Int.  Int.   Int.   Int.    Int.  Int.Aire    Vent   Vent   ISS   Arc.
-------------------------------------------------------------------------------------------------------------------------------------------------------------------------------------------------------------------------
31/08/26   0:15   21.2   21.3   21.1    84   18.4    0.0     NO   0.00   1.6    NO   21.2   21.9   21.9  1015.7   0.00    0.0    0.000   0.030   27.9    54   17.8   28.7    9.75   1.1523     349     1    100.0   15 
31/08/26   0:30   21.1   21.1   21.1    83   18.1    0.0     NO   0.00   1.6    NO   21.1   21.8   21.8  1015.7   0.00    0.0    0.000   0.029   27.9    54   17.7   28.6    9.75   1.1526     351     1    100.0   15 
31/08/26   0:45   21.0   21.1   20.9    83   18.0    0.0     NO   0.00   1.6    NO   21.0   21.8   21.8  1015.8   0.00    0.0    0.000   0.028   27.8    54   17.7   28.6    9.75   1.1529     350     1    100.0   15 
31/08/26   1:00   20.8   20.9   20.7    81   17.5    0.0    ENE   0.00   3.2    NO   20.8   21.6   21.6  1015.9   0.00    0.0    0.000   0.026   27.8    55   17.9   28.6    9.85   1.1529     350     1    100.0   15 
31/08/26   1:15   20.3   20.6   20.2    78   16.4    0.0    ENE   0.00   1.6   ENE   20.3   21.0   21.0  1015.9   0.00    0.0    0.000   0.021   27.7    54   17.6   28.4    9.75   1.1536     351     1    100.0   15 
31/08/26   1:30   20.4   20.6   20.2    76   16.1    0.0    ENE   0.00   3.2   ENE   20.4   21.1   21.1  1016.0   0.00    0.0    0.000   0.022   27.6    53   17.2   28.1    9.62   1.1548     351     1    100.0   15 
31/08/26   1:45   20.6   20.7   20.2    72   15.3    3.2     NO   0.80   8.0    NO   20.6   20.9   20.9  1015.9   0.00    0.0    0.000   0.023   27.5    52   16.8   27.9    9.42   1.1557     350     1    100.0   15 
31/08/26   2:00   20.3   20.6   20.2    68   14.2    3.2     NO   0.80   6.4    NO   20.3   20.5   20.5  1016.0   0.00    0.0    0.000   0.021   27.4    50   16.1   27.7    9.12   1.1569     351     1    100.0   15 
31/08/26   2:15   20.7   20.9   20.6    75   16.1    1.6     NO   0.40   4.8    NO   20.7   21.2   21.2  1016.0   0.00    0.0    0.000   0.025   27.3    50   16.0   27.5    9.13   1.1575     352     1    100.0   15 
31/08/26   2:30   20.8   21.1   20.7    66   14.2    1.6     NO   0.40   4.8    NO   20.8   20.7   20.7  1015.9   0.00    0.0    0.000   0.025   27.2    50   15.9   27.3    9.13   1.1579     351     1    100.0   15 
31/08/26   2:45   20.8   20.9   20.7    68   14.7    1.6     NO   0.40   4.8    NO   20.8   20.8   20.8  1016.0   0.00    0.0    0.000   0.025   27.2    50   15.9   27.3    9.13   1.1581     351     1    100.0   15 
31/08/26   3:00   21.0   21.1   20.9    70   15.3    1.6     NO   0.40   3.2    NO   21.0   21.1   21.1  1016.1   0.00    0.0    0.000   0.028   27.2    50   15.8   27.3    9.13   1.1584     351     1    100.0   15 
31/08/26   3:15   20.9   21.0   20.8    73   15.9    0.0     NO   0.00   1.6    NO   20.9   21.2   21.2  1016.2   0.00    0.0    0.000   0.027   27.1    50   15.8   27.2    9.13   1.1588     350     1    100.0   15 
31/08/26   3:30   20.6   20.8   20.2    72   15.3    1.6    ENE   0.40   4.8   ENE   20.6   20.9   20.9  1016.1   0.00    0.0    0.000   0.023   27.1    50   15.8   27.2    9.13   1.1587     351     1    100.0   15 
31/08/26   3:45   20.1   20.2   20.0    74   15.3    0.0    ENE   0.00   3.2   ENE   20.1   20.5   20.5  1016.1   0.00    0.0    0.000   0.018   27.0    50   15.7   27.1    9.14   1.1593     351     1    100.0   15 
31/08/26   4:00   19.9   20.1   19.8    76   15.6    0.0    ENE   0.00   1.6   ENE   19.9   20.5   20.5  1016.1   0.00    0.0    0.000   0.017   26.9    51   15.9   27.1    9.34   1.1592     351     1    100.0   15 
31/08/26   4:15   19.7   19.8   19.6    76   15.3    0.0    ---   0.00   0.0   ---   19.7   20.2   20.2  1016.2   0.00    0.0    0.000   0.014   26.9    51   15.9   27.1    9.34   1.1595     349     1    100.0   15 
31/08/26   4:30   19.3   19.6   19.1    76   15.0    1.6    NNO   0.40   4.8   NNO   19.3   19.7   19.7  1016.2   0.00    0.0    0.000   0.010   26.8    51   15.8   27.0    9.34   1.1598     352     1    100.0   15 
31/08/26   4:45   19.1   19.1   19.1    77   15.0    0.0    ONO   0.00   1.6   ONO   19.1   19.5   19.5  1016.2   0.00    0.0    0.000   0.008   26.8    51   15.8   26.9    9.35   1.1601     350     1    100.0   15 
31/08/26   5:00   19.2   19.3   19.1    76   14.8    1.6    ENE   0.40   4.8   ENE   19.2   19.6   19.6  1016.2   0.00    0.0    0.000   0.009   26.7    51   15.7   26.8    9.35   1.1604     351     1    100.0   15 
31/08/26   5:15   19.3   19.4   19.3    75   14.8    1.6    ENE   0.40   3.2   ENE   19.3   19.7   19.7  1016.3   0.00    0.0    0.000   0.010   26.7    51   15.7   26.8    9.35   1.1608     351     1    100.0   15 
31/08/26   5:30   19.1   19.3   19.0    76   14.8    0.0    ENE   0.00   3.2   ENE   19.1   19.5   19.5  1016.6   0.00    0.0    0.000   0.008   26.6    51   15.6   26.7    9.35   1.1614     351     1    100.0   15 
31/08/26   5:45   18.9   19.0   18.9    77   14.8    0.0    ---   0.00   0.0   ---   18.9   19.3   19.3  1016.6   0.00    0.0    0.000   0.006   26.5    51   15.5   26.6    9.35   1.1620     351     2    100.0   15 
31/08/26   6:00   19.1   19.3   18.9    77   15.0    0.0    ENE   0.00   1.6   ENE   19.1   19.5   19.5  1016.8   0.00    0.0    0.000   0.008   26.5    51   15.5   26.6    9.35   1.1623     351     1    100.0   15 
31/08/26   6:15   19.4   19.6   19.3    76   15.1    0.0    ENE   0.00   1.6   ENE   19.4   19.9   19.9  1017.0   0.00    0.0    0.000   0.012   26.6    51   15.6   26.7    9.35   1.1619     351     1    100.0   15 
31/08/26   6:30   19.8   20.0   19.7    75   15.3    0.0    ENE   0.00   1.6   ENE   19.8   20.3   20.3  1017.1   0.00    0.0    0.000   0.016   26.8    51   15.8   26.9    9.35   1.1612     352     1    100.0   15 
31/08/26   6:45   20.2   20.6   20.0    74   15.4    0.0    ENE   0.00   3.2   ENE   20.2   20.7   20.7  1017.4   0.00    0.0    0.000   0.020   27.0    51   16.0   27.2    9.34   1.1604     351     1    100.0   15 
31/08/26   7:00   21.0   21.5   20.6    71   15.5    0.0    ENE   0.00   1.6   ENE   21.0   21.2   21.2  1017.5   0.00    0.0    0.000   0.028   27.2    51   16.2   27.4    9.33   1.1593     349     1    100.0   15 
31/08/26   7:15   21.9   22.4   21.6    70   16.2    0.0    ENE   0.00   3.2   ENE   21.9   22.3   22.3  1017.6   0.00    0.0    0.000   0.038   27.3    51   16.3   27.6    9.33   1.1589     351     1    100.0   15 
31/08/26   7:30   22.8   23.1   22.3    68   16.6    1.6     NO   0.40   4.8    NO   22.8   23.3   23.3  1017.6   0.00    0.0    0.000   0.046   27.5    51   16.5   27.8    9.32   1.1581     351     1    100.0   15 
31/08/26   7:45   22.1   22.3   21.9    69   16.2    1.6     NO   0.40   8.0     E   22.1   22.4   22.4  1017.8   0.00    0.0    0.000   0.039   27.6    51   16.6   27.9    9.32   1.1577     351     1    100.0   15 
31/08/26   8:00   22.5   22.9   22.4    67   16.1    3.2      E   0.80   9.7     E   22.5   22.9   22.9  1017.9   0.00    0.0    0.000   0.043   27.6    50   16.2   27.9    9.12   1.1582     350     1    100.0   15 
31/08/26   8:15   23.5   24.1   22.9    66   16.8    1.6    ESE   0.40   8.0     E   23.5   24.2   24.2  1018.0   0.00    0.0    0.000   0.054   27.6    51   16.6   27.9    9.32   1.1580     351     1    100.0   15 
31/08/26   8:30   24.3   24.8   24.1    64   17.1    1.6    SSO   0.40   4.8     O   24.3   24.9   24.9  1018.2   0.00    0.0    0.000   0.063   27.7    52   16.9   28.1    9.41   1.1574     351     1    100.0   15 
31/08/26   8:45   25.2   25.5   24.8    60   16.9    1.6    OSO   0.40   4.8     S   25.2   25.6   25.6  1018.2   0.00    0.0    0.000   0.071   27.8    52   17.0   28.3    9.41   1.1568     352     1    100.0   15 
31/08/26   9:00   25.6   25.8   25.5    57   16.5    1.6     SO   0.40   4.8    SO   25.6   26.0   26.0  1018.1   0.00    0.0    0.000   0.076   27.8    51   16.8   28.3    9.31   1.1569     350     1    100.0   15 
31/08/26   9:15   26.2   26.4   25.8    56   16.7    1.6    ENE   0.40   9.7    SO   26.2   26.6   26.6  1018.2   0.00    0.0    0.000   0.082   28.0    50   16.6   28.4    9.10   1.1566     351     1    100.0   15 
31/08/26   9:30   26.5   26.7   26.3    55   16.7    3.2    OSO   0.80   8.0    SO   26.5   26.9   26.9  1018.2   0.00    0.0    0.000   0.085   28.1    50   16.7   28.7    9.10   1.1560     351     1    100.0   15 
31/08/26   9:45   27.2   27.7   26.7    54   17.1    1.6     SO   0.40   6.4   ENE   27.2   27.6   27.6  1018.1   0.00    0.0    0.000   0.092   28.3    50   16.9   28.9    9.09   1.1551     351     1    100.0   15 
31/08/26  10:00   28.1   28.3   27.8    56   18.5    3.2      S   0.80   8.0   SSO   28.1   29.1   29.1  1018.1   0.00    0.0    0.000   0.101   28.4    51   17.3   29.3    9.29   1.1538     350     1    100.0   15 
31/08/26  10:15   27.8   27.9   27.7    57   18.5    3.2     NO   0.80   8.0    SO   27.8   28.7   28.7  1018.1   0.00    0.0    0.000   0.098   28.7    51   17.5   29.6    9.28   1.1526     351     1    100.0   15 
31/08/26  10:30   27.8   28.4   27.6    56   18.2    3.2     SE   0.80  11.3    SO   27.8   28.7   28.7  1018.0   0.00    0.0    0.000   0.099   28.8    51   17.7   29.9    9.27   1.1516     351     1    100.0   15 
31/08/26  10:45   28.9   29.4   28.4    55   19.0    3.2    ENE   0.80  12.9   ENE   28.9   30.4   30.4  1018.0   0.00    0.0    0.000   0.111   29.0    52   18.1   30.2    9.37   1.1504     351     1    100.0   15 
31/08/26  11:00   29.4   29.6   29.2    54   19.1    3.2      S   0.80  12.9   ESE   29.4   30.9   30.9  1017.9   0.00    0.0    0.000   0.115   28.9    49   17.1   29.8    8.87   1.1521     352     1    100.0   15 
31/08/26  11:15   29.5   29.6   29.4    55   19.5    4.8    OSO   1.21  11.3   ESE   29.5   31.2   31.2  1017.7   0.00    0.0    0.000   0.116   28.6    47   16.2   29.2    8.58   1.1543     351     1    100.0   15 
31/08/26  11:30   30.1   30.4   29.6    53   19.4    3.2    ENE   0.80  12.9   ENE   30.1   31.8   31.8  1017.7   0.00    0.0    0.000   0.122   28.4    47   16.0   28.9    8.59   1.1551     351     1    100.0   15 
31/08/26  11:45   30.5   30.6   30.3    52   19.5    3.2      S   0.80  11.3     E   30.5   32.6   32.6  1017.6   0.00    0.0    0.000   0.127   28.4    46   15.7   28.8    8.45   1.1557     351     1    100.0   15 
31/08/26  12:00   30.7   31.2   30.4    52   19.7    3.2    SSE   0.80  12.9     S   30.7   32.8   32.8  1017.5   0.00    0.0    0.000   0.128   28.3    47   15.9   28.8    8.59   1.1554     352     1    100.0   15 
31/08/26  12:15   31.2   31.3   31.1    54   20.8    6.4      E   1.61  17.7     E   31.2   34.0   34.0  1017.4   0.00    0.0    0.000   0.134   28.4    47   16.0   28.8    8.59   1.1550     351     1    100.0   15 
31/08/26  12:30   30.7   31.1   30.3    56   20.9    6.4    ENE   1.61  17.7   ENE   30.7   33.7   33.7  1017.2   0.00    0.0    0.000   0.129   28.3    47   15.9   28.8    8.59   1.1551     351     1    100.0   15 
31/08/26  12:45   30.8   31.2   30.3    54   20.4    4.8      E   1.21  14.5   ESE   30.8   33.3   33.3  1017.2   0.00    0.0    0.000   0.130   28.3    48   16.3   28.8    8.79   1.1546     351     1    100.0   15 
31/08/26  13:00   30.7   31.1   30.1    57   21.2    6.4      E   1.61  20.9     E   30.7   33.8   33.8  1017.0   0.00    0.0    0.000   0.128   28.3    49   16.6   28.9    8.89   1.1540     351     1    100.0   15 
31/08/26  13:15   30.0   30.1   29.9    57   20.6    4.8      E   1.21  27.4   ENE   30.0   32.4   32.4  1017.0   0.00    0.0    0.000   0.122   28.3    49   16.6   28.9    8.89   1.1539     351     1    100.0   15 
31/08/26  13:30   30.2   30.3   30.0    56   20.5    4.8    SSE   1.21  17.7   ESE   30.2   32.7   32.7  1017.1   0.00    0.0    0.000   0.124   28.3    49   16.5   28.8    8.89   1.1544     351     1    100.0   15 
31/08/26  13:45   30.6   30.9   30.2    56   20.8    4.8    SSO   1.21  19.3   SSE   30.6   33.5   33.5  1016.9   0.00    0.0    0.000   0.128   28.3    48   16.2   28.8    8.79   1.1546     351     1    100.0   15 
31/08/26  14:00   30.3   30.5   30.2    56   20.5    8.0      S   2.01  17.7     S   30.3   32.8   32.8  1017.0   0.00    0.0    0.000   0.124   28.3    49   16.5   28.8    8.89   1.1543     350     1    100.0   15 
31/08/26  14:15   29.9   30.3   29.6    60   21.3    8.0    SSE   2.01  19.3    SO   29.9   32.9   32.9  1017.0   0.00    0.0    0.000   0.121   28.3    49   16.6   28.9    8.89   1.1540     352     1    100.0   15 
31/08/26  14:30   29.6   29.8   29.4    60   21.0    6.4    SSO   1.61  17.7     S   29.6   32.1   32.1  1017.0   0.00    0.0    0.000   0.117   28.3    49   16.6   28.9    8.89   1.1539     351     1    100.0   15 
31/08/26  14:45   30.0   30.3   29.6    59   21.1    6.4      S   1.61  16.1     O   30.0   32.8   32.8  1017.0   0.00    0.0    0.000   0.122   28.3    48   16.3   28.8    8.79   1.1544     351     1    100.0   15 
31/08/26  15:00   29.4   29.7   29.2    61   21.1    8.0    OSO   2.01  19.3   OSO   29.4   32.1   32.1  1017.0   0.00    0.0    0.000   0.116   28.3    47   15.9   28.7    8.59   1.1551     351     1    100.0   15 
31/08/26  15:15   29.2   29.3   29.1    60   20.7    8.0     SO   2.01  17.7     S   29.2   31.5   31.5  1017.0   0.00    0.0    0.000   0.113   28.2    46   15.5   28.5    8.45   1.1559     352     1    100.0   15 
31/08/26  15:30   29.1   29.3   28.9    61   20.8    6.4      S   1.61  14.5   SSE   29.1   31.5   31.5  1017.0   0.00    0.0    0.000   0.112   28.2    46   15.5   28.5    8.45   1.1559     351     1    100.0   15 
31/08/26  15:45   29.3   29.4   29.1    61   21.0    8.0    OSO   2.01  20.9    SO   29.3   31.8   31.8  1017.0   0.00    0.0    0.000   0.114   28.2    46   15.5   28.5    8.45   1.1559     351     1    100.0   15 
31/08/26  16:00   29.1   29.2   29.0    61   20.8    6.4    OSO   1.61  17.7   SSE   29.1   31.4   31.4  1017.0   0.00    0.0    0.000   0.112   28.2    46   15.5   28.5    8.45   1.1558     350     1    100.0   15 
31/08/26  16:15   29.1   29.2   28.9    61   20.8    6.4      S   1.61  16.1     O   29.1   31.4   31.4  1016.9   0.00    0.0    0.000   0.112   28.2    46   15.5   28.5    8.45   1.1558     350     1    100.0   15 
31/08/26  16:30   28.5   28.9   28.2    64   21.0    6.4    SSO   1.61  17.7   SSE   28.5   30.7   30.7  1016.9   0.00    0.0    0.000   0.106   28.2    46   15.5   28.5    8.45   1.1558     352     1    100.0   15 
31/08/26  16:45   28.1   28.2   27.9    65   20.9    6.4    SSO   1.61  17.7   SSO   28.1   30.1   30.1  1017.0   0.00    0.0    0.000   0.102   28.2    47   15.8   28.6    8.59   1.1554     351     1    100.0   15 
31/08/26  17:00   27.9   28.1   27.8    65   20.8    4.8    SSO   1.21  11.3   SSO   27.9   29.8   29.8  1016.9   0.00    0.0    0.000   0.100   28.2    47   15.8   28.6    8.59   1.1553     351     1    100.0   15 
31/08/26  17:15   28.1   28.1   27.9    65   20.9    4.8      S   1.21  11.3     O   28.1   30.1   30.1  1016.8   0.00    0.0    0.000   0.101   28.2    48   16.2   28.7    8.79   1.1548     350     1    100.0   15 
31/08/26  17:30   27.6   27.9   27.4    66   20.7    4.8      S   1.21  11.3   SSO   27.6   29.4   29.4  1016.9   0.00    0.0    0.000   0.097   28.2    48   16.1   28.6    8.80   1.1551     351     1    100.0   15 
31/08/26  17:45   27.2   27.4   26.9    67   20.5    3.2      S   0.80  11.3   SSO   27.2   28.7   28.7  1016.9   0.00    0.0    0.000   0.092   28.1    48   16.1   28.5    8.80   1.1554     351     1    100.0   15 
31/08/26  18:00   26.7   26.9   26.4    69   20.6    3.2      S   0.80  11.3   SSE   26.7   28.2   28.2  1017.0   0.00    0.0    0.000   0.087   28.1    49   16.4   28.6    8.90   1.1551     351     1    100.0   15 
31/08/26  18:15   26.1   26.4   25.9    71   20.4    3.2      S   0.80   9.7     S   26.1   27.4   27.4  1017.1   0.00    0.0    0.000   0.080   28.1    49   16.4   28.6    8.90   1.1553     322     1     94.2   15 
31/08/26  18:30   25.7   25.9   25.5    72   20.3    1.6    SSO   0.40   9.7   OSO   25.7   27.0   27.0  1017.2   0.00    0.0    0.000   0.077   28.2    49   16.4   28.7    8.90   1.1550     351     1    100.0   15 
31/08/26  18:45   25.4   25.6   25.3    74   20.4    1.6    SSO   0.40   6.4   SSO   25.4   26.7   26.7  1017.3   0.00    0.0    0.000   0.073   28.2    49   16.5   28.7    8.89   1.1549     350     1    100.0   15 
31/08/26  19:00   25.1   25.3   24.9    75   20.3    3.2    SSO   0.80   8.0    SO   25.1   26.4   26.4  1017.5   0.00    0.0    0.000   0.070   28.3    50   16.9   28.9    9.09   1.1544     351     1    100.0   15 
31/08/26  19:15   24.8   24.9   24.7    76   20.3    1.6    SSO   0.40   8.0   SSE   24.8   26.2   26.2  1017.6   0.00    0.0    0.000   0.067   28.3    50   16.9   28.9    9.09   1.1546     351     1    100.0   15 
31/08/26  19:30   24.6   24.7   24.4    77   20.3    1.6    SSO   0.40   6.4   SSO   24.6   26.0   26.0  1018.0   0.00    0.0    0.000   0.065   28.2    54   18.0   29.2    9.75   1.1534     351     1    100.0   15 
31/08/26  19:45   24.3   24.4   24.2    78   20.2    1.6      S   0.40   6.4   SSO   24.3   25.7   25.7  1018.2   0.00    0.0    0.000   0.062   28.2    58   19.1   29.4   10.35   1.1522     352     1    100.0   15 
31/08/26  20:00   24.2   24.2   24.2    78   20.1    0.0    SSO   0.00   4.8    SO   24.2   25.6   25.6  1018.4   0.00    0.0    0.000   0.061   28.1    58   19.1   29.3   10.35   1.1527     351     1    100.0   15 
31/08/26  20:15   24.2   24.2   24.2    78   20.1    0.0    ESE   0.00   3.2   ESE   24.2   25.7   25.7  1018.6   0.00    0.0    0.000   0.061   28.1    59   19.3   29.4   10.55   1.1526     351     1    100.0   15 
31/08/26  20:30   24.1   24.2   24.1    78   20.0    1.6    ESE   0.40   4.8   ESE   24.1   25.5   25.5  1018.8   0.00    0.0    0.000   0.060   28.1    59   19.3   29.4   10.55   1.1528     351     1    100.0   15 
31/08/26  20:45   24.1   24.1   24.0    78   20.0    1.6    ENE   0.40   4.8     E   24.1   25.4   25.4  1018.9   0.00    0.0    0.000   0.060   28.1    59   19.3   29.3   10.55   1.1532     352     1    100.0   15 
31/08/26  21:00   23.9   24.1   23.8    78   19.9    1.6    ESE   0.40   4.8     E   23.9   25.3   25.3  1019.0   0.00    0.0    0.000   0.058   28.1    60   19.6   29.4   10.75   1.1529     350     1    100.0   15 
31/08/26  21:15   23.8   23.9   23.7    79   19.9    1.6      E   0.40   8.0     E   23.8   25.1   25.1  1019.1   0.00    0.0    0.000   0.057   28.0    60   19.5   29.3   10.75   1.1533     351     1    100.0   15 
31/08/26  21:30   23.6   23.7   23.6    80   20.0    1.6      E   0.40   8.0     E   23.6   24.9   24.9  1019.0   0.00    0.0    0.000   0.055   28.0    60   19.5   29.3   10.75   1.1532     351     1    100.0   15 
31/08/26  21:45   23.5   23.6   23.4    81   20.0    1.6      E   0.40   8.0     E   23.5   24.7   24.7  1019.2   0.00    0.0    0.000   0.054   27.9    61   19.7   29.4   10.95   1.1533     352     1    100.0   15 
31/08/26  22:00   23.4   23.4   23.3    82   20.1    1.6      E   0.40   8.0     E   23.4   24.6   24.6  1019.3   0.00    0.0    0.000   0.053   27.9    62   19.9   29.4   11.11   1.1533     351     1    100.0   15 
31/08/26  22:15   23.4   23.4   23.3    83   20.3    3.2    ESE   0.80   9.7     E   23.4   24.6   24.6  1019.2   0.00    0.0    0.000   0.053   27.8    62   19.9   29.3   11.11   1.1535     351     1    100.0   15 
31/08/26  22:30   23.3   23.3   23.3    83   20.3    3.2      E   0.80   8.0     E   23.3   24.5   24.5  1019.3   0.00    0.0    0.000   0.052   27.8    62   19.9   29.3   11.11   1.1536     351     1    100.0   15 
31/08/26  22:45   23.3   23.3   23.3    84   20.4    1.6      E   0.40   8.0     E   23.3   24.4   24.4  1019.4   0.00    0.0    0.000   0.052   27.8    62   19.9   29.3   11.11   1.1537     351     1    100.0   15 
31/08/26  23:00   23.3   23.3   23.2    84   20.4    3.2    ESE   0.80  11.3     E   23.3   24.4   24.4  1019.4   0.00    0.0    0.000   0.052   27.8    63   20.1   29.4   11.31   1.1533     351     1    100.0   15 
31/08/26  23:15   23.2   23.3   23.2    84   20.4    3.2      E   0.80   9.7     E   23.2   24.4   24.4  1019.5   0.00    0.0    0.000   0.051   27.8    63   20.1   29.4   11.31   1.1534     351     1    100.0   15 
31/08/26  23:30   23.2   23.2   23.2    84   20.4    3.2      E   0.80  11.3     E   23.2   24.4   24.4  1019.6   0.00    0.0    0.000   0.051   27.8    63   20.1   29.3   11.31   1.1538     351     1    100.0   15 
31/08/26  23:45   23.2   23.2   23.1    84   20.3    1.6      E   0.40   9.7     E   23.2   24.3   24.3  1019.7   0.00    0.0    0.000   0.050   27.8    63   20.1   29.3   11.31   1.1539     351     1    100.0   15 
 1/09/26  00:00   23.1   23.2   23.0    84   20.2    1.6      E   0.40   4.8     E   23.1   24.2   24.2  1019.6   0.00    0.0    0.000   0.049   27.8    63   20.1   29.3   11.31   1.1538     351     1    100.0   15 
 1/09/26   0:15   22.9   23.0   22.8    84   20.0    1.6    ESE   0.40   6.4   ENE   22.9   24.1   24.1  1019.6   0.00    0.0    0.000   0.047   27.7    63   20.0   29.2   11.31   1.1541     349     1    100.0   15 
 1/09/26   0:30   22.8   22.8   22.8    84   20.0    0.0    ENE   0.00   4.8     E   22.8   24.0   24.0  1019.6   0.00    0.0    0.000   0.047   27.7    62   19.8   29.1   11.11   1.1545     350     1    100.0   15 
 1/09/26   0:45   22.8   22.8   22.7    84   19.9    0.0      E   0.00   3.2     E   22.8   23.9   23.9  1019.6   0.00    0.0    0.000   0.046   27.7    62   19.7   29.1   11.11   1.1548     350     1    100.0   15 
 1/09/26   1:00   22.7   22.8   22.7    84   19.9    0.0      E   0.00   1.6     E   22.7   23.8   23.8  1019.5   0.00    0.0    0.000   0.046   27.7    62   19.7   29.1   11.11   1.1547     351     1    100.0   15 
 1/09/26   1:15   22.8   22.8   22.7    84   19.9    0.0      E   0.00   1.6     E   22.8   23.9   23.9  1019.4   0.00    0.0    0.000   0.046   27.7    62   19.7   29.1   11.11   1.1546     350     1    100.0   15 
 1/09/26   1:30   22.8   22.8   22.7    83   19.7    0.0      E   0.00   1.6     E   22.8   23.9   23.9  1019.5   0.00    0.0    0.000   0.046   27.7    62   19.7   29.1   11.11   1.1547     352     1    100.0   15 
 1/09/26   1:45   22.8   22.8   22.8    83   19.8    0.0      E   0.00   1.6     E   22.8   23.9   23.9  1019.5   0.00    0.0    0.000   0.047   27.7    61   19.5   28.9   10.95   1.1551     351     1    100.0   15 
 1/09/26   2:00   22.7   22.8   22.6    84   19.9    0.0     NE   0.00   3.2    NE   22.7   23.8   23.8  1019.3   0.00    0.0    0.000   0.046   27.6    61   19.4   28.8   10.95   1.1552     351     1    100.0   15 
 1/09/26   2:15   22.5   22.6   22.4    85   19.9    1.6     NE   0.40   3.2    NE   22.5   23.6   23.6  1019.2   0.00    0.0    0.000   0.043   27.6    61   19.4   28.8   10.95   1.1550     351     1    100.0   15 
 1/09/26   2:30   22.4   22.4   22.3    85   19.7    1.6     NE   0.40   3.2    NE   22.4   23.4   23.4  1019.1   0.00    0.0    0.000   0.042   27.6    61   19.4   28.8   10.95   1.1549     350     1    100.0   15 
 1/09/26   2:45   22.3   22.3   22.3    85   19.6    0.0    NNE   0.00   3.2    NE   22.3   23.3   23.3  1018.9   0.00    0.0    0.000   0.041   27.6    61   19.4   28.8   10.95   1.1547     351     1    100.0   15 
 1/09/26   3:00   22.2   22.3   22.1    86   19.7    0.0    NNE   0.00   3.2   NNE   22.2   23.2   23.2  1018.8   0.00    0.0    0.000   0.040   27.6    61   19.4   28.8   10.95   1.1549     348     1    100.0   15 
 1/09/26   3:15   22.0   22.1   21.9    86   19.5    0.0    NNE   0.00   1.6   NNE   22.0   23.1   23.1  1018.8   0.00    0.0    0.000   0.038   27.6    61   19.4   28.8   10.95   1.1549     350     1    100.0   15 
 1/09/26   3:30   22.0   22.0   21.9    86   19.5    0.0    NNE   0.00   3.2   NNE   22.0   23.1   23.1  1018.7   0.00    0.0    0.000   0.038   27.5    61   19.3   28.7   10.95   1.1551     352     1    100.0   15 
 1/09/26   3:45   22.0   22.1   21.9    85   19.4    0.0    NNE   0.00   1.6   NNE   22.0   23.0   23.0  1018.6   0.00    0.0    0.000   0.038   27.5    61   19.3   28.7   10.95   1.1550     351     1    100.0   15 
 1/09/26   4:00   21.9   22.0   21.9    85   19.3    1.6    NNE   0.40   4.8   NNO   21.9   22.9   22.9  1018.6   0.00    0.0    0.000   0.038   27.4    61   19.3   28.6   10.95   1.1553     350     1    100.0   15 
 1/09/26   4:15   21.9   21.9   21.9    85   19.3    0.0     NO   0.00   1.6    NO   21.9   22.9   22.9  1018.5   0.00    0.0    0.000   0.037   27.4    61   19.3   28.6   10.95   1.1551     349     1    100.0   15 
 1/09/26   4:30   21.9   22.0   21.8    85   19.3    0.0     NO   0.00   3.2    NO   21.9   22.9   22.9  1018.5   0.00    0.0    0.000   0.037   27.4    61   19.3   28.6   10.95   1.1551     351     1    100.0   15 
 1/09/26   4:45   21.7   21.8   21.5    85   19.0    0.0     NO   0.00   4.8    NO   21.7   22.7   22.7  1018.5   0.00    0.0    0.000   0.035   27.4    61   19.2   28.5   10.95   1.1554     352     1    100.0   15 
 1/09/26   5:00   21.5   21.5   21.5    85   18.9    0.0     NO   0.00   1.6    NO   21.5   22.4   22.4  1018.4   0.00    0.0    0.000   0.033   27.3    61   19.1   28.4   10.95   1.1557     350     1    100.0   15 
 1/09/26   5:15   21.4   21.5   21.3    84   18.6    0.0     NO   0.00   3.2    NO   21.4   22.3   22.3  1018.4   0.00    0.0    0.000   0.032   27.3    61   19.1   28.4   10.95   1.1556     351     1    100.0   15 
 1/09/26   5:30   21.3   21.4   21.3    84   18.5    1.6     NO   0.40   3.2    NO   21.3   22.2   22.2  1018.5   0.00    0.0    0.000   0.031   27.3    61   19.1   28.3   10.95   1.1560     350     1    100.0   15 
 1/09/26   5:45   21.3   21.4   20.9    84   18.5    3.2     NO   0.80   6.4    NO   21.3   22.1   22.1  1018.5   0.00    0.0    0.000   0.031   27.2    60   18.7   28.1   10.75   1.1570     352     1    100.0   15 
 1/09/26   6:00   20.8   20.9   20.8    85   18.2    1.6     NO   0.40   4.8    NO   20.8   21.8   21.8  1018.6   0.00    0.0    0.000   0.026   27.2    60   18.7   28.1   10.75   1.1572     351     1    100.0   15 
 1/09/26   6:15   21.1   21.3   20.8    82   17.9    1.6     NO   0.40   4.8    NO   21.1   21.8   21.8  1018.6   0.00    0.0    0.000   0.029   27.3    60   18.8   28.2   10.75   1.1566     351     1    100.0   15 
 1/09/26   6:30   21.7   22.1   21.3    81   18.3    0.0     NO   0.00   1.6    NO   21.7   22.4   22.4  1018.7   0.00    0.0    0.000   0.035   27.4    59   18.7   28.4   10.55   1.1563     351     1    100.0   15 
 1/09/26   6:45   22.5   22.8   22.2    78   18.5    0.0     NO   0.00   3.2    NO   22.5   23.3   23.3  1018.6   0.00    0.0    0.000   0.043   27.7    59   18.9   28.7   10.55   1.1550     352     1    100.0   15 
 1/09/26   7:00   22.8   22.9   22.8    77   18.6    1.6     NO   0.40   4.8    NO   22.8   23.8   23.8  1018.5   0.00    0.0    0.000   0.047   27.9    58   18.9   29.0   10.35   1.1541     351     1    100.0   15 
 1/09/26   7:15   23.1   23.3   22.9    76   18.6    1.6     NO   0.40   4.8    NO   23.1   24.1   24.1  1018.5   0.00    0.0    0.000   0.050   27.9    58   18.9   29.1   10.35   1.1538     351     1    100.0   15 
 1/09/26   7:30   23.6   23.9   23.3    74   18.7    1.6     NO   0.40   6.4    NO   23.6   24.7   24.7  1018.5   0.00    0.0    0.000   0.055   28.0    58   19.0   29.2   10.35   1.1535     350     1    100.0   15 
 1/09/26   7:45   24.2   24.4   23.9    72   18.9    1.6     NO   0.40   6.4    NO   24.2   25.3   25.3  1018.5   0.00    0.0    0.000   0.061   28.1    57   18.8   29.2   10.20   1.1533     351     1    100.0   15 
 1/09/26   8:00   25.0   25.4   24.4    70   19.1    1.6    ESE   0.40   6.4     S   25.0   26.1   26.1  1018.6   0.00    0.0    0.000   0.069   28.2    58   19.2   29.5   10.35   1.1524     351     1    100.0   15 
 1/09/26   8:15   25.6   25.8   25.4    68   19.3    3.2    ESE   0.80   9.7     E   25.6   26.6   26.6  1018.5   0.00    0.0    0.000   0.076   28.3    58   19.2   29.6   10.35   1.1520     351     1    100.0   15 
 1/09/26   8:30   26.1   26.4   25.8    66   19.2    1.6      E   0.40   9.7     E   26.1   27.1   27.1  1018.7   0.00    0.0    0.000   0.080   28.3    57   19.0   29.6   10.21   1.1523     350     1    100.0   15 
