                 Temp.  Temp.  Temp.  Hum.   Punt   Vel.   Dir.   Rec.  Vel.  Dir.  Sens.   Índ.   Índ.                  Int. Graus D.Graus D.  Temp.  Hum. Rosada  In.Cal.  EMC     Dens.    Mostr   Tx   Recep.  Int.
  Data    Hora    Ext.   Màx.   Mín.  Ext. Rosada   Vent   Vent   Vent  Màx.  Màx.  Tèrm.  Calor   THW    Bar    Pluja   Pluja  Calor    Fred    Int.  Int.   Int.   Int.    Int.  Int.Aire    Vent   Vent   ISS   Arc.
-------------------------------------------------------------------------------------------------------------------------------------------------------------------------------------------------------------------------
 3/08/26   0:15   24.8   24.8   24.8    88   22.7    0.0    ---   0.00   0.0   ---   24.8   26.8   26.8  1009.9   0.00    0.0    0.000   0.067   28.8    62   20.8   31.2   11.07   1.1373     350     1    100.0   15 
 3/08/26   0:30   24.7   24.8   24.7    88   22.6    0.0    ---   0.00   0.0   ---   24.7   26.7   26.7  1009.9   0.00    0.0    0.000   0.067   28.8    64   21.3   31.5   11.47   1.1364     350     1    100.0   15 
 3/08/26   0:45   24.7   24.7   24.6    88   22.5    0.0    OSO   0.00   1.6   OSO   24.7   26.7   26.7  1009.8   0.00    0.0    0.000   0.066   28.8    65   21.6   31.7   11.67   1.1358     351     1    100.0   15 
 3/08/26   1:00   24.7   24.7   24.6    88   22.5    0.0    OSO   0.00   3.2   OSO   24.7   26.7   26.7  1009.7   0.00    0.0    0.000   0.066   28.8    65   21.6   31.7   11.67   1.1357     350     1    100.0   15 
 3/08/26   1:15   24.6   24.7   24.6    88   22.5    0.0    ONO   0.00   1.6   ONO   24.6   26.6   26.6  1009.7   0.00    0.0    0.000   0.065   28.8    65   21.6   31.7   11.67   1.1357     352     1    100.0   15 
 3/08/26   1:30   24.6   24.7   24.6    89   22.7    0.0    ENE   0.00   4.8   ENE   24.6   26.6   26.6  1009.4   0.00    0.0    0.000   0.065   28.8    65   21.6   31.7   11.67   1.1354     351     1    100.0   15 
 3/08/26   1:45   24.6   24.7   24.4    89   22.6    0.0      E   0.00   1.6     E   24.6   26.5   26.5  1009.5   0.00    0.0    0.000   0.065   28.8    66   21.8   31.8   11.87   1.1349     351     1    100.0   15 
 3/08/26   2:00   24.4   24.4   24.4    90   22.6    0.0    ENE   0.00   1.6   ENE   24.4   26.3   26.3  1009.6   0.00    0.0    0.000   0.063   28.8    66   21.8   31.8   11.87   1.1351     351     1    100.0   15 
 3/08/26   2:15   24.4   24.6   24.4    90   22.7    0.0    ENE   0.00   4.8   ENE   24.4   26.4   26.4  1009.3   0.00    0.0    0.000   0.064   28.8    67   22.1   32.0   12.07   1.1343     350     1    100.0   15 
 3/08/26   2:30   24.6   24.6   24.6    90   22.8    0.0    ---   0.00   0.0   ---   24.6   26.6   26.6  1009.3   0.00    0.0    0.000   0.065   28.8    66   21.8   31.8   11.87   1.1347     350     1    100.0   15 
 3/08/26   2:45   24.5   24.6   24.4    90   22.8    1.6    ENE   0.40   4.8   ENE   24.5   26.4   26.4  1009.2   0.00    0.0    0.000   0.064   28.8    67   22.1   32.0   12.07   1.1342     351     1    100.0   15 
 3/08/26   3:00   24.4   24.4   24.3    90   22.6    0.0    ENE   0.00   4.8   ENE   24.4   26.3   26.3  1009.1   0.00    0.0    0.000   0.063   28.8    68   22.3   32.2   12.27   1.1337     351     1    100.0   15 
 3/08/26   3:15   24.2   24.3   24.2    90   22.5    0.0    ENE   0.00   1.6   ENE   24.2   26.2   26.2  1009.1   0.00    0.0    0.000   0.061   28.8    67   22.0   31.9   12.07   1.1344     351     1    100.0   15 
 3/08/26   3:30   24.1   24.2   24.1    91   22.5    0.0    ENE   0.00   1.6   ENE   24.1   26.1   26.1  1009.1   0.00    0.0    0.000   0.060   28.8    67   22.0   31.9   12.07   1.1344     351     1    100.0   15 
 3/08/26   3:45   23.9   24.1   23.8    90   22.2    0.0    ENE   0.00   4.8   ENE   23.9   25.8   25.8  1009.1   0.00    0.0    0.000   0.058   28.7    67   22.0   31.8   12.08   1.1347     351     1    100.0   15 
 3/08/26   4:00   23.8   23.8   23.7    90   22.0    0.0    ENE   0.00   3.2   ENE   23.8   25.6   25.6  1009.1   0.00    0.0    0.000   0.057   28.7    67   22.0   31.8   12.08   1.1347     351     1    100.0   15 
 3/08/26   4:15   23.7   23.7   23.6    90   21.9    0.0      E   0.00   8.0     E   23.7   25.3   25.3  1009.2   0.00    0.0    0.000   0.056   28.7    67   21.9   31.6   12.08   1.1351     351     1    100.0   15 
 3/08/26   4:30   23.6   23.6   23.4    90   21.8    1.6    ENE   0.40   8.0   ENE   23.6   25.1   25.1  1009.3   0.00    0.0    0.000   0.054   28.6    67   21.9   31.5   12.08   1.1356     352     1    100.0   15 
 3/08/26   4:45   23.3   23.4   23.3    90   21.6    3.2    ENE   0.80  11.3   ENE   23.3   24.7   24.7  1009.4   0.00    0.0    0.000   0.052   28.6    66   21.6   31.2   11.88   1.1364     351     1    100.0   15 
 3/08/26   5:00   23.4   23.4   23.3    89   21.5    3.2      E   0.80   8.0     E   23.4   24.8   24.8  1009.5   0.00    0.0    0.000   0.053   28.4    67   21.7   31.1   12.09   1.1367     351     1    100.0   15 
 3/08/26   5:15   23.2   23.4   23.0    89   21.3    1.6      E   0.40   8.0     E   23.2   24.6   24.6  1009.7   0.00    0.0    0.000   0.051   28.4    66   21.4   30.8   11.89   1.1377     350     1    100.0   15 
 3/08/26   5:30   23.2   23.2   23.1    89   21.3    3.2      E   0.80   9.7     E   23.2   24.5   24.5  1009.9   0.00    0.0    0.000   0.050   28.4    66   21.4   30.8   11.89   1.1379     351     1    100.0   15 
 3/08/26   5:45   23.2   23.3   23.2    90   21.5    4.8    ENE   1.21   9.7     E   23.2   24.6   24.6  1010.0   0.00    0.0    0.000   0.051   28.3    67   21.6   30.8   12.09   1.1379     350     1    100.0   15 
 3/08/26   6:00   23.3   23.3   23.2    89   21.4    3.2    ENE   0.80  11.3   ENE   23.3   24.6   24.6  1010.2   0.00    0.0    0.000   0.052   28.3    67   21.6   30.7   12.09   1.1385     351     1    100.0   15 
 3/08/26   6:15   23.5   23.6   23.3    89   21.6    3.2    ENE   0.80   8.0     E   23.5   24.9   24.9  1010.3   0.00    0.0    0.000   0.054   28.3    67   21.6   30.8   12.09   1.1383     351     1    100.0   15 
 3/08/26   6:30   23.8   24.1   23.6    88   21.7    3.2    ENE   0.80  14.5   ENE   23.8   25.5   25.5  1010.4   0.00    0.0    0.000   0.057   28.3    67   21.6   30.8   12.09   1.1384     352     1    100.0   15 
 3/08/26   6:45   24.2   24.3   24.1    87   21.9    4.8    ENE   1.21  14.5   ENE   24.2   25.9   25.9  1010.4   0.00    0.0    0.000   0.061   28.5    67   21.8   31.2   12.08   1.1375     349     1    100.0   15 
 3/08/26   7:00   24.5   24.6   24.3    86   22.0    3.2    ENE   0.80  11.3   ENE   24.5   26.3   26.3  1010.6   0.00    0.0    0.000   0.064   28.6    67   21.9   31.5   12.08   1.1371     350     1    100.0   15 
 3/08/26   7:15   24.9   25.4   24.6    85   22.2    3.2    ENE   0.80  11.3   ENE   24.9   26.9   26.9  1010.5   0.00    0.0    0.000   0.069   28.7    67   21.9   31.6   12.08   1.1367     351     1    100.0   15 
 3/08/26   7:30   25.7   26.1   25.4    83   22.6    3.2    ENE   0.80  14.5   ENE   25.7   27.9   27.9  1010.5   0.00    0.0    0.000   0.077   28.9    67   22.2   32.3   12.07   1.1350     351     1    100.0   15 
 3/08/26   7:45   26.3   26.6   26.1    81   22.8    4.8    ENE   1.21  14.5   ESE   26.3   28.7   28.7  1010.5   0.00    0.0    0.000   0.083   29.2    67   22.4   32.7   12.06   1.1339     352     1    100.0   15 
 3/08/26   8:00   26.7   26.9   26.6    79   22.8    4.8    ENE   1.21  20.9     E   26.7   29.2   29.2  1010.5   0.00    0.0    0.000   0.087   29.4    66   22.4   32.9   11.85   1.1330     350     1    100.0   15 
 3/08/26   8:15   27.2   27.3   26.9    77   22.8    4.8    ENE   1.21  20.9   ENE   27.2   29.9   29.9  1010.4   0.00    0.0    0.000   0.093   29.6    65   22.3   33.1   11.64   1.1326     351     1    100.0   15 
 3/08/26   8:30   27.3   27.3   27.2    76   22.7    3.2    ENE   0.80  12.9   ENE   27.3   29.9   29.9  1010.5   0.00    0.0    0.000   0.093   29.7    65   22.4   33.5   11.63   1.1318     350     1    100.0   15 
 3/08/26   8:45   27.8   28.1   27.3    73   22.5    3.2    ENE   0.80  16.1     E   27.8   30.6   30.6  1010.7   0.00    0.0    0.000   0.098   29.8    64   22.3   33.5   11.42   1.1319     352     1    100.0   15 
 3/08/26   9:00   28.2   28.6   28.1    70   22.2    3.2      E   0.80  16.1   ENE   28.2   31.1   31.1  1010.7   0.00    0.0    0.000   0.103   29.9    63   22.1   33.6   11.23   1.1317     351     1    100.0   15 
 3/08/26   9:15   28.6   28.7   28.6    69   22.4    4.8      E   1.21  16.1   ENE   28.6   31.8   31.8  1010.9   0.00    0.0    0.000   0.107   30.1    62   22.0   33.6   11.03   1.1318     351     1    100.0   15 
 3/08/26   9:30   28.3   28.6   28.1    71   22.6    4.8      E   1.21  17.7   ENE   28.3   31.5   31.5  1010.8   0.00    0.0    0.000   0.104   30.1    62   22.0   33.7   11.03   1.1313     351     1    100.0   15 
 3/08/26   9:45   28.8   29.3   28.3    67   22.1    4.8      E   1.21  20.9     E   28.8   32.0   32.0  1010.9   0.00    0.0    0.000   0.109   30.1    62   22.0   33.7   11.03   1.1315     352     1    100.0   15 
 3/08/26  10:00   29.4   29.4   29.3    65   22.1    3.2    ENE   0.80  16.1     E   29.4   32.7   32.7  1010.8   0.00    0.0    0.000   0.115   30.3    61   21.9   33.8   10.89   1.1309     351     1    100.0   15 
 3/08/26  10:15   29.7   29.9   29.4    63   21.9    4.8    ENE   1.21  17.7   ENE   29.7   33.1   33.1  1010.8   0.00    0.0    0.000   0.119   30.4    60   21.8   33.9   10.68   1.1308     351     1    100.0   15 
 3/08/26  10:30   30.2   30.3   29.9    62   22.1    0.0    ENE   0.00   8.0   ENE   30.2   33.8   33.8  1010.7   0.00    0.0    0.000   0.123   30.6    59   21.7   34.1   10.51   1.1301     351     1    100.0   15 
 3/08/26  10:45   30.3   30.6   30.2    62   22.2    1.6      E   0.40  14.5     E   30.3   34.2   34.2  1010.7   0.00    0.0    0.000   0.125   30.8    59   21.8   34.3   10.50   1.1291     351     1    100.0   15 
 3/08/26  11:00   30.8   31.1   30.6    60   22.2    1.6      E   0.40  20.9     E   30.8   34.6   34.6  1010.7   0.00    0.0    0.000   0.130   31.0    58   21.8   34.4   10.29   1.1284     351     1    100.0   15 
 3/08/26  11:15   31.2   31.2   31.1    58   21.9    1.6    ESE   0.40  11.3   ESE   31.2   34.7   34.7  1010.4   0.00    0.0    0.000   0.134   31.2    57   21.7   34.6   10.12   1.1274     351     1    100.0   15 
 3/08/26  11:30   31.1   31.3   30.9    59   22.1    1.6      E   0.40  14.5     E   31.1   34.7   34.7  1010.3   0.00    0.0    0.000   0.133   31.4    58   22.1   35.2   10.28   1.1259     351     1    100.0   15 
 3/08/26  11:45   31.6   31.7   31.3    58   22.3    3.2    ENE   0.80  14.5   ENE   31.6   35.6   35.6  1010.2   0.00    0.0    0.000   0.138   31.6    57   22.1   35.5   10.09   1.1251     351     1    100.0   15 
 3/08/26  12:00   31.6   31.8   31.5    57   22.0    1.6      E   0.40  14.5   ENE   31.6   35.4   35.4  1010.0   0.00    0.0    0.000   0.138   31.7    56   21.9   35.6    9.97   1.1248     352     1    100.0   15 
 3/08/26  12:15   31.8   31.9   31.7    55   21.6    0.0    ---   0.00   0.0   ---   31.8   35.4   35.4  1010.0   0.00    0.0    0.000   0.140   31.9    55   21.7   35.7    9.76   1.1244     351     1    100.0   15 
 3/08/26  12:30   31.9   32.0   31.8    57   22.4    1.6     SE   0.40  14.5    NE   31.9   36.3   36.3  1010.0   0.00    0.0    0.000   0.142   32.1    55   21.9   36.0    9.76   1.1235     351     1    100.0   15 
 3/08/26  12:45   32.1   32.3   31.8    56   22.2    3.2    ENE   0.80  16.1    NE   32.1   36.4   36.4  1009.8   0.00    0.0    0.000   0.144   32.1    51   20.6   35.1    9.16   1.1255     351     1    100.0   15 
 3/08/26  13:00   32.6   33.0   32.2    55   22.3    4.8    ENE   1.21  17.7   ENE   32.6   37.1   37.1  1009.7   0.00    0.0    0.000   0.148   31.3    47   18.6   32.8    8.48   1.1315     350     1    100.0   15 
 3/08/26  13:15   32.7   33.0   32.5    55   22.5    6.4    ENE   1.61  25.7     E   32.7   37.5   37.5  1009.6   0.00    0.0    0.000   0.150   30.4    44   16.8   31.2    8.11   1.1372     351     1    100.0   15 
 3/08/26  13:30   32.6   32.8   32.2    55   22.4    6.4      E   1.61  19.3   ESE   32.6   37.2   37.2  1009.6   0.00    0.0    0.000   0.149   30.1    44   16.5   30.6    8.13   1.1390     351     1    100.0   15 
 3/08/26  13:45   31.9   32.2   31.7    57   22.3    8.0      E   2.01  22.5     E   31.9   36.1   36.1  1009.4   0.00    0.0    0.000   0.141   29.9    44   16.3   30.4    8.13   1.1397     350     1    100.0   15 
 3/08/26  14:00   31.9   32.0   31.7    56   22.0    0.0    ENE   0.00  14.5   ESE   31.9   35.9   35.9  1009.3   0.00    0.0    0.000   0.141   29.7    43   15.8   30.1    7.95   1.1409     351     1    100.0   15 
 3/08/26  14:15   31.4   31.9   31.2    57   21.9    0.0    ---   0.00   0.0   ---   31.4   35.1   35.1  1009.4   0.00    0.0    0.000   0.137   29.6    42   15.3   29.8    7.85   1.1422     352     1    100.0   15 
 3/08/26  14:30   31.4   31.4   31.2    56   21.6    0.0    ---   0.00   0.0   ---   31.4   34.8   34.8  1009.3   0.00    0.0    0.000   0.136   29.4    43   15.6   29.8    7.95   1.1422     351     1    100.0   15 
 3/08/26  14:45   31.1   31.2   30.9    54   20.7    0.0    ---   0.00   0.0   ---   31.1   33.7   33.7  1009.3   0.00    0.0    0.000   0.133   29.3    43   15.5   29.7    7.95   1.1428     350     1    100.0   15 
 3/08/26  15:00   31.0   31.1   30.9    55   20.9    0.0    NNE   0.00   1.6   NNE   31.0   33.8   33.8  1009.3   0.00    0.0    0.000   0.132   29.3    45   16.1   29.8    8.26   1.1421     350     1    100.0   15 
 3/08/26  15:15   31.2   31.3   31.1    58   21.9    0.0     NE   0.00  11.3   ESE   31.2   34.7   34.7  1009.0   0.00    0.0    0.000   0.134   29.3    47   16.9   30.1    8.55   1.1406     351     1    100.0   15 
 3/08/26  15:30   31.0   31.2   30.7    63   23.1    1.6    SSE   0.40  11.3     S   31.0   35.4   35.4  1009.0   0.00    0.0    0.000   0.132   29.3    49   17.5   30.2    8.85   1.1397     351     1    100.0   15 
 3/08/26  15:45   30.4   30.7   30.2    66   23.4    1.6     SO   0.40  17.7     O   30.4   35.3   35.3  1009.1   0.00    0.0    0.000   0.126   29.3    50   17.8   30.3    9.06   1.1396     350     1    100.0   15 
 3/08/26  16:00   29.9   30.2   29.8    67   23.1    3.2     SO   0.80  17.7   OSO   29.9   34.4   34.4  1009.3   0.00    0.0    0.000   0.121   29.3    50   17.8   30.3    9.06   1.1398     350     1    100.0   15 
 3/08/26  16:15   29.7   29.8   29.7    68   23.2    1.6     SO   0.40  12.9    SO   29.7   34.1   34.1  1009.2   0.00    0.0    0.000   0.119   29.2    51   18.0   30.3    9.26   1.1396     350     1    100.0   15 
 3/08/26  16:30   29.4   29.8   29.3    69   23.2    0.0    SSO   0.00  11.3    SO   29.4   33.6   33.6  1008.8   0.00    0.0    0.000   0.116   29.2    51   18.0   30.3    9.26   1.1391     352     1    100.0   15 
 3/08/26  16:45   29.6   29.8   29.4    68   23.0    0.0    ---   0.00   0.0   ---   29.6   33.7   33.7  1007.8   0.00    0.0    0.000   0.117   29.1    51   17.9   30.2    9.26   1.1385     350     1    100.0   15 
 3/08/26  17:00   29.9   30.1   29.8    69   23.6    1.6    ENE   0.40  14.5   ESE   29.9   34.8   34.8  1007.8   0.00    0.0    0.000   0.121   29.1    52   18.3   30.3    9.36   1.1380     349     1    100.0   15 
 3/08/26  17:15   29.3   29.9   28.9    72   23.8    4.8    ENE   1.21  20.9     E   29.3   34.0   34.0  1008.1   0.00    0.0    0.000   0.115   29.0    53   18.5   30.3    9.57   1.1384     350     1    100.0   15 
 3/08/26  17:30   28.6   28.9   28.4    73   23.3    3.2     SE   0.80  14.5     E   28.6   32.6   32.6  1008.3   0.00    0.0    0.000   0.107   29.1    55   19.1   30.6    9.85   1.1375     352     1    100.0   15 
 3/08/26  17:45   28.4   28.4   28.4    74   23.4    1.6    ENE   0.40  11.3     E   28.4   32.4   32.4  1009.0   0.00    0.0    0.000   0.105   29.1    53   18.5   30.3    9.56   1.1392     351     1    100.0   15 
 3/08/26  18:00   28.5   28.6   28.4    74   23.4    0.0    ---   0.00   0.0   ---   28.5   32.5   32.5  1009.1   0.00    0.0    0.000   0.106   29.0    53   18.5   30.3    9.57   1.1396     351     1    100.0   15 
 3/08/26  18:15   28.5   28.6   28.4    74   23.4    0.0      E   0.00   8.0    SE   28.5   32.5   32.5  1009.3   0.00    0.0    0.000   0.106   28.9    53   18.3   30.2    9.57   1.1404     350     1    100.0   15 
 3/08/26  18:30   28.4   28.4   28.4    73   23.1    1.6    ENE   0.40  12.9     E   28.4   32.2   32.2  1009.0   0.00    0.0    0.000   0.105   29.0    52   18.1   30.2    9.37   1.1400     352     1    100.0   15 
 3/08/26  18:45   28.3   28.4   28.1    75   23.4    1.6      S   0.40   9.7     O   28.3   32.1   32.1  1008.6   0.00    0.0    0.000   0.104   28.9    50   17.5   29.9    9.07   1.1407     351     1    100.0   15 
 3/08/26  19:00   27.9   28.1   27.7    77   23.5    1.6      S   0.40   9.7   SSO   27.9   31.4   31.4  1009.0   0.00    0.0    0.000   0.100   28.7    48   16.6   29.4    8.78   1.1432     349     1    100.0   15 
 3/08/26  19:15   27.6   27.7   27.3    77   23.2    0.0     SO   0.00   6.4     O   27.6   30.7   30.7  1009.1   0.00    0.0    0.000   0.096   28.6    46   15.8   29.1    8.45   1.1451     351     1    100.0   15 
 3/08/26  19:30   27.1   27.3   26.9    79   23.2    1.6    OSO   0.40   6.4    SO   27.1   29.9   29.9  1008.9   0.00    0.0    0.000   0.091   28.3    45   15.3   28.6    8.29   1.1464     351     1    100.0   15 
 3/08/26  19:45   26.8   26.9   26.7    80   23.0    0.0    OSO   0.00   8.0   OSO   26.8   29.4   29.4  1009.8   0.00    0.0    0.000   0.088   28.2    44   14.8   28.3    8.15   1.1486     350     1    100.0   15 
 3/08/26  20:00   26.7   26.7   26.7    81   23.1    0.0    OSO   0.00   8.0    SO   26.7   29.3   29.3  1009.9   0.00    0.0    0.000   0.087   28.1    44   14.7   28.1    8.15   1.1494     348     1    100.0   15 
 3/08/26  20:15   26.6   26.7   26.6    82   23.3    0.0    NNO   0.00   1.6   NNO   26.6   29.3   29.3  1010.0   0.00    0.0    0.000   0.086   27.9    43   14.2   27.8    8.01   1.1508     350     1    100.0   15 
 3/08/26  20:30   26.4   26.6   26.4    82   23.1    0.0    ---   0.00   0.0   ---   26.4   29.0   29.0  1010.4   0.00    0.0    0.000   0.084   27.8    43   14.1   27.6    8.01   1.1518     351     1    100.0   15 
 3/08/26  20:45   26.3   26.4   26.3    84   23.4    0.0      O   0.00   3.2     O   26.3   29.1   29.1  1010.4   0.00    0.0    0.000   0.083   27.7    43   14.0   27.4    8.01   1.1522     352     1    100.0   15 
 3/08/26  21:00   26.3   26.3   26.3    84   23.4    0.0    ---   0.00   0.0   ---   26.3   29.1   29.1  1010.6   0.00    0.0    0.000   0.083   27.6    44   14.2   27.4    8.15   1.1526     349     1    100.0   15 
 3/08/26  21:15   26.2   26.3   26.2    84   23.3    0.0    ---   0.00   0.0   ---   26.2   28.8   28.8  1010.8   0.00    0.0    0.000   0.082   27.6    46   14.9   27.6    8.45   1.1517     351     1    100.0   15 
 3/08/26  21:30   26.2   26.2   26.2    84   23.3    0.0    ---   0.00   0.0   ---   26.2   28.8   28.8  1010.6   0.00    0.0    0.000   0.082   27.6    47   15.3   27.7    8.62   1.1511     351     1    100.0   15 
 3/08/26  21:45   26.2   26.2   26.2    84   23.2    0.0    ---   0.00   0.0   ---   26.2   28.7   28.7  1010.8   0.00    0.0    0.000   0.082   27.7    48   15.7   27.8    8.81   1.1507     352     1    100.0   15 
 3/08/26  22:00   26.2   26.2   26.2    84   23.2    0.0    ---   0.00   0.0   ---   26.2   28.7   28.7  1010.8   0.00    0.0    0.000   0.082   27.7    48   15.7   27.8    8.81   1.1506     351     1    100.0   15 
 3/08/26  22:15   26.1   26.2   26.0    85   23.3    1.6     NE   0.40   6.4    NE   26.1   28.6   28.6  1010.6   0.00    0.0    0.000   0.080   27.7    49   16.0   27.9    8.91   1.1500     351     1    100.0   15 
 3/08/26  22:30   25.9   26.0   25.8    86   23.4    1.6     NE   0.40   6.4    NE   25.9   28.6   28.6  1010.6   0.00    0.0    0.000   0.079   27.7    53   17.3   28.3    9.61   1.1480     351     1    100.0   15 
 3/08/26  22:45   25.7   25.8   25.4    84   22.8    0.0    ---   0.00   0.0   ---   25.7   28.0   28.0  1010.7   0.00    0.0    0.000   0.077   27.8    55   18.0   28.7    9.85   1.1466     350     1    100.0   15 
 3/08/26  23:00   25.2   25.4   25.1    77   20.8    0.0    ENE   0.00   4.8   ENE   25.2   26.7   26.7  1010.7   0.00    0.0    0.000   0.071   28.1    57   18.7   29.2   10.20   1.1446     352     1    100.0   15 
 3/08/26  23:15   25.1   25.2   25.1    73   19.9    0.0      E   0.00   4.8     E   25.1   26.4   26.4  1010.9   0.00    0.0    0.000   0.071   28.3    57   18.9   29.5   10.21   1.1436     351     1    100.0   15 
 3/08/26  23:30   25.2   25.3   25.2    70   19.4    0.0    ENE   0.00   4.8   ENE   25.2   26.3   26.3  1010.9   0.00    0.0    0.000   0.072   28.4    57   19.0   29.7   10.21   1.1430     351     1    100.0   15 
 3/08/26  23:45   25.2   25.3   25.1    69   19.1    0.0     NO   0.00   4.8    NO   25.2   26.2   26.2  1011.0   0.00    0.0    0.000   0.072   28.4    57   19.1   29.8   10.21   1.1429     351     1    100.0   15 
 4/08/26  00:00   24.9   25.1   24.8    70   19.1    1.6     NO   0.40   6.4    NO   24.9   26.0   26.0  1011.0   0.00    0.0    0.000   0.069   28.4    56   18.8   29.7   10.05   1.1434     352     1    100.0   15 
 4/08/26   0:15   24.8   24.8   24.8    70   19.0    1.6     NO   0.40   6.4    NO   24.8   25.9   25.9  1011.0   0.00    0.0    0.000   0.068   28.4    56   18.8   29.7   10.05   1.1434     350     1    100.0   15 
 4/08/26   0:30   24.7   24.8   24.7    71   19.1    3.2     NO   0.80   4.8    NO   24.7   25.8   25.8  1011.1   0.00    0.0    0.000   0.067   28.4    56   18.8   29.6   10.05   1.1437     350     1    100.0   15 
 4/08/26   0:45   24.7   24.7   24.6    74   19.7    0.0     NO   0.00   3.2    NO   24.7   25.9   25.9  1011.1   0.00    0.0    0.000   0.066   28.4    57   19.0   29.7   10.21   1.1434     350     1    100.0   15 
 4/08/26   1:00   24.6   24.7   24.5    75   19.9    0.0    ---   0.00   0.0   ---   24.6   25.9   25.9  1011.1   0.00    0.0    0.000   0.065   28.4    58   19.3   29.8   10.35   1.1428     350     1    100.0   15 
 4/08/26   1:15   24.3   24.5   24.1    76   19.8    1.6     NO   0.40   6.4    NO   24.3   25.6   25.6  1011.1   0.00    0.0    0.000   0.062   28.4    58   19.3   29.8   10.35   1.1428     349     1    100.0   15 
 4/08/26   1:30   24.0   24.1   23.9    77   19.7    0.0     NO   0.00   3.2    NO   24.0   25.3   25.3  1011.0   0.00    0.0    0.000   0.059   28.3    59   19.6   29.7   10.55   1.1426     352     1    100.0   15 
 4/08/26   1:45   23.9   23.9   23.8    76   19.5    0.0     NO   0.00   3.2    NO   23.9   25.2   25.2  1011.1   0.00    0.0    0.000   0.058   28.3    59   19.5   29.7   10.55   1.1431     351     1    100.0   15 
 4/08/26   2:00   23.8   23.8   23.7    76   19.3    0.0     NO   0.00   1.6    NO   23.8   24.9   24.9  1011.0   0.00    0.0    0.000   0.057   28.3    58   19.2   29.6   10.35   1.1433     350     1    100.0   15 
 4/08/26   2:15   23.8   23.8   23.7    76   19.3    0.0     NO   0.00   1.6    NO   23.8   24.9   24.9  1010.9   0.00    0.0    0.000   0.057   28.3    59   19.5   29.7   10.55   1.1428     351     1    100.0   15 
 4/08/26   2:30   23.6   23.8   23.4    76   19.1    0.0     NO   0.00   1.6    NO   23.6   24.8   24.8  1011.0   0.00    0.0    0.000   0.055   28.2    59   19.4   29.6   10.55   1.1432     352     1    100.0   15 
 4/08/26   2:45   23.3   23.4   23.2    76   18.8    1.6     NO   0.40   4.8    NO   23.3   24.3   24.3  1011.1   0.00    0.0    0.000   0.052   28.2    58   19.1   29.4   10.35   1.1440     351     1    100.0   15 
 4/08/26   3:00   23.0   23.2   22.9    76   18.5    1.6     NO   0.40   4.8    NO   23.0   23.9   23.9  1011.1   0.00    0.0    0.000   0.049   28.1    58   19.0   29.2   10.35   1.1447     350     1    100.0   15 
 4/08/26   3:15   23.1   23.1   23.0    76   18.6    0.0     NO   0.00   4.8    NO   23.1   24.0   24.0  1011.1   0.00    0.0    0.000   0.049   28.0    58   19.0   29.2   10.35   1.1449     351     1    100.0   15 
 4/08/26   3:30   23.0   23.1   22.9    76   18.5    1.6     NO   0.40   6.4    NO   23.0   23.9   23.9  1011.1   0.00    0.0    0.000   0.049   27.9    58   18.9   29.1   10.35   1.1452     352     1    100.0   15 
 4/08/26   3:45   22.8   22.9   22.7    77   18.6    3.2     NO   0.80   6.4    NO   22.8   23.8   23.8  1011.1   0.00    0.0    0.000   0.047   27.8    58   18.8   28.9   10.35   1.1458     351     1    100.0   15 
 4/08/26   4:00   22.7   22.8   22.6    80   19.0    3.2     NO   0.80   8.0    NO   22.7   23.6   23.6  1011.2   0.00    0.0    0.000   0.045   27.7    59   19.0   28.8   10.55   1.1461     350     1    100.0   15 
 4/08/26   4:15   22.6   22.7   22.6    79   18.8    0.0     NO   0.00   4.8    NO   22.6   23.5   23.5  1011.3   0.00    0.0    0.000   0.045   27.7    59   18.9   28.7   10.55   1.1465     350     1    100.0   15 
 4/08/26   4:30   22.7   22.7   22.7    78   18.7    0.0     NO   0.00   1.6    NO   22.7   23.6   23.6  1011.4   0.00    0.0    0.000   0.046   27.7    59   18.9   28.7   10.55   1.1466     351     1    100.0   15 
 4/08/26   4:45   22.7   22.8   22.6    76   18.2    1.6     NO   0.40   8.0    NO   22.7   23.5   23.5  1011.4   0.00    0.0    0.000   0.045   27.6    58   18.6   28.6   10.35   1.1474     352     1    100.0   15 
 4/08/26   5:00   22.6   22.6   22.4    76   18.1    0.0    ---   0.00   0.0   ---   22.6   23.3   23.3  1011.6   0.00    0.0    0.000   0.044   27.6    58   18.6   28.6   10.35   1.1476     351     1    100.0   15 
 4/08/26   5:15   22.4   22.5   22.3    77   18.2    0.0    ---   0.00   0.0   ---   22.4   23.1   23.1  1011.7   0.00    0.0    0.000   0.042   27.6    58   18.5   28.5   10.35   1.1479     351     1    100.0   15 
 4/08/26   5:30   22.4   22.6   22.3    78   18.4    0.0    ---   0.00   0.0   ---   22.4   23.2   23.2  1011.7   0.00    0.0    0.000   0.042   27.6    58   18.5   28.5   10.35   1.1480     351     1    100.0   15 
 4/08/26   5:45   22.6   22.7   22.6    78   18.6    0.0    ---   0.00   0.0   ---   22.6   23.4   23.4  1012.0   0.00    0.0    0.000   0.045   27.6    58   18.5   28.5   10.35   1.1482     352     1    100.0   15 
