                 Temp.  Temp.  Temp.  Hum.   Punt   Vel.   Dir.   Rec.  Vel.  Dir.  Sens.   Índ.   Índ.                  Int. Graus D.Graus D.  Temp.  Hum. Rosada  In.Cal.  EMC     Dens.    Mostr   Tx   Recep.  Int.
  Data    Hora    Ext.   Màx.   Mín.  Ext. Rosada   Vent   Vent   Vent  Màx.  Màx.  Tèrm.  Calor   THW    Bar    Pluja   Pluja  Calor    Fred    Int.  Int.   Int.   Int.    Int.  Int.Aire    Vent   Vent   ISS   Arc.
-------------------------------------------------------------------------------------------------------------------------------------------------------------------------------------------------------------------------
 5/08/26   0:15   24.1   24.2   24.1    86   21.6    0.0     NO   0.00   3.2    NO   24.1   25.9   25.9  1014.7   0.00    0.0    0.000   0.060   28.4    63   20.7   30.3   11.29   1.1448     348     1    100.0   15 
 5/08/26   0:30   24.2   24.2   24.1    85   21.5    0.0     NO   0.00   4.8   ENE   24.2   25.9   25.9  1014.8   0.00    0.0    0.000   0.061   28.4    63   20.7   30.3   11.29   1.1449     352     1    100.0   15 
 5/08/26   0:45   24.0   24.1   23.9    85   21.3    1.6    ENE   0.40   3.2   ENE   24.0   25.7   25.7  1014.8   0.00    0.0    0.000   0.059   28.4    63   20.7   30.3   11.29   1.1449     350     1    100.0   15 
 5/08/26   1:00   23.9   23.9   23.8    84   21.0    1.6    ENE   0.40   4.8   ENE   23.9   25.5   25.5  1014.7   0.00    0.0    0.000   0.058   28.3    63   20.6   30.2   11.29   1.1451     351     1    100.0   15 
 5/08/26   1:15   23.9   23.9   23.8    84   21.0    0.0    ENE   0.00   3.2   ENE   23.9   25.5   25.5  1014.9   0.00    0.0    0.000   0.058   28.3    63   20.6   30.2   11.29   1.1456     351     1    100.0   15 
 5/08/26   1:30   23.9   24.1   23.8    85   21.3    0.0    ENE   0.00   3.2   ENE   23.9   25.6   25.6  1014.8   0.00    0.0    0.000   0.058   28.3    63   20.6   30.2   11.29   1.1455     351     1    100.0   15 
 5/08/26   1:45   23.9   23.9   23.8    85   21.2    0.0     NE   0.00   1.6   ENE   23.9   25.6   25.6  1015.0   0.00    0.0    0.000   0.058   28.3    63   20.6   30.2   11.29   1.1457     352     1    100.0   15 
 5/08/26   2:00   23.5   23.8   23.2    80   19.8    0.0    NNE   0.00   3.2   NNE   23.5   24.7   24.7  1015.0   0.00    0.0    0.000   0.054   28.2    62   20.2   29.9   11.09   1.1465     351     1    100.0   15 
 5/08/26   2:15   23.1   23.2   23.0    75   18.4    1.6    NNE   0.40   4.8   NNE   23.1   24.0   24.0  1015.0   0.00    0.0    0.000   0.049   28.2    60   19.7   29.6   10.75   1.1477     321     1     93.9   15 
 5/08/26   2:30   23.2   23.5   22.9    83   20.2    1.6    ENE   0.40   4.8   ENE   23.2   24.4   24.4  1014.9   0.00    0.0    0.000   0.051   28.1    59   19.3   29.4   10.55   1.1483     351     1    100.0   15 
 5/08/26   2:45   23.4   23.5   23.3    86   21.0    1.6    ENE   0.40   4.8   ENE   23.4   24.8   24.8  1015.0   0.00    0.0    0.000   0.053   28.1    62   20.1   29.7   11.10   1.1474     352     1    100.0   15 
 5/08/26   3:00   23.0   23.3   22.7    87   20.7    1.6      E   0.40   9.7     E   23.0   24.3   24.3  1015.0   0.00    0.0    0.000   0.049   28.0    64   20.6   29.8   11.50   1.1469     350     1    100.0   15 
 5/08/26   3:15   22.5   22.7   22.2    87   20.2    1.6      E   0.40   4.8     E   22.5   23.7   23.7  1015.0   0.00    0.0    0.000   0.043   27.9    63   20.2   29.6   11.30   1.1475     350     1    100.0   15 
 5/08/26   3:30   22.2   22.2   22.1    84   19.3    1.6    NNO   0.40   9.7    NO   22.2   23.1   23.1  1014.9   0.00    0.0    0.000   0.040   27.9    62   19.9   29.4   11.11   1.1482     350     1    100.0   15 
 5/08/26   3:45   22.0   22.1   21.7    84   19.2    3.2     NO   0.80   8.0    NO   22.0   22.9   22.9  1014.9   0.00    0.0    0.000   0.038   27.7    61   19.5   29.0   10.95   1.1495     351     1    100.0   15 
 5/08/26   4:00   21.4   21.7   21.2    84   18.6    1.6     NO   0.40   4.8    NO   21.4   22.3   22.3  1014.9   0.00    0.0    0.000   0.032   27.6    61   19.4   28.8   10.95   1.1503     351     1    100.0   15 
 5/08/26   4:15   21.2   21.2   21.1    84   18.4    0.0     NO   0.00   3.2    NO   21.2   21.9   21.9  1015.1   0.00    0.0    0.000   0.030   27.4    60   19.0   28.5   10.75   1.1516     351     1    100.0   15 
 5/08/26   4:30   21.3   21.3   21.2    85   18.7    0.0     NO   0.00   3.2    NO   21.3   22.2   22.2  1015.2   0.00    0.0    0.000   0.031   27.4    61   19.2   28.5   10.95   1.1516     349     1    100.0   15 
 5/08/26   4:45   21.3   21.3   21.3    85   18.7    0.0     NO   0.00   3.2    NO   21.3   22.2   22.2  1015.3   0.00    0.0    0.000   0.031   27.3    61   19.1   28.4   10.95   1.1521     350     1    100.0   15 
 5/08/26   5:00   21.3   21.4   21.2    86   18.8    0.0     NO   0.00   3.2    NO   21.3   22.2   22.2  1015.4   0.00    0.0    0.000   0.031   27.3    61   19.1   28.4   10.95   1.1522     350     1    100.0   15 
 5/08/26   5:15   21.2   21.2   21.1    88   19.1    0.0     NO   0.00   1.6    NO   21.2   22.2   22.2  1015.5   0.00    0.0    0.000   0.030   27.3    62   19.4   28.5   11.13   1.1519     350     1    100.0   15 
 5/08/26   5:30   21.3   21.3   21.2    88   19.2    0.0    ---   0.00   0.0   ---   21.3   22.3   22.3  1015.5   0.00    0.0    0.000   0.031   27.3    62   19.4   28.5   11.13   1.1519     350     1    100.0   15 
 5/08/26   5:45   21.3   21.4   21.3    86   18.9    0.0    ---   0.00   0.0   ---   21.3   22.3   22.3  1015.5   0.00    0.0    0.000   0.031   27.4    62   19.5   28.7   11.12   1.1513     351     1    100.0   15 
 5/08/26   6:00   21.7   21.9   21.4    84   18.8    0.0    ---   0.00   0.0   ---   21.7   22.6   22.6  1015.7   0.00    0.0    0.000   0.035   27.6    61   19.4   28.8   10.95   1.1510     351     1    100.0   15 
 5/08/26   6:15   22.3   22.8   21.9    83   19.3    0.0    ---   0.00   0.0   ---   22.3   23.3   23.3  1015.6   0.00    0.0    0.000   0.042   27.9    60   19.4   29.2   10.75   1.1499     351     1    100.0   15 
 5/08/26   6:30   23.1   23.3   22.8    78   19.1    0.0    ---   0.00   0.0   ---   23.1   24.1   24.1  1015.9   0.00    0.0    0.000   0.050   28.3    59   19.6   29.7   10.55   1.1482     351     1    100.0   15 
 5/08/26   6:45   23.4   23.7   23.3    78   19.4    0.0    ---   0.00   0.0   ---   23.4   24.6   24.6  1015.9   0.00    0.0    0.000   0.053   28.7    58   19.6   30.4   10.35   1.1467     351     1    100.0   15 
 5/08/26   7:00   23.9   24.2   23.7    74   19.0    0.0    ---   0.00   0.0   ---   23.9   25.0   25.0  1016.0   0.00    0.0    0.000   0.058   28.9    58   19.8   30.7   10.35   1.1459     351     1    100.0   15 
 5/08/26   7:15   24.8   25.8   24.2    71   19.2    0.0    ---   0.00   0.0   ---   24.8   25.9   25.9  1016.1   0.00    0.0    0.000   0.068   29.0    57   19.6   30.7   10.23   1.1458     351     1    100.0   15 
 5/08/26   7:30   26.5   27.1   25.8    66   19.6    0.0    ---   0.00   0.0   ---   26.5   27.6   27.6  1016.2   0.00    0.0    0.000   0.085   29.2    57   19.8   31.1   10.24   1.1447     350     1    100.0   15 
 5/08/26   7:45   27.4   27.8   27.1    64   20.0    0.0    ---   0.00   0.0   ---   27.4   28.9   28.9  1016.1   0.00    0.0    0.000   0.095   29.4    57   20.0   31.3   10.25   1.1438     351     1    100.0   15 
 5/08/26   8:00   28.3   28.8   27.8    61   20.0    0.0    ---   0.00   0.0   ---   28.3   29.9   29.9  1016.1   0.00    0.0    0.000   0.104   29.5    56   19.8   31.3   10.05   1.1436     350     1    100.0   15 
 5/08/26   8:15   29.1   29.4   28.8    57   19.7    0.0    ---   0.00   0.0   ---   29.1   30.9   30.9  1015.9   0.00    0.0    0.000   0.112   29.7    55   19.7   31.6    9.84   1.1427     352     1    100.0   15 
 5/08/26   8:30   29.4   29.6   29.4    56   19.7    0.0    ---   0.00   0.0   ---   29.4   31.2   31.2  1016.0   0.00    0.0    0.000   0.116   29.8    54   19.5   31.6    9.74   1.1427     350     1    100.0   15 
 5/08/26   8:45   29.9   30.3   29.6    53   19.3    0.0     NE   0.00   4.8    NE   29.9   31.6   31.6  1016.1   0.00    0.0    0.000   0.120   30.0    53   19.4   31.7    9.53   1.1424     350     1    100.0   15 
 5/08/26   9:00   30.3   30.4   30.2    51   19.1    0.0      E   0.00   4.8     E   30.3   32.1   32.1  1016.0   0.00    0.0    0.000   0.125   30.1    53   19.5   31.9    9.53   1.1417     351     1    100.0   15 
 5/08/26   9:15   30.8   31.5   30.2    48   18.6    0.0      E   0.00   3.2     E   30.8   32.3   32.3  1015.9   0.00    0.0    0.000   0.130   30.2    51   19.0   31.8    9.22   1.1421     351     1    100.0   15 
 5/08/26   9:30   32.0   32.2   31.5    45   18.6    0.0    SSE   0.00   3.2     S   32.0   33.7   33.7  1016.0   0.00    0.0    0.000   0.142   30.4    50   18.8   32.1    9.05   1.1415     350     1    100.0   15 
 5/08/26   9:45   32.3   32.5   32.1    42   17.7    0.0      E   0.00   9.7     E   32.3   33.4   33.4  1015.9   0.00    0.0    0.000   0.145   30.6    49   18.6   32.1    8.85   1.1413     351     1    100.0   15 
 5/08/26  10:00   32.4   32.6   32.3    42   17.8    0.0    ENE   0.00   9.7     E   32.4   33.7   33.7  1016.0   0.00    0.0    0.000   0.146   30.7    48   18.5   32.2    8.70   1.1411     351     1    100.0   15 
 5/08/26  10:15   32.7   32.9   32.6    40   17.3    0.0    ---   0.00   0.0   ---   32.7   33.7   33.7  1016.1   0.00    0.0    0.000   0.149   30.9    47   18.3   32.2    8.50   1.1405     349     1    100.0   15 
 5/08/26  10:30   32.8   33.2   32.5    41   17.8    0.0    ---   0.00   0.0   ---   32.8   34.2   34.2  1016.1   0.00    0.0    0.000   0.151   31.1    46   18.1   32.2    8.39   1.1402     351     1    100.0   15 
 5/08/26  10:45   33.2   33.7   32.6    37   16.6    0.0      S   0.00   6.4   SSE   33.2   33.9   33.9  1016.2   0.00    0.0    0.000   0.155   31.4    44   17.7   32.4    8.08   1.1399     350     1    100.0   15 
 5/08/26  11:00   33.9   34.1   33.7    35   16.3    0.0    SSO   0.00   8.0     S   33.9   34.4   34.4  1016.1   0.00    0.0    0.000   0.162   31.8    44   18.1   33.3    8.06   1.1375     351     1    100.0   15 
 5/08/26  11:15   34.2   34.3   34.1    36   17.0    0.0      S   0.00  11.3     S   34.2   35.2   35.2  1015.9   0.00    0.0    0.000   0.166   31.7    41   16.9   32.5    7.65   1.1396     351     1    100.0   15 
 5/08/26  11:30   34.3   34.6   34.2    34   16.2    0.0     SO   0.00  12.9   OSO   34.3   34.8   34.8  1015.9   0.00    0.0    0.000   0.166   30.9    41   16.1   31.2    7.65   1.1436     352     1    100.0   15 
 5/08/26  11:45   34.7   34.9   34.6    36   17.5    0.0     SO   0.00   9.7   OSO   34.7   36.0   36.0  1015.8   0.00    0.0    0.000   0.171   30.3    41   15.6   30.6    7.65   1.1466     351     1    100.0   15 
 5/08/26  12:00   34.6   34.8   34.6    36   17.4    1.6    SSO   0.40  20.9   SSE   34.6   35.8   35.8  1015.8   0.00    0.0    0.000   0.170   30.0    41   15.3   30.2    7.65   1.1479     351     1    100.0   15 
 5/08/26  12:15   34.8   35.1   34.6    35   17.1    3.2      S   0.80  12.9     S   34.8   35.8   35.8  1015.7   0.00    0.0    0.000   0.171   29.9    42   15.6   30.2    7.83   1.1479     351     1    100.0   15 
 5/08/26  12:30   34.4   34.7   34.2    36   17.2    6.4    SSO   1.61  19.3    SO   34.4   35.4   35.4  1015.6   0.00    0.0    0.000   0.167   29.8    42   15.5   30.1    7.84   1.1483     351     1    100.0   15 
 5/08/26  12:45   34.3   34.4   34.2    36   17.1    6.4      S   1.61  17.7     O   34.3   35.3   35.3  1015.5   0.00    0.0    0.000   0.167   29.8    42   15.5   30.1    7.84   1.1483     350     1    100.0   15 
 5/08/26  13:00   34.3   34.4   34.3    36   17.1    6.4      S   1.61  22.5     S   34.3   35.3   35.3  1015.6   0.00    0.0    0.000   0.167   29.7    42   15.4   30.0    7.84   1.1486     351     1    100.0   15 
 5/08/26  13:15   34.4   34.5   34.2    37   17.6    8.0      S   2.01  20.9     S   34.4   35.7   35.7  1015.6   0.00    0.0    0.000   0.167   29.7    43   15.8   30.1    7.95   1.1485     351     1    100.0   15 
 5/08/26  13:30   34.2   34.6   34.1    38   17.9    6.4      S   1.61  19.3     S   34.2   35.8   35.8  1015.5   0.00    0.0    0.000   0.166   29.6    42   15.3   29.8    7.85   1.1493     350     1    100.0   15 
 5/08/26  13:45   34.2   34.5   34.1    39   18.3    8.0      S   2.01  24.1     S   34.2   36.1   36.1  1015.5   0.00    0.0    0.000   0.166   29.3    41   14.7   29.5    7.65   1.1509     352     1    100.0   15 
 5/08/26  14:00   34.2   34.4   34.0    39   18.2    6.4    SSO   1.61  22.5    SO   34.2   35.9   35.9  1015.4   0.00    0.0    0.000   0.165   29.2    41   14.6   29.4    7.66   1.1513     351     1    100.0   15 
 5/08/26  14:15   34.2   34.3   33.9    41   19.0    8.0    SSO   2.01  24.1    SO   34.2   36.5   36.5  1015.2   0.00    0.0    0.000   0.165   29.2    40   14.2   29.3    7.55   1.1519     351     1    100.0   15 
 5/08/26  14:30   33.9   34.1   33.7    42   19.2    4.8    SSO   1.21  20.9     E   33.9   36.3   36.3  1015.2   0.00    0.0    0.000   0.162   29.3    41   14.7   29.4    7.66   1.1508     351     1    100.0   15 
 5/08/26  14:45   33.7   34.1   33.4    43   19.4    8.0    SSO   2.01  19.3   ONO   33.7   36.2   36.2  1015.2   0.00    0.0    0.000   0.160   29.4    41   14.8   29.6    7.65   1.1500     352     1    100.0   15 
 5/08/26  15:00   33.4   33.6   33.1    45   19.8    8.0      S   2.01  17.7   OSO   33.4   36.2   36.2  1015.1   0.00    0.0    0.000   0.157   29.6    41   15.0   29.8    7.65   1.1490     351     1    100.0   15 
 5/08/26  15:15   33.2   33.4   33.1    44   19.3    4.8      S   1.21  16.1     S   33.2   35.6   35.6  1015.0   0.00    0.0    0.000   0.155   29.7    40   14.6   29.7    7.54   1.1492     351     1    100.0   15 
 5/08/26  15:30   33.1   33.3   33.1    45   19.6    4.8      S   1.21  16.1   SSO   33.1   35.7   35.7  1015.0   0.00    0.0    0.000   0.154   29.7    41   15.0   29.8    7.65   1.1486     351     1    100.0   15 
 5/08/26  15:45   33.1   33.1   32.9    47   20.2    6.4      S   1.61  17.7    SO   33.1   36.0   36.0  1015.0   0.00    0.0    0.000   0.153   29.7    42   15.4   30.0    7.84   1.1479     352     1    100.0   15 
 5/08/26  16:00   32.8   33.0   32.7    47   20.0    6.4      S   1.61  19.3     S   32.8   35.6   35.6  1014.9   0.00    0.0    0.000   0.151   29.6    42   15.3   29.8    7.85   1.1486     351     1    100.0   15 
 5/08/26  16:15   32.7   32.9   32.5    48   20.2    6.4     SO   1.61  17.7    SO   32.7   35.5   35.5  1015.0   0.00    0.0    0.000   0.149   29.4    42   15.2   29.7    7.85   1.1493     351     1    100.0   15 
 5/08/26  16:30   32.4   32.6   32.2    48   20.0    6.4     SO   1.61  19.3    SO   32.4   35.1   35.1  1015.0   0.00    0.0    0.000   0.147   29.3    40   14.3   29.4    7.55   1.1511     351     1    100.0   15 
 5/08/26  16:45   32.3   32.4   32.2    48   19.9    4.8     SO   1.21  16.1    SE   32.3   34.8   34.8  1014.9   0.00    0.0    0.000   0.145   29.2    40   14.2   29.3    7.55   1.1513     351     1    100.0   15 
 5/08/26  17:00   32.1   32.3   31.8    50   20.3    3.2      S   0.80  11.3     S   32.1   34.8   34.8  1014.9   0.00    0.0    0.000   0.143   29.3    39   13.9   29.3    7.36   1.1515     351     1    100.0   15 
 5/08/26  17:15   31.8   31.9   31.7    51   20.4    6.4     SO   1.61  16.1    SO   31.8   34.6   34.6  1014.9   0.00    0.0    0.000   0.140   29.3    39   13.9   29.3    7.36   1.1514     351     1    100.0   15 
 5/08/26  17:30   31.7   31.9   31.4    52   20.6    3.2     SO   0.80  14.5    SO   31.7   34.7   34.7  1015.0   0.00    0.0    0.000   0.139   29.3    40   14.3   29.4    7.55   1.1510     351     1    100.0   15 
 5/08/26  17:45   31.2   31.5   30.9    55   21.1    0.0    ---   0.00   0.0   ---   31.2   34.1   34.1  1015.1   0.00    0.0    0.000   0.134   29.2    39   13.8   29.2    7.36   1.1521     351     1    100.0   15 
 5/08/26  18:00   30.6   30.9   30.4    56   20.8    0.0    ---   0.00   0.0   ---   30.6   33.5   33.5  1015.3   0.00    0.0    0.000   0.128   29.1    39   13.7   29.1    7.36   1.1527     352     1    100.0   15 
 5/08/26  18:15   30.1   30.4   29.8    59   21.2    3.2    SSO   0.80  12.9     S   30.1   33.1   33.1  1015.5   0.00    0.0    0.000   0.123   29.1    41   14.5   29.3    7.66   1.1523     351     1    100.0   15 
 5/08/26  18:30   29.6   29.8   29.3    60   21.0    1.6      S   0.40  11.3    SO   29.6   32.1   32.1  1015.8   0.00    0.0    0.000   0.117   29.0    40   14.0   29.2    7.55   1.1533     350     1    100.0   15 
 5/08/26  18:45   29.1   29.3   28.8    63   21.3    3.2      S   0.80  11.3    SE   29.1   31.7   31.7  1015.8   0.00    0.0    0.000   0.112   29.0    40   14.0   29.2    7.55   1.1534     351     1    100.0   15 
 5/08/26  19:00   28.6   28.8   28.4    66   21.6    3.2      S   0.80  11.3     S   28.6   31.2   31.2  1016.0   0.00    0.0    0.000   0.106   28.9    40   14.0   29.1    7.55   1.1538     351     1    100.0   15 
 5/08/26  19:15   28.3   28.4   28.1    67   21.6    1.6      S   0.40   6.4     S   28.3   30.7   30.7  1016.1   0.00    0.0    0.000   0.104   28.9    40   13.9   29.1    7.55   1.1542     352     1    100.0   15 
 5/08/26  19:30   27.9   28.1   27.7    68   21.4    1.6      S   0.40   4.8     S   27.9   30.1   30.1  1016.2   0.00    0.0    0.000   0.100   28.7    40   13.8   28.8    7.55   1.1552     351     1    100.0   15 
 5/08/26  19:45   27.6   27.7   27.4    69   21.4    1.6      S   0.40   6.4     S   27.6   29.6   29.6  1016.5   0.00    0.0    0.000   0.096   28.6    39   13.2   28.4    7.38   1.1567     351     1    100.0   15 
 5/08/26  20:00   27.3   27.4   27.2    71   21.6    1.6      S   0.40   6.4     S   27.3   29.4   29.4  1016.7   0.00    0.0    0.000   0.094   28.4    39   13.1   28.2    7.39   1.1578     351     1    100.0   15 
 5/08/26  20:15   27.1   27.2   27.0    72   21.6    0.0    SSE   0.00   6.4   SSE   27.1   29.2   29.2  1016.8   0.00    0.0    0.000   0.091   28.3    40   13.4   28.1    7.55   1.1580     352     1    100.0   15 
 5/08/26  20:30   26.8   27.0   26.6    73   21.5    0.0     SO   0.00   6.4     S   26.8   28.7   28.7  1017.1   0.00    0.0    0.000   0.088   28.2    40   13.3   27.9    7.55   1.1589     351     1    100.0   15 
 5/08/26  20:45   26.4   26.6   26.3    75   21.7    0.0    SSO   0.00   3.2   SSO   26.4   28.3   28.3  1017.1   0.00    0.0    0.000   0.084   28.1    40   13.2   27.8    7.55   1.1594     351     1    100.0   15 
 5/08/26  21:00   26.4   26.4   26.3    75   21.6    0.0    ---   0.00   0.0   ---   26.4   28.2   28.2  1017.1   0.00    0.0    0.000   0.084   27.9    40   13.1   27.6    7.55   1.1600     351     1    100.0   15 
 5/08/26  21:15   26.3   26.4   26.3    76   21.8    0.0    ---   0.00   0.0   ---   26.3   28.2   28.2  1017.2   0.00    0.0    0.000   0.083   27.9    39   12.7   27.4    7.41   1.1609     350     1    100.0   15 
 5/08/26  21:30   26.5   26.5   26.4    76   21.9    0.0    ---   0.00   0.0   ---   26.5   28.5   28.5  1017.2   0.00    0.0    0.000   0.085   27.8    39   12.6   27.3    7.41   1.1614     351     1    100.0   15 
 5/08/26  21:45   26.4   26.4   26.4    76   21.9    0.0    ---   0.00   0.0   ---   26.4   28.4   28.4  1017.2   0.00    0.0    0.000   0.084   27.7    39   12.5   27.3    7.41   1.1616     351     1    100.0   15 
 5/08/26  22:00   26.4   26.4   26.3    76   21.8    0.0    ---   0.00   0.0   ---   26.4   28.3   28.3  1017.1   0.00    0.0    0.000   0.084   27.6    40   12.8   27.2    7.55   1.1616     350     1    100.0   15 
 5/08/26  22:15   26.3   26.4   26.3    76   21.8    0.0    SSE   0.00   3.2   SSE   26.3   28.2   28.2  1017.1   0.00    0.0    0.000   0.083   27.6    42   13.5   27.3    7.85   1.1608     350     1    100.0   15 
 5/08/26  22:30   26.2   26.3   26.2    77   21.9    0.0     SE   0.00   3.2    SE   26.2   28.1   28.1  1017.1   0.00    0.0    0.000   0.082   27.7    43   14.0   27.4    8.01   1.1601     352     1    100.0   15 
 5/08/26  22:45   26.1   26.2   26.1    76   21.5    0.0     SE   0.00   3.2    SE   26.1   27.9   27.9  1017.1   0.00    0.0    0.000   0.081   27.7    44   14.4   27.6    8.15   1.1593     351     1    100.0   15 
 5/08/26  23:00   26.1   26.1   25.9    76   21.5    0.0    ---   0.00   0.0   ---   26.1   27.8   27.8  1017.2   0.00    0.0    0.000   0.080   27.9    46   15.2   28.0    8.45   1.1577     349     1    100.0   15 
 5/08/26  23:15   25.8   25.9   25.7    78   21.6    0.0    ---   0.00   0.0   ---   25.8   27.6   27.6  1017.0   0.00    0.0    0.000   0.078   28.2    49   16.4   28.7    8.90   1.1549     351     1    100.0   15 
 5/08/26  23:30   25.4   25.7   25.1    78   21.3    1.6     NO   0.40   4.8    SE   25.4   27.1   27.1  1017.0   0.00    0.0    0.000   0.074   28.4    56   18.8   29.6   10.05   1.1506     352     1    100.0   15 
 5/08/26  23:45   25.1   25.1   25.0    79   21.2    0.0     NO   0.00   3.2    NO   25.1   26.7   26.7  1016.9   0.00    0.0    0.000   0.070   28.5    57   19.2   29.9   10.22   1.1495     351     1    100.0   15 
 6/08/26  00:00   25.1   25.2   25.1    79   21.2    0.0    ---   0.00   0.0   ---   25.1   26.8   26.8  1016.8   0.00    0.0    0.000   0.071   28.6    59   19.8   30.2   10.55   1.1481     350     1    100.0   15 
 6/08/26   0:15   24.9   25.1   24.8    80   21.3    0.0    ---   0.00   0.0   ---   24.9   26.6   26.6  1016.8   0.00    0.0    0.000   0.069   28.6    60   20.1   30.4   10.75   1.1473     349     1    100.0   15 
 6/08/26   0:30   24.8   24.9   24.8    80   21.1    0.0     NO   0.00   1.6    NO   24.8   26.5   26.5  1016.7   0.00    0.0    0.000   0.068   28.6    60   20.1   30.4   10.75   1.1472     351     1    100.0   15 
 6/08/26   0:45   24.8   24.8   24.7    80   21.1    0.0     NO   0.00   1.6    NO   24.8   26.4   26.4  1016.7   0.00    0.0    0.000   0.067   28.6    61   20.4   30.6   10.95   1.1468     352     1    100.0   15 
 6/08/26   1:00   24.6   24.7   24.4    81   21.1    0.0     NO   0.00   3.2    NO   24.6   26.2   26.2  1016.7   0.00    0.0    0.000   0.065   28.6    61   20.4   30.6   10.95   1.1468     350     1    100.0   15 
 6/08/26   1:15   24.4   24.5   24.3    81   21.0    1.6     NO   0.40   6.4   NNO   24.4   26.1   26.1  1016.6   0.00    0.0    0.000   0.064   28.6    61   20.4   30.6   10.95   1.1466     351     1    100.0   15 
 6/08/26   1:30   24.2   24.3   24.1    83   21.1    1.6     NO   0.40   4.8    NO   24.2   25.8   25.8  1016.5   0.00    0.0    0.000   0.061   28.6    62   20.6   30.7   11.08   1.1461     351     1    100.0   15 
 6/08/26   1:45   24.1   24.2   24.1    84   21.2    0.0     NO   0.00   3.2    NO   24.1   25.8   25.8  1016.4   0.00    0.0    0.000   0.060   28.6    62   20.6   30.6   11.08   1.1463     349     1    100.0   15 
 6/08/26   2:00   24.3   24.3   24.2    83   21.2    1.6     NO   0.40   4.8    NO   24.3   25.9   25.9  1016.4   0.00    0.0    0.000   0.062   28.6    63   20.8   30.7   11.28   1.1458     352     1    100.0   15 
 6/08/26   2:15   24.1   24.2   24.1    83   21.0    0.0     NO   0.00   3.2    NO   24.1   25.7   25.7  1016.4   0.00    0.0    0.000   0.060   28.6    62   20.6   30.6   11.08   1.1463     350     1    100.0   15 
 6/08/26   2:30   24.1   24.2   24.1    83   21.0    0.0    ---   0.00   0.0   ---   24.1   25.7   25.7  1016.5   0.00    0.0    0.000   0.060   28.6    62   20.6   30.6   11.08   1.1464     351     1    100.0   15 
 6/08/26   2:45   23.9   24.1   23.8    84   21.0    0.0    ---   0.00   0.0   ---   23.9   25.5   25.5  1016.5   0.00    0.0    0.000   0.058   28.6    63   20.8   30.7   11.28   1.1459     350     1    100.0   15 
 6/08/26   3:00   23.6   23.8   23.4    85   20.9    0.0    ---   0.00   0.0   ---   23.6   25.1   25.1  1016.5   0.00    0.0    0.000   0.055   28.6    63   20.8   30.7   11.28   1.1460     350     1    100.0   15 
 6/08/26   3:15   23.3   23.4   23.2    86   20.8    0.0     NO   0.00   3.2    NO   23.3   24.5   24.5  1016.3   0.00    0.0    0.000   0.052   28.5    63   20.8   30.6   11.28   1.1461     348     1    100.0   15 
 6/08/26   3:30   23.2   23.3   23.2    85   20.6    0.0     NO   0.00   3.2    NO   23.2   24.4   24.4  1016.3   0.00    0.0    0.000   0.051   28.4    63   20.7   30.5   11.29   1.1463     350     1    100.0   15 
 6/08/26   3:45   23.2   23.3   23.2    85   20.6    0.0    ---   0.00   0.0   ---   23.2   24.4   24.4  1016.3   0.00    0.0    0.000   0.051   28.4    63   20.7   30.3   11.29   1.1466     351     1    100.0   15 
 6/08/26   4:00   23.3   23.3   23.2    85   20.6    0.0    ---   0.00   0.0   ---   23.3   24.5   24.5  1016.3   0.00    0.0    0.000   0.052   28.3    62   20.4   30.1   11.09   1.1473     350     1    100.0   15 
 6/08/26   4:15   23.4   23.5   23.3    83   20.4    0.0    ---   0.00   0.0   ---   23.4   24.7   24.7  1016.3   0.00    0.0    0.000   0.053   28.3    62   20.4   30.1   11.09   1.1474     351     1    100.0   15 
 6/08/26   4:30   23.3   23.4   23.3    83   20.2    0.0    ---   0.00   0.0   ---   23.3   24.4   24.4  1016.3   0.00    0.0    0.000   0.052   28.3    62   20.4   30.1   11.09   1.1474     351     1    100.0   15 
 6/08/26   4:45   23.5   23.6   23.3    83   20.4    0.0     NO   0.00   1.6    NO   23.5   24.8   24.8  1016.4   0.00    0.0    0.000   0.054   28.3    62   20.3   30.0   11.09   1.1478     350     1    100.0   15 
 6/08/26   5:00   23.4   23.5   23.4    84   20.5    0.0    ---   0.00   0.0   ---   23.4   24.6   24.6  1016.4   0.00    0.0    0.000   0.053   28.3    62   20.3   30.0   11.09   1.1478     351     1    100.0   15 
 6/08/26   5:15   23.6   23.7   23.5    85   20.9    0.0    ---   0.00   0.0   ---   23.6   25.1   25.1  1016.6   0.00    0.0    0.000   0.055   28.3    62   20.3   30.0   11.09   1.1480     352     1    100.0   15 
 6/08/26   5:30   23.8   23.9   23.7    84   20.9    0.0     NO   0.00   1.6    NO   23.8   25.3   25.3  1016.6   0.00    0.0    0.000   0.057   28.3    62   20.4   30.1   11.09   1.1477     351     1    100.0   15 
 6/08/26   5:45   24.0   24.1   23.9    83   20.9    0.0     NO   0.00   1.6    NO   24.0   25.6   25.6  1016.8   0.00    0.0    0.000   0.059   28.4    62   20.4   30.2   11.09   1.1477     351     1    100.0   15 
 6/08/26   6:00   23.9   24.0   23.9    83   20.9    0.0    ---   0.00   0.0   ---   23.9   25.5   25.5  1016.9   0.00    0.0    0.000   0.058   28.4    63   20.7   30.3   11.29   1.1473     351     1    100.0   15 
