                 Temp.  Temp.  Temp.  Hum.   Punt   Vel.   Dir.   Rec.  Vel.  Dir.  Sens.   Índ.   Índ.                  Int. Graus D.Graus D.  Temp.  Hum. Rosada  In.Cal.  EMC     Dens.    Mostr   Tx   Recep.  Int.
  Data    Hora    Ext.   Màx.   Mín.  Ext. Rosada   Vent   Vent   Vent  Màx.  Màx.  Tèrm.  Calor   THW    Bar    Pluja   Pluja  Calor    Fred    Int.  Int.   Int.   Int.    Int.  Int.Aire    Vent   Vent   ISS   Arc.
-------------------------------------------------------------------------------------------------------------------------------------------------------------------------------------------------------------------------
 4/08/26   0:15   24.8   24.8   24.8    70   19.0    1.6     NO   0.40   6.4    NO   24.8   25.9   25.9  1011.0   0.00    0.0    0.000   0.068   28.4    56   18.8   29.7   10.05   1.1434     350     1    100.0   15 
 4/08/26   0:30   24.7   24.8   24.7    71   19.1    3.2     NO   0.80   4.8    NO   24.7   25.8   25.8  1011.1   0.00    0.0    0.000   0.067   28.4    56   18.8   29.6   10.05   1.1437     350     1    100.0   15 
 4/08/26   0:45   24.7   24.7   24.6    74   19.7    0.0     NO   0.00   3.2    NO   24.7   25.9   25.9  1011.1   0.00    0.0    0.000   0.066   28.4    57   19.0   29.7   10.21   1.1434     350     1    100.0   15 
 4/08/26   1:00   24.6   24.7   24.5    75   19.9    0.0    ---   0.00   0.0   ---   24.6   25.9   25.9  1011.1   0.00    0.0    0.000   0.065   28.4    58   19.3   29.8   10.35   1.1428     350     1    100.0   15 
 4/08/26   1:15   24.3   24.5   24.1    76   19.8    1.6     NO   0.40   6.4    NO   24.3   25.6   25.6  1011.1   0.00    0.0    0.000   0.062   28.4    58   19.3   29.8   10.35   1.1428     349     1    100.0   15 
 4/08/26   1:30   24.0   24.1   23.9    77   19.7    0.0     NO   0.00   3.2    NO   24.0   25.3   25.3  1011.0   0.00    0.0    0.000   0.059   28.3    59   19.6   29.7   10.55   1.1426     352     1    100.0   15 
 4/08/26   1:45   23.9   23.9   23.8    76   19.5    0.0     NO   0.00   3.2    NO   23.9   25.2   25.2  1011.1   0.00    0.0    0.000   0.058   28.3    59   19.5   29.7   10.55   1.1431     351     1    100.0   15 
 4/08/26   2:00   23.8   23.8   23.7    76   19.3    0.0     NO   0.00   1.6    NO   23.8   24.9   24.9  1011.0   0.00    0.0    0.000   0.057   28.3    58   19.2   29.6   10.35   1.1433     350     1    100.0   15 
 4/08/26   2:15   23.8   23.8   23.7    76   19.3    0.0     NO   0.00   1.6    NO   23.8   24.9   24.9  1010.9   0.00    0.0    0.000   0.057   28.3    59   19.5   29.7   10.55   1.1428     351     1    100.0   15 
 4/08/26   2:30   23.6   23.8   23.4    76   19.1    0.0     NO   0.00   1.6    NO   23.6   24.8   24.8  1011.0   0.00    0.0    0.000   0.055   28.2    59   19.4   29.6   10.55   1.1432     352     1    100.0   15 
 4/08/26   2:45   23.3   23.4   23.2    76   18.8    1.6     NO   0.40   4.8    NO   23.3   24.3   24.3  1011.1   0.00    0.0    0.000   0.052   28.2    58   19.1   29.4   10.35   1.1440     351     1    100.0   15 
 4/08/26   3:00   23.0   23.2   22.9    76   18.5    1.6     NO   0.40   4.8    NO   23.0   23.9   23.9  1011.1   0.00    0.0    0.000   0.049   28.1    58   19.0   29.2   10.35   1.1447     350     1    100.0   15 
 4/08/26   3:15   23.1   23.1   23.0    76   18.6    0.0     NO   0.00   4.8    NO   23.1   24.0   24.0  1011.1   0.00    0.0    0.000   0.049   28.0    58   19.0   29.2   10.35   1.1449     351     1    100.0   15 
 4/08/26   3:30   23.0   23.1   22.9    76   18.5    1.6     NO   0.40   6.4    NO   23.0   23.9   23.9  1011.1   0.00    0.0    0.000   0.049   27.9    58   18.9   29.1   10.35   1.1452     352     1    100.0   15 
 4/08/26   3:45   22.8   22.9   22.7    77   18.6    3.2     NO   0.80   6.4    NO   22.8   23.8   23.8  1011.1   0.00    0.0    0.000   0.047   27.8    58   18.8   28.9   10.35   1.1458     351     1    100.0   15 
 4/08/26   4:00   22.7   22.8   22.6    80   19.0    3.2     NO   0.80   8.0    NO   22.7   23.6   23.6  1011.2   0.00    0.0    0.000   0.045   27.7    59   19.0   28.8   10.55   1.1461     350     1    100.0   15 
 4/08/26   4:15   22.6   22.7   22.6    79   18.8    0.0     NO   0.00   4.8    NO   22.6   23.5   23.5  1011.3   0.00    0.0    0.000   0.045   27.7    59   18.9   28.7   10.55   1.1465     350     1    100.0   15 
 4/08/26   4:30   22.7   22.7   22.7    78   18.7    0.0     NO   0.00   1.6    NO   22.7   23.6   23.6  1011.4   0.00    0.0    0.000   0.046   27.7    59   18.9   28.7   10.55   1.1466     351     1    100.0   15 
 4/08/26   4:45   22.7   22.8   22.6    76   18.2    1.6     NO   0.40   8.0    NO   22.7   23.5   23.5  1011.4   0.00    0.0    0.000   0.045   27.6    58   18.6   28.6   10.35   1.1474     352     1    100.0   15 
 4/08/26   5:00   22.6   22.6   22.4    76   18.1    0.0    ---   0.00   0.0   ---   22.6   23.3   23.3  1011.6   0.00    0.0    0.000   0.044   27.6    58   18.6   28.6   10.35   1.1476     351     1    100.0   15 
 4/08/26   5:15   22.4   22.5   22.3    77   18.2    0.0    ---   0.00   0.0   ---   22.4   23.1   23.1  1011.7   0.00    0.0    0.000   0.042   27.6    58   18.5   28.5   10.35   1.1479     351     1    100.0   15 
 4/08/26   5:30   22.4   22.6   22.3    78   18.4    0.0    ---   0.00   0.0   ---   22.4   23.2   23.2  1011.7   0.00    0.0    0.000   0.042   27.6    58   18.5   28.5   10.35   1.1480     351     1    100.0   15 
 4/08/26   5:45   22.6   22.7   22.6    78   18.6    0.0    ---   0.00   0.0   ---   22.6   23.4   23.4  1012.0   0.00    0.0    0.000   0.045   27.6    58   18.5   28.5   10.35   1.1482     352     1    100.0   15 
 4/08/26   6:00   22.7   22.8   22.7    77   18.5    0.0    ---   0.00   0.0   ---   22.7   23.6   23.6  1012.1   0.00    0.0    0.000   0.046   27.6    58   18.6   28.6   10.35   1.1481     351     1    100.0   15 
 4/08/26   6:15   22.9   23.1   22.8    77   18.6    0.0    ---   0.00   0.0   ---   22.9   23.8   23.8  1012.2   0.00    0.0    0.000   0.047   27.6    58   18.6   28.6   10.35   1.1482     351     1    100.0   15 
 4/08/26   6:30   23.2   23.3   23.1    76   18.7    0.0    ---   0.00   0.0   ---   23.2   24.2   24.2  1012.2   0.00    0.0    0.000   0.050   27.7    58   18.7   28.7   10.35   1.1479     351     1    100.0   15 
 4/08/26   6:45   23.4   23.7   23.3    76   19.0    0.0    ---   0.00   0.0   ---   23.4   24.6   24.6  1012.4   0.00    0.0    0.000   0.053   27.7    58   18.7   28.7   10.35   1.1479     352     1    100.0   15 
 4/08/26   7:00   23.8   24.0   23.7    75   19.1    0.0    ---   0.00   0.0   ---   23.8   25.0   25.0  1012.4   0.00    0.0    0.000   0.057   27.8    59   19.1   29.0   10.55   1.1469     350     1    100.0   15 
 4/08/26   7:15   24.2   24.4   24.0    73   19.0    0.0    ---   0.00   0.0   ---   24.2   25.3   25.3  1012.6   0.00    0.0    0.000   0.061   27.9    58   18.9   29.1   10.35   1.1469     350     1    100.0   15 
 4/08/26   7:30   24.6   24.9   24.4    72   19.2    0.0    ---   0.00   0.0   ---   24.6   25.8   25.8  1012.7   0.00    0.0    0.000   0.065   28.0    59   19.2   29.2   10.55   1.1463     350     1    100.0   15 
 4/08/26   7:45   24.9   25.0   24.7    71   19.3    0.0    ---   0.00   0.0   ---   24.9   26.0   26.0  1012.8   0.00    0.0    0.000   0.068   28.2    58   19.1   29.4   10.35   1.1460     350     1    100.0   15 
 4/08/26   8:00   25.0   25.3   24.7    71   19.4    0.0    ---   0.00   0.0   ---   25.0   26.1   26.1  1012.8   0.00    0.0    0.000   0.069   28.3    58   19.3   29.7   10.35   1.1451     351     1    100.0   15 
 4/08/26   8:15   25.7   26.1   25.4    71   20.1    0.0    ---   0.00   0.0   ---   25.7   26.9   26.9  1012.9   0.00    0.0    0.000   0.077   28.5    58   19.4   29.9   10.35   1.1444     351     1    100.0   15 
 4/08/26   8:30   26.4   26.6   26.1    72   21.0    0.0    ---   0.00   0.0   ---   26.4   28.1   28.1  1012.9   0.00    0.0    0.000   0.084   28.7    59   19.9   30.5   10.55   1.1427     350     1    100.0   15 
 4/08/26   8:45   26.9   27.4   26.6    71   21.2    0.0    ---   0.00   0.0   ---   26.9   28.7   28.7  1012.9   0.00    0.0    0.000   0.089   28.9    60   20.4   31.1   10.75   1.1410     351     1    100.0   15 
 4/08/26   9:00   27.8   27.9   27.4    69   21.6    0.0    ---   0.00   0.0   ---   27.8   30.1   30.1  1012.9   0.00    0.0    0.000   0.098   29.2    60   20.6   31.4   10.75   1.1399     352     1    100.0   15 
 4/08/26   9:15   28.3   28.6   27.8    67   21.6    0.0    ---   0.00   0.0   ---   28.3   30.7   30.7  1012.8   0.00    0.0    0.000   0.104   29.3    60   20.8   31.7   10.75   1.1389     350     1    100.0   15 
 4/08/26   9:30   28.8   29.2   28.6    65   21.6    0.0    ---   0.00   0.0   ---   28.8   31.7   31.7  1012.9   0.00    0.0    0.000   0.109   29.6    60   21.0   32.1   10.74   1.1377     351     1    100.0   15 
 4/08/26   9:45   29.3   29.6   29.1    64   21.8    0.0    ---   0.00   0.0   ---   29.3   32.3   32.3  1012.8   0.00    0.0    0.000   0.114   29.8    59   21.0   32.5   10.54   1.1367     351     1    100.0   15 
 4/08/26  10:00   29.8   30.1   29.6    61   21.4    1.6    SSE   0.40   9.7     E   29.8   32.8   32.8  1012.9   0.00    0.0    0.000   0.119   30.1    59   21.2   32.9   10.53   1.1355     352     1    100.0   15 
 4/08/26  10:15   30.3   30.4   30.1    60   21.6    1.6     SO   0.40   8.0   SSE   30.3   33.7   33.7  1012.8   0.00    0.0    0.000   0.124   30.4    58   21.2   33.4   10.32   1.1342     350     1    100.0   15 
 4/08/26  10:30   30.7   31.1   30.3    57   21.2    1.6    SSE   0.40  11.3     S   30.7   33.8   33.8  1012.8   0.00    0.0    0.000   0.129   30.6    57   21.1   33.6   10.17   1.1338     351     1    100.0   15 
 4/08/26  10:45   31.4   31.8   31.1    55   21.3    1.6    ENE   0.40  11.3   ENE   31.4   34.7   34.7  1012.8   0.00    0.0    0.000   0.137   30.6    54   20.2   33.1    9.71   1.1352     351     1    100.0   15 
 4/08/26  11:00   32.2   32.6   31.8    53   21.4    1.6    OSO   0.40   8.0   SSO   32.2   35.8   35.8  1012.7   0.00    0.0    0.000   0.145   30.2    52   19.3   32.0    9.35   1.1378     351     1    100.0   15 
 4/08/26  11:15   32.6   32.8   32.3    54   22.1    1.6      E   0.40  14.5   ENE   32.6   36.9   36.9  1012.5   0.00    0.0    0.000   0.149   29.9    50   18.3   31.1    9.05   1.1404     351     1    100.0   15 
 4/08/26  11:30   33.0   33.3   32.6    51   21.5    1.6    ENE   0.40  12.9     E   33.0   36.9   36.9  1012.4   0.00    0.0    0.000   0.153   29.7    50   18.2   30.8    9.05   1.1411     351     1    100.0   15 
 4/08/26  11:45   33.3   33.6   32.8    56   23.3    3.2    ESE   0.80  16.1     E   33.3   39.1   39.1  1012.2   0.00    0.0    0.000   0.156   29.6    50   18.1   30.7    9.05   1.1415     350     1    100.0   15 
 4/08/26  12:00   32.4   32.8   32.2    59   23.3    4.8      E   1.21  20.9     E   32.4   37.8   37.8  1012.2   0.00    0.0    0.000   0.146   29.4    50   17.9   30.4    9.05   1.1423     351     1    100.0   15 
 4/08/26  12:15   32.3   32.4   32.2    59   23.2    6.4    ESE   1.61  22.5     E   32.3   37.6   37.6  1012.0   0.00    0.0    0.000   0.145   29.2    49   17.4   30.1    8.86   1.1437     351     1    100.0   15 
 4/08/26  12:30   31.9   32.3   31.6    62   23.8    6.4      E   1.61  22.5   ENE   31.9   37.6   37.6  1012.2   0.00    0.0    0.000   0.142   28.9    47   16.5   29.7    8.57   1.1462     351     1    100.0   15 
 4/08/26  12:45   31.0   31.6   30.4    67   24.2    4.8      E   1.21  17.7   ENE   31.0   36.3   36.3  1012.6   0.00    0.0    0.000   0.132   28.8    47   16.3   29.5    8.57   1.1476     350     1    100.0   15 
 4/08/26  13:00   29.9   30.3   29.6    69   23.6    4.8      E   1.21  17.7   ESE   29.9   34.7   34.7  1012.6   0.00    0.0    0.000   0.120   28.7    46   16.0   29.3    8.45   1.1483     351     1    100.0   15 
 4/08/26  13:15   29.5   29.6   29.3    71   23.7    0.0    ---   0.00   0.0   ---   29.5   34.2   34.2  1012.9   0.00    0.0    0.000   0.116   28.6    47   16.2   29.2    8.58   1.1487     351     1    100.0   15 
 4/08/26  13:30   29.1   29.3   28.7    74   23.9    1.6     SO   0.40  12.9    SO   29.1   33.8   33.8  1013.2   0.00    0.0    0.000   0.112   28.7    47   16.2   29.3    8.58   1.1488     350     1    100.0   15 
 4/08/26  13:45   28.2   28.7   27.8    78   24.0    4.8    OSO   1.21  17.7    SO   28.2   32.5   32.5  1013.1   0.00    0.0    0.000   0.103   28.7    47   16.2   29.3    8.58   1.1487     351     1    100.0   15 
 4/08/26  14:00   27.8   28.1   27.7    76   23.2    4.8      S   1.21  12.9     S   27.8   31.1   31.1  1013.2   0.00    0.0    0.000   0.099   28.7    47   16.3   29.4    8.58   1.1485     351     1    100.0   15 
 4/08/26  14:15   28.2   28.3   28.1    75   23.4    4.8      S   1.21  14.5   ESE   28.2   32.0   32.0  1012.9   0.00    0.0    0.000   0.103   28.8    46   16.1   29.5    8.45   1.1480     350     1    100.0   15 
 4/08/26  14:30   28.7   29.2   28.3    73   23.3    1.6      S   0.40  11.3   ESE   28.7   32.8   32.8  1012.8   0.00    0.0    0.000   0.108   28.8    46   16.1   29.5    8.45   1.1479     352     1    100.0   15 
 4/08/26  14:45   30.1   30.8   29.2    67   23.3    1.6      S   0.40   9.7     E   30.1   34.8   34.8  1012.6   0.00    0.0    0.000   0.123   28.9    46   16.1   29.6    8.45   1.1475     351     1    100.0   15 
 4/08/26  15:00   31.2   31.4   30.8    64   23.5    1.6      S   0.40  11.3   SSO   31.2   35.9   35.9  1012.6   0.00    0.0    0.000   0.134   28.9    46   16.1   29.6    8.45   1.1475     351     1    100.0   15 
 4/08/26  15:15   31.5   31.6   31.4    64   23.9    1.6      S   0.40   9.7   OSO   31.5   36.8   36.8  1012.6   0.00    0.0    0.000   0.137   28.9    46   16.1   29.6    8.45   1.1474     350     1    100.0   15 
 4/08/26  15:30   31.7   31.8   31.5    63   23.8    1.6     SO   0.40  12.9   OSO   31.7   37.2   37.2  1012.4   0.00    0.0    0.000   0.139   28.9    49   17.2   29.9    8.87   1.1455     351     1    100.0   15 
 4/08/26  15:45   32.2   32.4   31.9    61   23.7    0.0      S   0.00   8.0   ESE   32.2   38.0   38.0  1012.3   0.00    0.0    0.000   0.145   29.0    48   16.9   29.8    8.77   1.1456     351     1    100.0   15 
 4/08/26  16:00   32.7   33.0   32.4    59   23.7    0.0    ENE   0.00   6.4   ESE   32.7   38.6   38.6  1012.2   0.00    0.0    0.000   0.150   28.9    46   16.2   29.6    8.45   1.1467     351     1    100.0   15 
 4/08/26  16:15   33.1   33.2   33.0    58   23.7    0.0    ESE   0.00   4.8   ESE   33.1   39.2   39.2  1012.4   0.00    0.0    0.000   0.153   28.9    45   15.8   29.6    8.27   1.1474     351     1    100.0   15 
 4/08/26  16:30   33.4   33.6   33.2    56   23.5    0.0    ---   0.00   0.0   ---   33.4   39.6   39.6  1012.6   0.00    0.0    0.000   0.157   28.9    44   15.5   29.4    8.15   1.1480     350     1    100.0   15 
 4/08/26  16:45   33.1   33.7   32.4    59   24.0    3.2    ENE   0.80  14.5     E   33.1   39.6   39.6  1012.6   0.00    0.0    0.000   0.154   28.9    44   15.5   29.4    8.15   1.1481     351     1    100.0   15 
 4/08/26  17:00   31.6   32.3   31.1    63   23.7    4.8      E   1.21  24.1     E   31.6   36.9   36.9  1012.8   0.00    0.0    0.000   0.138   28.9    43   15.1   29.4    7.97   1.1487     350     1    100.0   15 
 4/08/26  17:15   30.9   31.1   30.7    63   23.0    3.2      E   0.80  16.1     E   30.9   35.3   35.3  1012.7   0.00    0.0    0.000   0.131   28.9    43   15.1   29.3    7.97   1.1489     351     1    100.0   15 
 4/08/26  17:30   30.6   30.7   30.5    61   22.2    1.6    ENE   0.40  14.5   ENE   30.6   34.5   34.5  1012.6   0.00    0.0    0.000   0.128   28.8    43   15.0   29.2    7.97   1.1491     351     1    100.0   15 
 4/08/26  17:45   30.5   30.6   30.3    62   22.4    3.2    ENE   0.80  12.9     E   30.5   34.6   34.6  1013.0   0.00    0.0    0.000   0.127   28.8    43   15.0   29.2    7.97   1.1498     352     1    100.0   15 
 4/08/26  18:00   30.1   30.3   29.9    64   22.5    1.6    ENE   0.40   8.0   ENE   30.1   34.0   34.0  1013.0   0.00    0.0    0.000   0.122   28.7    42   14.5   28.9    7.85   1.1506     350     1    100.0   15 
 4/08/26  18:15   29.8   29.9   29.6    65   22.5    0.0    ENE   0.00  12.9   ENE   29.8   33.7   33.7  1013.1   0.00    0.0    0.000   0.120   28.7    42   14.5   28.9    7.85   1.1509     351     1    100.0   15 
 4/08/26  18:30   29.4   29.6   29.3    68   22.9    0.0    SSO   0.00   6.4   SSO   29.4   33.4   33.4  1013.3   0.00    0.0    0.000   0.116   28.6    43   14.8   28.9    7.98   1.1510     351     1    100.0   15 
 4/08/26  18:45   29.3   29.3   29.2    68   22.8    0.0     NE   0.00   3.2    NE   29.3   33.1   33.1  1013.4   0.00    0.0    0.000   0.114   28.4    43   14.7   28.6    7.99   1.1519     350     1    100.0   15 
 4/08/26  19:00   28.9   29.2   28.7    69   22.7    0.0     SO   0.00   3.2    SO   28.9   32.7   32.7  1013.5   0.00    0.0    0.000   0.111   28.3    43   14.6   28.4    7.99   1.1526     351     1    100.0   15 
 4/08/26  19:15   28.4   28.7   28.1    71   22.6    0.0    ---   0.00   0.0   ---   28.4   31.7   31.7  1013.4   0.00    0.0    0.000   0.105   28.3    43   14.6   28.4    7.99   1.1525     351     1    100.0   15 
 4/08/26  19:30   27.7   28.1   27.4    75   22.9    0.0      O   0.00   3.2   SSO   27.7   30.7   30.7  1013.6   0.00    0.0    0.000   0.098   28.3    43   14.5   28.3    7.99   1.1530     351     1    100.0   15 
 4/08/26  19:45   27.3   27.4   27.1    76   22.7    0.0      O   0.00   1.6     O   27.3   29.9   29.9  1013.9   0.00    0.0    0.000   0.093   28.1    43   14.4   28.1    8.00   1.1542     351     1    100.0   15 
 4/08/26  20:00   26.9   27.1   26.8    77   22.5    0.0      O   0.00   1.6     O   26.9   29.3   29.3  1014.2   0.00    0.0    0.000   0.089   27.9    43   14.2   27.8    8.00   1.1553     352     1    100.0   15 
 4/08/26  20:15   26.7   26.8   26.6    78   22.6    0.0    ---   0.00   0.0   ---   26.7   29.1   29.1  1014.3   0.00    0.0    0.000   0.087   27.8    43   14.1   27.7    8.01   1.1560     349     1    100.0   15 
 4/08/26  20:30   26.4   26.6   26.4    79   22.5    0.0    ---   0.00   0.0   ---   26.4   28.7   28.7  1014.4   0.00    0.0    0.000   0.084   27.7    44   14.4   27.6    8.15   1.1562     351     1    100.0   15 
 4/08/26  20:45   26.2   26.4   26.1    80   22.5    0.0    ---   0.00   0.0   ---   26.2   28.4   28.4  1014.5   0.00    0.0    0.000   0.082   27.7    46   15.0   27.7    8.45   1.1554     350     1    100.0   15 
 4/08/26  21:00   26.0   26.1   25.9    82   22.7    0.0      O   0.00   1.6     O   26.0   28.3   28.3  1014.6   0.00    0.0    0.000   0.080   27.7    47   15.4   27.8    8.61   1.1552     352     1    100.0   15 
 4/08/26  21:15   25.9   25.9   25.8    83   22.8    0.0      O   0.00   1.6     O   25.9   28.2   28.2  1014.7   0.00    0.0    0.000   0.079   27.8    47   15.4   27.9    8.61   1.1550     351     1    100.0   15 
 4/08/26  21:30   25.7   25.8   25.6    83   22.6    0.0      O   0.00   1.6     O   25.7   27.8   27.8  1014.7   0.00    0.0    0.000   0.076   27.8    48   15.8   27.9    8.81   1.1545     351     1    100.0   15 
 4/08/26  21:45   25.4   25.6   25.3    85   22.7    0.0      O   0.00   3.2     O   25.4   27.6   27.6  1014.7   0.00    0.0    0.000   0.073   27.7    48   15.7   27.9    8.81   1.1549     350     1    100.0   15 
 4/08/26  22:00   25.1   25.3   25.0    86   22.6    0.0      O   0.00   1.6     O   25.1   27.2   27.2  1014.7   0.00    0.0    0.000   0.071   27.7    48   15.7   27.9    8.81   1.1549     352     1    100.0   15 
 4/08/26  22:15   24.9   25.0   24.8    87   22.6    0.0      O   0.00   3.2     O   24.9   26.9   26.9  1014.8   0.00    0.0    0.000   0.068   27.7    49   16.0   27.9    8.91   1.1545     351     1    100.0   15 
 4/08/26  22:30   24.7   24.8   24.7    87   22.4    0.0      O   0.00   1.6     O   24.7   26.7   26.7  1014.8   0.00    0.0    0.000   0.067   27.7    50   16.4   28.1    9.11   1.1541     351     1    100.0   15 
 4/08/26  22:45   24.6   24.7   24.4    86   22.1    0.0     NO   0.00   4.8    NO   24.6   26.5   26.5  1014.8   0.00    0.0    0.000   0.065   27.9    54   17.8   28.7    9.75   1.1513     351     1    100.0   15 
 4/08/26  23:00   24.3   24.4   24.3    87   22.0    0.0     NO   0.00   3.2    NO   24.3   26.2   26.2  1014.9   0.00    0.0    0.000   0.063   28.2    58   19.1   29.4   10.35   1.1484     351     1    100.0   15 
 4/08/26  23:15   24.3   24.4   24.3    86   21.8    0.0     NO   0.00   4.8    NO   24.3   26.1   26.1  1014.9   0.00    0.0    0.000   0.062   28.3    61   20.0   29.9   10.95   1.1465     352     1    100.0   15 
 4/08/26  23:30   24.3   24.3   24.2    87   22.0    0.0     NO   0.00   3.2    NO   24.3   26.1   26.1  1014.9   0.00    0.0    0.000   0.062   28.3    63   20.6   30.2   11.29   1.1453     351     1    100.0   15 
 4/08/26  23:45   24.3   24.3   24.3    86   21.8    0.0    ---   0.00   0.0   ---   24.3   26.1   26.1  1014.7   0.00    0.0    0.000   0.063   28.3    62   20.4   30.1   11.09   1.1455     351     1    100.0   15 
 5/08/26  00:00   24.2   24.3   24.1    85   21.5    0.0    ---   0.00   0.0   ---   24.2   25.9   25.9  1014.7   0.00    0.0    0.000   0.061   28.4    62   20.4   30.2   11.09   1.1452     350     1    100.0   15 
 5/08/26   0:15   24.1   24.2   24.1    86   21.6    0.0     NO   0.00   3.2    NO   24.1   25.9   25.9  1014.7   0.00    0.0    0.000   0.060   28.4    63   20.7   30.3   11.29   1.1448     348     1    100.0   15 
 5/08/26   0:30   24.2   24.2   24.1    85   21.5    0.0     NO   0.00   4.8   ENE   24.2   25.9   25.9  1014.8   0.00    0.0    0.000   0.061   28.4    63   20.7   30.3   11.29   1.1449     352     1    100.0   15 
 5/08/26   0:45   24.0   24.1   23.9    85   21.3    1.6    ENE   0.40   3.2   ENE   24.0   25.7   25.7  1014.8   0.00    0.0    0.000   0.059   28.4    63   20.7   30.3   11.29   1.1449     350     1    100.0   15 
 5/08/26   1:00   23.9   23.9   23.8    84   21.0    1.6    ENE   0.40   4.8   ENE   23.9   25.5   25.5  1014.7   0.00    0.0    0.000   0.058   28.3    63   20.6   30.2   11.29   1.1451     351     1    100.0   15 
 5/08/26   1:15   23.9   23.9   23.8    84   21.0    0.0    ENE   0.00   3.2   ENE   23.9   25.5   25.5  1014.9   0.00    0.0    0.000   0.058   28.3    63   20.6   30.2   11.29   1.1456     351     1    100.0   15 
 5/08/26   1:30   23.9   24.1   23.8    85   21.3    0.0    ENE   0.00   3.2   ENE   23.9   25.6   25.6  1014.8   0.00    0.0    0.000   0.058   28.3    63   20.6   30.2   11.29   1.1455     351     1    100.0   15 
 5/08/26   1:45   23.9   23.9   23.8    85   21.2    0.0     NE   0.00   1.6   ENE   23.9   25.6   25.6  1015.0   0.00    0.0    0.000   0.058   28.3    63   20.6   30.2   11.29   1.1457     352     1    100.0   15 
 5/08/26   2:00   23.5   23.8   23.2    80   19.8    0.0    NNE   0.00   3.2   NNE   23.5   24.7   24.7  1015.0   0.00    0.0    0.000   0.054   28.2    62   20.2   29.9   11.09   1.1465     351     1    100.0   15 
 5/08/26   2:15   23.1   23.2   23.0    75   18.4    1.6    NNE   0.40   4.8   NNE   23.1   24.0   24.0  1015.0   0.00    0.0    0.000   0.049   28.2    60   19.7   29.6   10.75   1.1477     321     1     93.9   15 
 5/08/26   2:30   23.2   23.5   22.9    83   20.2    1.6    ENE   0.40   4.8   ENE   23.2   24.4   24.4  1014.9   0.00    0.0    0.000   0.051   28.1    59   19.3   29.4   10.55   1.1483     351     1    100.0   15 
 5/08/26   2:45   23.4   23.5   23.3    86   21.0    1.6    ENE   0.40   4.8   ENE   23.4   24.8   24.8  1015.0   0.00    0.0    0.000   0.053   28.1    62   20.1   29.7   11.10   1.1474     352     1    100.0   15 
 5/08/26   3:00   23.0   23.3   22.7    87   20.7    1.6      E   0.40   9.7     E   23.0   24.3   24.3  1015.0   0.00    0.0    0.000   0.049   28.0    64   20.6   29.8   11.50   1.1469     350     1    100.0   15 
 5/08/26   3:15   22.5   22.7   22.2    87   20.2    1.6      E   0.40   4.8     E   22.5   23.7   23.7  1015.0   0.00    0.0    0.000   0.043   27.9    63   20.2   29.6   11.30   1.1475     350     1    100.0   15 
 5/08/26   3:30   22.2   22.2   22.1    84   19.3    1.6    NNO   0.40   9.7    NO   22.2   23.1   23.1  1014.9   0.00    0.0    0.000   0.040   27.9    62   19.9   29.4   11.11   1.1482     350     1    100.0   15 
 5/08/26   3:45   22.0   22.1   21.7    84   19.2    3.2     NO   0.80   8.0    NO   22.0   22.9   22.9  1014.9   0.00    0.0    0.000   0.038   27.7    61   19.5   29.0   10.95   1.1495     351     1    100.0   15 
 5/08/26   4:00   21.4   21.7   21.2    84   18.6    1.6     NO   0.40   4.8    NO   21.4   22.3   22.3  1014.9   0.00    0.0    0.000   0.032   27.6    61   19.4   28.8   10.95   1.1503     351     1    100.0   15 
 5/08/26   4:15   21.2   21.2   21.1    84   18.4    0.0     NO   0.00   3.2    NO   21.2   21.9   21.9  1015.1   0.00    0.0    0.000   0.030   27.4    60   19.0   28.5   10.75   1.1516     351     1    100.0   15 
 5/08/26   4:30   21.3   21.3   21.2    85   18.7    0.0     NO   0.00   3.2    NO   21.3   22.2   22.2  1015.2   0.00    0.0    0.000   0.031   27.4    61   19.2   28.5   10.95   1.1516     349     1    100.0   15 
 5/08/26   4:45   21.3   21.3   21.3    85   18.7    0.0     NO   0.00   3.2    NO   21.3   22.2   22.2  1015.3   0.00    0.0    0.000   0.031   27.3    61   19.1   28.4   10.95   1.1521     350     1    100.0   15 
 5/08/26   5:00   21.3   21.4   21.2    86   18.8    0.0     NO   0.00   3.2    NO   21.3   22.2   22.2  1015.4   0.00    0.0    0.000   0.031   27.3    61   19.1   28.4   10.95   1.1522     350     1    100.0   15 
 5/08/26   5:15   21.2   21.2   21.1    88   19.1    0.0     NO   0.00   1.6    NO   21.2   22.2   22.2  1015.5   0.00    0.0    0.000   0.030   27.3    62   19.4   28.5   11.13   1.1519     350     1    100.0   15 
 5/08/26   5:30   21.3   21.3   21.2    88   19.2    0.0    ---   0.00   0.0   ---   21.3   22.3   22.3  1015.5   0.00    0.0    0.000   0.031   27.3    62   19.4   28.5   11.13   1.1519     350     1    100.0   15 
 5/08/26   5:45   21.3   21.4   21.3    86   18.9    0.0    ---   0.00   0.0   ---   21.3   22.3   22.3  1015.5   0.00    0.0    0.000   0.031   27.4    62   19.5   28.7   11.12   1.1513     351     1    100.0   15 
 5/08/26   6:00   21.7   21.9   21.4    84   18.8    0.0    ---   0.00   0.0   ---   21.7   22.6   22.6  1015.7   0.00    0.0    0.000   0.035   27.6    61   19.4   28.8   10.95   1.1510     351     1    100.0   15 
