                 Temp.  Temp.  Temp.  Hum.   Punt   Vel.   Dir.   Rec.  Vel.  Dir.  Sens.   Índ.   Índ.                  Int. Graus D.Graus D.  Temp.  Hum. Rosada  In.Cal.  EMC     Dens.    Mostr   Tx   Recep.  Int.
  Data    Hora    Ext.   Màx.   Mín.  Ext. Rosada   Vent   Vent   Vent  Màx.  Màx.  Tèrm.  Calor   THW    Bar    Pluja   Pluja  Calor    Fred    Int.  Int.   Int.   Int.    Int.  Int.Aire    Vent   Vent   ISS   Arc.
-------------------------------------------------------------------------------------------------------------------------------------------------------------------------------------------------------------------------
22/08/26   0:15   22.5   22.6   22.3    81   19.1    1.6    ENE   0.40   9.7     E   22.5   23.4   23.4  1015.1   0.00    0.0    0.000   0.043   26.9    62   19.0   27.9   11.14   1.1538     349     1    100.0   15 
22/08/26   0:30   22.2   22.3   22.1    80   18.6    3.2    ENE   0.80   9.7    NE   22.2   23.0   23.0  1015.1   0.00    0.0    0.000   0.041   26.9    62   19.0   27.9   11.14   1.1538     351     1    100.0   15 
22/08/26   0:45   22.1   22.1   22.0    79   18.2    1.6    ENE   0.40   6.4   ENE   22.1   22.8   22.8  1015.0   0.00    0.0    0.000   0.039   26.8    61   18.6   27.6   10.95   1.1546     351     1    100.0   15 
22/08/26   1:00   21.9   22.0   21.8    77   17.7    1.6    ENE   0.40   8.0     E   21.9   22.5   22.5  1015.1   0.00    0.0    0.000   0.037   26.8    61   18.6   27.6   10.95   1.1547     352     1    100.0   15 
22/08/26   1:15   21.8   21.8   21.7    76   17.4    1.6    ENE   0.40   9.7     E   21.8   22.3   22.3  1015.2   0.00    0.0    0.000   0.036   26.7    59   18.0   27.3   10.55   1.1562     350     1    100.0   15 
22/08/26   1:30   21.7   21.7   21.7    73   16.6    3.2    ENE   0.80  11.3   ENE   21.7   22.0   22.0  1015.1   0.00    0.0    0.000   0.035   26.6    58   17.7   27.2   10.35   1.1569     351     1    100.0   15 
22/08/26   1:45   21.7   21.8   21.7    73   16.7    1.6    ENE   0.40   6.4   ENE   21.7   22.1   22.1  1015.2   0.00    0.0    0.000   0.035   26.5    57   17.3   27.0   10.16   1.1579     351     1    100.0   15 
22/08/26   2:00   21.8   21.8   21.8    75   17.2    0.0      O   0.00   3.2     O   21.8   22.3   22.3  1015.0   0.00    0.0    0.000   0.036   26.4    58   17.5   27.0   10.37   1.1577     352     1    100.0   15 
22/08/26   2:15   21.7   21.8   21.6    75   17.0    1.6    ENE   0.40   6.4   ENE   21.7   22.1   22.1  1014.9   0.00    0.0    0.000   0.035   26.4    58   17.5   27.0   10.37   1.1575     351     1    100.0   15 
22/08/26   2:30   21.6   21.7   21.6    75   17.0    0.0    ENE   0.00   3.2   ENE   21.6   22.1   22.1  1015.1   0.00    0.0    0.000   0.034   26.4    58   17.5   26.9   10.37   1.1580     351     1    100.0   15 
22/08/26   2:45   21.5   21.6   21.5    73   16.5    0.0    ---   0.00   0.0   ---   21.5   21.8   21.8  1015.2   0.00    0.0    0.000   0.033   26.4    58   17.5   26.9   10.37   1.1581     351     1    100.0   15 
22/08/26   3:00   21.4   21.6   21.3    75   16.8    0.0    ---   0.00   0.0   ---   21.4   21.8   21.8  1015.2   0.00    0.0    0.000   0.032   26.4    58   17.5   26.9   10.37   1.1581     352     1    100.0   15 
22/08/26   3:15   21.3   21.3   21.3    73   16.3    0.0    ---   0.00   0.0   ---   21.3   21.6   21.6  1015.0   0.00    0.0    0.000   0.031   26.4    57   17.2   26.9   10.17   1.1583     351     1    100.0   15 
22/08/26   3:30   21.4   21.4   21.3    71   15.9    0.0    ---   0.00   0.0   ---   21.4   21.6   21.6  1015.0   0.00    0.0    0.000   0.032   26.3    57   17.1   26.8   10.17   1.1586     350     1    100.0   15 
22/08/26   3:45   21.5   21.6   21.4    72   16.2    0.0    ---   0.00   0.0   ---   21.5   21.8   21.8  1015.1   0.00    0.0    0.000   0.033   26.3    57   17.1   26.8   10.17   1.1587     351     1    100.0   15 
22/08/26   4:00   21.4   21.5   21.3    72   16.2    0.0    ENE   0.00   1.6   ENE   21.4   21.7   21.7  1015.1   0.00    0.0    0.000   0.032   26.3    56   16.8   26.7   10.08   1.1594     351     1    100.0   15 
22/08/26   4:15   21.3   21.3   21.3    72   16.1    0.0    ---   0.00   0.0   ---   21.3   21.6   21.6  1015.2   0.00    0.0    0.000   0.031   26.2    56   16.7   26.6   10.08   1.1598     352     1    100.0   15 
22/08/26   4:30   21.3   21.3   21.3    72   16.0    0.0    ---   0.00   0.0   ---   21.3   21.5   21.5  1015.1   0.00    0.0    0.000   0.031   26.2    56   16.7   26.6   10.08   1.1597     351     1    100.0   15 
22/08/26   4:45   21.2   21.3   21.2    72   16.0    0.0    ---   0.00   0.0   ---   21.2   21.4   21.4  1015.0   0.00    0.0    0.000   0.030   26.2    56   16.7   26.6   10.08   1.1596     350     1    100.0   15 
22/08/26   5:00   21.2   21.2   21.1    73   16.1    0.0    ENE   0.00   1.6   ENE   21.2   21.4   21.4  1015.2   0.00    0.0    0.000   0.030   26.2    56   16.7   26.6   10.09   1.1601     351     1    100.0   15 
22/08/26   5:15   21.1   21.1   21.1    73   16.0    0.0    ---   0.00   0.0   ---   21.1   21.3   21.3  1015.4   0.00    0.0    0.000   0.028   26.1    56   16.6   26.5   10.09   1.1607     352     1    100.0   15 
22/08/26   5:30   21.1   21.1   21.1    74   16.3    0.0    ---   0.00   0.0   ---   21.1   21.4   21.4  1015.6   0.00    0.0    0.000   0.029   26.1    56   16.6   26.5   10.09   1.1609     351     1    100.0   15 
22/08/26   5:45   21.1   21.1   21.1    74   16.3    0.0    ---   0.00   0.0   ---   21.1   21.4   21.4  1015.7   0.00    0.0    0.000   0.029   26.1    56   16.6   26.5   10.09   1.1610     351     1    100.0   15 
22/08/26   6:00   21.1   21.1   21.1    73   16.0    0.0    ---   0.00   0.0   ---   21.1   21.3   21.3  1015.8   0.00    0.0    0.000   0.028   26.1    56   16.6   26.5   10.09   1.1611     351     1    100.0   15 
22/08/26   6:15   21.1   21.2   21.1    74   16.3    0.0    ---   0.00   0.0   ---   21.1   21.4   21.4  1016.1   0.00    0.0    0.000   0.029   26.1    56   16.6   26.5   10.09   1.1614     351     1    100.0   15 
22/08/26   6:30   21.1   21.2   21.1    74   16.3    0.0    ---   0.00   0.0   ---   21.1   21.4   21.4  1016.2   0.00    0.0    0.000   0.029   26.2    56   16.7   26.6   10.08   1.1610     351     1    100.0   15 
22/08/26   6:45   21.1   21.1   21.1    74   16.3    0.0    ---   0.00   0.0   ---   21.1   21.4   21.4  1016.3   0.00    0.0    0.000   0.029   26.3    56   16.8   26.7   10.08   1.1608     351     1    100.0   15 
22/08/26   7:00   21.2   21.2   21.1    73   16.1    0.0    ENE   0.00   1.6   ENE   21.2   21.4   21.4  1016.3   0.00    0.0    0.000   0.030   26.3    56   16.9   26.7   10.07   1.1605     349     1    100.0   15 
22/08/26   7:15   21.2   21.3   21.2    72   16.0    0.0    ---   0.00   0.0   ---   21.2   21.4   21.4  1016.3   0.00    0.0    0.000   0.030   26.4    56   16.9   26.8   10.07   1.1602     351     1    100.0   15 
22/08/26   7:30   21.4   21.5   21.3    73   16.4    0.0    ---   0.00   0.0   ---   21.4   21.7   21.7  1016.5   0.00    0.0    0.000   0.032   26.3    56   16.9   26.7   10.07   1.1607     352     1    100.0   15 
22/08/26   7:45   21.6   21.7   21.5    72   16.3    0.0    ENE   0.00   4.8   ENE   21.6   21.9   21.9  1016.5   0.00    0.0    0.000   0.034   26.3    56   16.9   26.7   10.07   1.1607     351     1    100.0   15 
22/08/26   8:00   21.8   22.0   21.7    72   16.6    0.0      E   0.00   4.8     E   21.8   22.2   22.2  1016.5   0.00    0.0    0.000   0.036   26.3    56   16.9   26.7   10.07   1.1607     351     1    100.0   15 
22/08/26   8:15   22.2   22.4   22.0    71   16.7    1.6      E   0.40   8.0     E   22.2   22.6   22.6  1016.6   0.00    0.0    0.000   0.040   26.4    55   16.7   26.8    9.87   1.1607     351     1    100.0   15 
22/08/26   8:30   22.8   23.1   22.4    67   16.3    0.0    ENE   0.00   6.4   ENE   22.8   23.3   23.3  1016.7   0.00    0.0    0.000   0.046   26.7    55   16.9   27.1    9.85   1.1594     352     1    100.0   15 
22/08/26   8:45   23.1   23.2   23.0    65   16.1    1.6      E   0.40   9.7     E   23.1   23.6   23.6  1016.7   0.00    0.0    0.000   0.049   26.8    54   16.7   27.1    9.75   1.1595     351     1    100.0   15 
22/08/26   9:00   23.2   23.2   23.1    64   16.0    3.2      E   0.80  11.3     E   23.2   23.7   23.7  1016.8   0.00    0.0    0.000   0.050   26.8    53   16.4   27.1    9.64   1.1597     350     1    100.0   15 
22/08/26   9:15   23.2   23.3   23.1    64   16.0    3.2    ENE   0.80  11.3   ENE   23.2   23.8   23.8  1016.8   0.00    0.0    0.000   0.051   26.9    53   16.5   27.2    9.64   1.1594     351     1    100.0   15 
22/08/26   9:30   23.7   24.2   23.3    62   16.0    3.2    ENE   0.80  12.9   ENE   23.7   24.2   24.2  1016.9   0.00    0.0    0.000   0.056   27.0    52   16.3   27.2    9.44   1.1593     351     1    100.0   15 
22/08/26   9:45   24.8   25.4   24.2    59   16.2    3.2    ENE   0.80  14.5   ESE   24.8   25.2   25.2  1016.7   0.00    0.0    0.000   0.067   27.3    52   16.6   27.7    9.43   1.1575     351     1    100.0   15 
22/08/26  10:00   25.8   26.1   25.5    57   16.7    4.8      E   1.21  16.1     E   25.8   26.2   26.2  1016.6   0.00    0.0    0.000   0.078   27.7    51   16.6   28.1    9.31   1.1560     351     1    100.0   15 
22/08/26  10:15   25.4   25.7   25.3    57   16.3    4.8    ENE   1.21  16.1   ENE   25.4   25.8   25.8  1016.5   0.00    0.0    0.000   0.074   27.8    51   16.8   28.3    9.31   1.1551     351     1    100.0   15 
22/08/26  10:30   25.9   26.1   25.7    56   16.5    4.8      E   1.21  16.1   ENE   25.9   26.3   26.3  1016.4   0.00    0.0    0.000   0.079   27.9    51   16.9   28.4    9.30   1.1544     350     1    100.0   15 
22/08/26  10:45   26.2   26.4   26.1    56   16.7    3.2      E   0.80  14.5   ENE   26.2   26.6   26.6  1016.4   0.00    0.0    0.000   0.082   28.1    51   17.0   28.7    9.30   1.1538     352     1    100.0   15 
22/08/26  11:00   27.1   27.4   26.4    52   16.4    4.8    ESE   1.21  22.5   ENE   27.1   27.4   27.4  1016.3   0.00    0.0    0.000   0.091   28.2    50   16.8   28.8    9.09   1.1532     351     1    100.0   15 
22/08/26  11:15   27.5   27.7   27.3    51   16.5    3.2    ENE   0.80  16.1   ENE   27.5   27.8   27.8  1016.1   0.00    0.0    0.000   0.095   28.3    50   16.9   29.0    9.09   1.1525     350     1    100.0   15 
22/08/26  11:30   27.6   27.8   27.6    51   16.6    3.2    ENE   0.80  12.9     E   27.6   27.9   27.9  1015.9   0.00    0.0    0.000   0.097   28.4    50   17.0   29.1    9.09   1.1520     351     1    100.0   15 
22/08/26  11:45   28.2   28.5   27.8    49   16.5    3.2      E   0.80  12.9   ENE   28.2   28.7   28.7  1015.9   0.00    0.0    0.000   0.103   28.5    49   16.7   29.2    8.88   1.1518     352     1    100.0   15 
22/08/26  12:00   28.7   28.9   28.5    48   16.6    0.0    ENE   0.00   8.0   ENE   28.7   29.4   29.4  1015.8   0.00    0.0    0.000   0.108   28.6    49   16.8   29.4    8.88   1.1512     351     1    100.0   15 
22/08/26  12:15   28.4   28.5   28.2    49   16.6    3.2      E   0.80  12.9   ESE   28.4   29.0   29.0  1015.6   0.00    0.0    0.000   0.105   28.7    49   17.0   29.6    8.88   1.1504     351     1    100.0   15 
22/08/26  12:30   28.7   28.9   28.2    48   16.6    3.2      E   0.80   9.7     E   28.7   29.4   29.4  1015.6   0.00    0.0    0.000   0.108   28.8    49   17.0   29.6    8.87   1.1501     351     1    100.0   15 
22/08/26  12:45   28.8   29.0   28.7    48   16.7    1.6     SO   0.40   8.0    SO   28.8   29.7   29.7  1015.5   0.00    0.0    0.000   0.109   28.8    49   17.1   29.7    8.87   1.1497     350     1    100.0   15 
22/08/26  13:00   28.9   29.0   28.8    48   16.8    1.6      E   0.40  11.3     E   28.9   29.7   29.7  1015.4   0.00    0.0    0.000   0.110   28.9    49   17.1   29.8    8.87   1.1493     352     1    100.0   15 
22/08/26  13:15   29.2   29.8   28.7    47   16.7    3.2    ENE   0.80  14.5   ENE   29.2   29.9   29.9  1015.3   0.00    0.0    0.000   0.113   28.9    49   17.2   29.9    8.87   1.1489     351     1    100.0   15 
22/08/26  13:30   29.3   29.8   28.9    48   17.2    6.4      E   1.61  22.5     E   29.3   30.2   30.2  1015.3   0.00    0.0    0.000   0.115   29.1    49   17.3   30.0    8.86   1.1483     351     1    100.0   15 
22/08/26  13:45   28.9   29.1   28.9    48   16.8    4.8    ENE   1.21  17.7   NNE   28.9   29.8   29.8  1015.2   0.00    0.0    0.000   0.111   29.2    48   17.0   30.0    8.76   1.1481     351     1    100.0   15 
22/08/26  14:00   29.2   29.2   28.9    48   17.0    4.8      E   1.21  17.7   ENE   29.2   30.0   30.0  1015.1   0.00    0.0    0.000   0.113   29.3    48   17.1   30.1    8.76   1.1474     352     1    100.0   15 
22/08/26  14:15   29.2   29.3   29.1    49   17.4    6.4      E   1.61  24.1     E   29.2   30.1   30.1  1014.9   0.00    0.0    0.000   0.113   29.3    48   17.2   30.2    8.75   1.1470     351     1    100.0   15 
22/08/26  14:30   29.2   29.3   29.1    49   17.4    4.8     SE   1.21  17.7   ESE   29.2   30.1   30.1  1014.8   0.00    0.0    0.000   0.113   29.4    48   17.3   30.3    8.75   1.1463     351     1    100.0   15 
22/08/26  14:45   29.1   29.3   28.9    50   17.6    6.4      E   1.61  22.5     E   29.1   30.1   30.1  1014.7   0.00    0.0    0.000   0.112   29.5    48   17.3   30.3    8.75   1.1459     351     1    100.0   15 
22/08/26  15:00   28.9   28.9   28.8    51   17.7    6.4    ENE   1.61  17.7    NE   28.9   30.0   30.0  1014.6   0.00    0.0    0.000   0.110   29.6    49   17.7   30.5    8.85   1.1449     351     1    100.0   15 
22/08/26  15:15   28.7   28.9   28.6    51   17.5    6.4    ESE   1.61  17.7     E   28.7   29.6   29.6  1014.5   0.00    0.0    0.000   0.108   29.6    49   17.8   30.6    8.85   1.1446     351     1    100.0   15 
22/08/26  15:30   28.7   28.8   28.6    51   17.5    6.4      E   1.61  14.5   ENE   28.7   29.6   29.6  1014.5   0.00    0.0    0.000   0.108   29.6    49   17.8   30.6    8.85   1.1445     351     1    100.0   15 
22/08/26  15:45   28.5   28.7   28.3    52   17.7    6.4      E   1.61  19.3   ENE   28.5   29.4   29.4  1014.3   0.00    0.0    0.000   0.106   29.6    49   17.8   30.6    8.85   1.1444     351     1    100.0   15 
22/08/26  16:00   28.4   28.6   28.1    53   17.9    6.4    ENE   1.61  19.3   ENE   28.4   29.3   29.3  1014.3   0.00    0.0    0.000   0.105   29.6    49   17.8   30.6    8.85   1.1443     351     1    100.0   15 
22/08/26  16:15   28.1   28.1   27.9    54   17.9    6.4      E   1.61  16.1     E   28.1   28.9   28.9  1014.3   0.00    0.0    0.000   0.101   29.6    49   17.8   30.6    8.85   1.1444     352     1    100.0   15 
22/08/26  16:30   27.9   28.0   27.8    55   18.1    4.8    ENE   1.21  14.5   ENE   27.9   28.8   28.8  1014.4   0.00    0.0    0.000   0.100   29.6    49   17.8   30.6    8.85   1.1445     351     1    100.0   15 
22/08/26  16:45   27.7   27.8   27.6    56   18.1    6.4      E   1.61  16.1     E   27.7   28.6   28.6  1014.5   0.00    0.0    0.000   0.098   29.6    50   18.0   30.6    9.05   1.1444     351     1    100.0   15 
22/08/26  17:00   27.4   27.6   27.0    58   18.4    4.8    ENE   1.21  17.7     E   27.4   28.2   28.2  1014.6   0.00    0.0    0.000   0.094   29.5    50   18.0   30.5    9.05   1.1447     351     1    100.0   15 
22/08/26  17:15   26.8   27.0   26.7    59   18.1    3.2    ESE   0.80  14.5   ENE   26.8   27.6   27.6  1014.6   0.00    0.0    0.000   0.089   29.4    50   17.9   30.4    9.05   1.1453     351     1    100.0   15 
22/08/26  17:30   26.6   26.7   26.5    60   18.2    4.8    ESE   1.21  12.9   ENE   26.6   27.3   27.3  1014.6   0.00    0.0    0.000   0.086   29.3    51   18.1   30.4    9.25   1.1452     351     1    100.0   15 
22/08/26  17:45   26.4   26.6   26.3    62   18.6    3.2    ESE   0.80  12.9     E   26.4   27.3   27.3  1014.8   0.00    0.0    0.000   0.084   29.3    51   18.1   30.4    9.26   1.1456     351     1    100.0   15 
22/08/26  18:00   26.2   26.3   25.9    63   18.6    3.2    ENE   0.80  12.9     E   26.2   27.1   27.1  1014.8   0.00    0.0    0.000   0.082   29.2    52   18.3   30.4    9.36   1.1458     351     1    100.0   15 
22/08/26  18:15   25.5   25.9   25.2    65   18.4    3.2    ESE   0.80  11.3     E   25.5   26.3   26.3  1014.9   0.00    0.0    0.000   0.075   29.1    52   18.3   30.3    9.36   1.1462     352     1    100.0   15 
22/08/26  18:30   25.1   25.2   24.9    67   18.5    0.0      E   0.00   8.0     E   25.1   25.9   25.9  1014.8   0.00    0.0    0.000   0.070   29.0    53   18.5   30.3    9.57   1.1462     351     1    100.0   15 
22/08/26  18:45   24.7   24.9   24.6    68   18.4    1.6     SE   0.40   4.8   ENE   24.7   25.6   25.6  1014.8   0.00    0.0    0.000   0.067   28.8    53   18.3   30.1    9.57   1.1471     351     1    100.0   15 
22/08/26  19:00   24.4   24.6   24.2    69   18.3    1.6      E   0.40   6.4   ENE   24.4   25.3   25.3  1014.9   0.00    0.0    0.000   0.063   28.7    53   18.2   29.9    9.58   1.1478     350     1    100.0   15 
22/08/26  19:15   24.1   24.2   23.9    71   18.5    0.0    ESE   0.00   4.8   ESE   24.1   25.1   25.1  1015.1   0.00    0.0    0.000   0.060   28.6    54   18.4   29.8    9.75   1.1481     351     1    100.0   15 
22/08/26  19:30   23.9   23.9   23.9    71   18.4    0.0    ---   0.00   0.0   ---   23.9   24.9   24.9  1015.3   0.00    0.0    0.000   0.058   28.5    54   18.3   29.6    9.75   1.1489     352     1    100.0   15 
22/08/26  19:45   23.8   23.9   23.6    73   18.6    0.0     SO   0.00   4.8    SO   23.8   24.8   24.8  1015.5   0.00    0.0    0.000   0.057   28.4    54   18.2   29.5    9.75   1.1495     348     1    100.0   15 
22/08/26  20:00   23.4   23.6   23.3    74   18.5    0.0     SO   0.00   3.2    SO   23.4   24.4   24.4  1015.5   0.00    0.0    0.000   0.053   28.3    55   18.4   29.4    9.85   1.1496     351     1    100.0   15 
22/08/26  20:15   23.1   23.3   23.1    76   18.6    0.0     SO   0.00   3.2    SO   23.1   24.1   24.1  1015.5   0.00    0.0    0.000   0.050   28.3    55   18.4   29.3    9.85   1.1499     351     1    100.0   15 
22/08/26  20:30   22.9   23.1   22.8    77   18.7    0.0    ---   0.00   0.0   ---   22.9   23.9   23.9  1015.6   0.00    0.0    0.000   0.048   28.2    56   18.6   29.2   10.05   1.1501     351     1    100.0   15 
22/08/26  20:45   22.8   22.9   22.7    77   18.5    0.0    ---   0.00   0.0   ---   22.8   23.7   23.7  1015.8   0.00    0.0    0.000   0.046   28.1    56   18.5   29.2   10.05   1.1507     351     1    100.0   15 
22/08/26  21:00   22.5   22.7   22.2    78   18.5    0.0     SO   0.00   3.2    SO   22.5   23.3   23.3  1016.0   0.00    0.0    0.000   0.043   28.1    56   18.5   29.1   10.05   1.1511     351     1    100.0   15 
22/08/26  21:15   22.1   22.2   22.1    80   18.5    0.0     SO   0.00   4.8   OSO   22.1   22.9   22.9  1016.0   0.00    0.0    0.000   0.039   27.9    57   18.6   29.0   10.20   1.1513     351     1    100.0   15 
22/08/26  21:30   22.1   22.1   22.1    80   18.5    0.0    OSO   0.00   4.8   OSO   22.1   22.9   22.9  1016.0   0.00    0.0    0.000   0.039   27.9    57   18.6   28.9   10.19   1.1516     352     1    100.0   15 
22/08/26  21:45   22.0   22.1   21.9    81   18.6    0.0    OSO   0.00   3.2   OSO   22.0   22.8   22.8  1016.2   0.00    0.0    0.000   0.038   27.8    57   18.5   28.8   10.19   1.1521     350     1    100.0   15 
22/08/26  22:00   21.9   21.9   21.8    82   18.7    0.0    ---   0.00   0.0   ---   21.9   22.7   22.7  1016.2   0.00    0.0    0.000   0.037   27.8    57   18.5   28.7   10.19   1.1524     351     1    100.0   15 
22/08/26  22:15   21.7   21.8   21.7    82   18.5    0.0    ---   0.00   0.0   ---   21.7   22.6   22.6  1016.2   0.00    0.0    0.000   0.035   27.7    57   18.4   28.7   10.19   1.1527     351     1    100.0   15 
22/08/26  22:30   21.6   21.7   21.6    83   18.6    0.0    ---   0.00   0.0   ---   21.6   22.5   22.5  1016.1   0.00    0.0    0.000   0.034   27.7    58   18.7   28.7   10.35   1.1525     350     1    100.0   15 
22/08/26  22:45   21.4   21.6   21.4    83   18.4    0.0    ---   0.00   0.0   ---   21.4   22.3   22.3  1016.1   0.00    0.0    0.000   0.032   27.6    58   18.6   28.6   10.35   1.1528     352     1    100.0   15 
22/08/26  23:00   21.3   21.4   21.3    84   18.5    0.0    ---   0.00   0.0   ---   21.3   22.2   22.2  1016.3   0.00    0.0    0.000   0.031   27.6    58   18.5   28.5   10.35   1.1533     349     1    100.0   15 
22/08/26  23:15   21.3   21.3   21.3    84   18.5    0.0    ---   0.00   0.0   ---   21.3   22.2   22.2  1016.3   0.00    0.0    0.000   0.031   27.5    58   18.5   28.4   10.35   1.1536     351     1    100.0   15 
22/08/26  23:30   21.3   21.3   21.3    84   18.5    0.0    ---   0.00   0.0   ---   21.3   22.1   22.1  1016.4   0.00    0.0    0.000   0.031   27.4    58   18.4   28.3   10.35   1.1540     351     1    100.0   15 
22/08/26  23:45   21.3   21.4   21.3    84   18.5    0.0    ---   0.00   0.0   ---   21.3   22.2   22.2  1016.6   0.00    0.0    0.000   0.031   27.4    58   18.4   28.2   10.35   1.1545     351     1    100.0   15 
23/08/26  00:00   21.2   21.3   21.2    84   18.4    0.0    ---   0.00   0.0   ---   21.2   22.1   22.1  1016.5   0.00    0.0    0.000   0.030   27.3    59   18.6   28.2   10.55   1.1543     351     1    100.0   15 
23/08/26   0:15   21.1   21.2   21.1    85   18.5    0.0    ---   0.00   0.0   ---   21.1   21.9   21.9  1016.4   0.00    0.0    0.000   0.029   27.3    59   18.6   28.2   10.55   1.1544     348     1    100.0   15 
23/08/26   0:30   21.1   21.2   21.1    85   18.5    0.0    ---   0.00   0.0   ---   21.1   21.9   21.9  1016.1   0.00    0.0    0.000   0.029   27.2    59   18.5   28.1   10.55   1.1544     351     1    100.0   15 
23/08/26   0:45   21.2   21.2   21.2    84   18.4    0.0    ---   0.00   0.0   ---   21.2   21.9   21.9  1016.0   0.00    0.0    0.000   0.030   27.2    59   18.5   28.1   10.55   1.1542     351     1    100.0   15 
23/08/26   1:00   21.1   21.2   21.1    85   18.5    0.0    ---   0.00   0.0   ---   21.1   21.9   21.9  1015.8   0.00    0.0    0.000   0.029   27.2    59   18.5   28.0   10.55   1.1544     351     1    100.0   15 
23/08/26   1:15   20.9   21.1   20.8    85   18.3    0.0    ---   0.00   0.0   ---   20.9   21.8   21.8  1015.8   0.00    0.0    0.000   0.027   27.1    59   18.4   27.9   10.55   1.1546     352     1    100.0   15 
23/08/26   1:30   20.8   20.8   20.7    86   18.3    0.0    ---   0.00   0.0   ---   20.8   21.7   21.7  1015.8   0.00    0.0    0.000   0.025   27.1    59   18.4   27.9   10.55   1.1546     350     1    100.0   15 
23/08/26   1:45   20.7   20.7   20.7    86   18.2    0.0    ---   0.00   0.0   ---   20.7   21.7   21.7  1015.7   0.00    0.0    0.000   0.024   27.0    59   18.3   27.8   10.55   1.1551     351     1    100.0   15 
23/08/26   2:00   20.7   20.7   20.7    86   18.3    0.0    ---   0.00   0.0   ---   20.7   21.7   21.7  1015.7   0.00    0.0    0.000   0.025   26.9    60   18.5   27.8   10.75   1.1550     350     1    100.0   15 
23/08/26   2:15   20.7   20.7   20.6    85   18.1    0.0    ---   0.00   0.0   ---   20.7   21.7   21.7  1015.6   0.00    0.0    0.000   0.025   26.9    60   18.5   27.8   10.75   1.1549     351     1    100.0   15 
23/08/26   2:30   20.4   20.6   20.3    86   18.0    0.0    ---   0.00   0.0   ---   20.4   21.4   21.4  1015.5   0.00    0.0    0.000   0.022   26.9    60   18.5   27.7   10.75   1.1551     351     1    100.0   15 
23/08/26   2:45   20.1   20.3   19.8    87   17.8    0.0    ---   0.00   0.0   ---   20.1   20.9   20.9  1015.5   0.00    0.0    0.000   0.018   26.8    60   18.4   27.6   10.75   1.1556     351     1    100.0   15 
23/08/26   3:00   19.7   19.8   19.7    89   17.9    0.0    ---   0.00   0.0   ---   19.7   20.6   20.6  1015.4   0.00    0.0    0.000   0.014   26.7    60   18.3   27.4   10.75   1.1558     351     1    100.0   15 
23/08/26   3:15   19.7   19.7   19.7    90   18.0    0.0    ---   0.00   0.0   ---   19.7   20.6   20.6  1015.3   0.00    0.0    0.000   0.014   26.7    60   18.3   27.4   10.75   1.1557     352     1    100.0   15 
23/08/26   3:30   19.8   19.8   19.7    89   17.9    0.0    ---   0.00   0.0   ---   19.8   20.7   20.7  1015.2   0.00    0.0    0.000   0.015   26.7    60   18.3   27.4   10.75   1.1558     351     1    100.0   15 
23/08/26   3:45   19.9   19.9   19.7    89   18.0    0.0    ---   0.00   0.0   ---   19.9   20.8   20.8  1015.2   0.00    0.0    0.000   0.016   26.6    60   18.2   27.3   10.75   1.1561     350     1    100.0   15 
23/08/26   4:00   19.9   20.0   19.9    89   18.1    0.0    ---   0.00   0.0   ---   19.9   20.8   20.8  1015.2   0.00    0.0    0.000   0.017   26.6    60   18.2   27.3   10.76   1.1565     351     1    100.0   15 
