                 Temp.  Temp.  Temp.  Hum.   Punt   Vel.   Dir.   Rec.  Vel.  Dir.  Sens.   Índ.   Índ.                  Int. Graus D.Graus D.  Temp.  Hum. Rosada  In.Cal.  EMC     Dens.    Mostr   Tx   Recep.  Int.
  Data    Hora    Ext.   Màx.   Mín.  Ext. Rosada   Vent   Vent   Vent  Màx.  Màx.  Tèrm.  Calor   THW    Bar    Pluja   Pluja  Calor    Fred    Int.  Int.   Int.   Int.    Int.  Int.Aire    Vent   Vent   ISS   Arc.
-------------------------------------------------------------------------------------------------------------------------------------------------------------------------------------------------------------------------
23/08/26   0:15   21.1   21.2   21.1    85   18.5    0.0    ---   0.00   0.0   ---   21.1   21.9   21.9  1016.4   0.00    0.0    0.000   0.029   27.3    59   18.6   28.2   10.55   1.1544     348     1    100.0   15 
23/08/26   0:30   21.1   21.2   21.1    85   18.5    0.0    ---   0.00   0.0   ---   21.1   21.9   21.9  1016.1   0.00    0.0    0.000   0.029   27.2    59   18.5   28.1   10.55   1.1544     351     1    100.0   15 
23/08/26   0:45   21.2   21.2   21.2    84   18.4    0.0    ---   0.00   0.0   ---   21.2   21.9   21.9  1016.0   0.00    0.0    0.000   0.030   27.2    59   18.5   28.1   10.55   1.1542     351     1    100.0   15 
23/08/26   1:00   21.1   21.2   21.1    85   18.5    0.0    ---   0.00   0.0   ---   21.1   21.9   21.9  1015.8   0.00    0.0    0.000   0.029   27.2    59   18.5   28.0   10.55   1.1544     351     1    100.0   15 
23/08/26   1:15   20.9   21.1   20.8    85   18.3    0.0    ---   0.00   0.0   ---   20.9   21.8   21.8  1015.8   0.00    0.0    0.000   0.027   27.1    59   18.4   27.9   10.55   1.1546     352     1    100.0   15 
23/08/26   1:30   20.8   20.8   20.7    86   18.3    0.0    ---   0.00   0.0   ---   20.8   21.7   21.7  1015.8   0.00    0.0    0.000   0.025   27.1    59   18.4   27.9   10.55   1.1546     350     1    100.0   15 
23/08/26   1:45   20.7   20.7   20.7    86   18.2    0.0    ---   0.00   0.0   ---   20.7   21.7   21.7  1015.7   0.00    0.0    0.000   0.024   27.0    59   18.3   27.8   10.55   1.1551     351     1    100.0   15 
23/08/26   2:00   20.7   20.7   20.7    86   18.3    0.0    ---   0.00   0.0   ---   20.7   21.7   21.7  1015.7   0.00    0.0    0.000   0.025   26.9    60   18.5   27.8   10.75   1.1550     350     1    100.0   15 
23/08/26   2:15   20.7   20.7   20.6    85   18.1    0.0    ---   0.00   0.0   ---   20.7   21.7   21.7  1015.6   0.00    0.0    0.000   0.025   26.9    60   18.5   27.8   10.75   1.1549     351     1    100.0   15 
23/08/26   2:30   20.4   20.6   20.3    86   18.0    0.0    ---   0.00   0.0   ---   20.4   21.4   21.4  1015.5   0.00    0.0    0.000   0.022   26.9    60   18.5   27.7   10.75   1.1551     351     1    100.0   15 
23/08/26   2:45   20.1   20.3   19.8    87   17.8    0.0    ---   0.00   0.0   ---   20.1   20.9   20.9  1015.5   0.00    0.0    0.000   0.018   26.8    60   18.4   27.6   10.75   1.1556     351     1    100.0   15 
23/08/26   3:00   19.7   19.8   19.7    89   17.9    0.0    ---   0.00   0.0   ---   19.7   20.6   20.6  1015.4   0.00    0.0    0.000   0.014   26.7    60   18.3   27.4   10.75   1.1558     351     1    100.0   15 
23/08/26   3:15   19.7   19.7   19.7    90   18.0    0.0    ---   0.00   0.0   ---   19.7   20.6   20.6  1015.3   0.00    0.0    0.000   0.014   26.7    60   18.3   27.4   10.75   1.1557     352     1    100.0   15 
23/08/26   3:30   19.8   19.8   19.7    89   17.9    0.0    ---   0.00   0.0   ---   19.8   20.7   20.7  1015.2   0.00    0.0    0.000   0.015   26.7    60   18.3   27.4   10.75   1.1558     351     1    100.0   15 
23/08/26   3:45   19.9   19.9   19.7    89   18.0    0.0    ---   0.00   0.0   ---   19.9   20.8   20.8  1015.2   0.00    0.0    0.000   0.016   26.6    60   18.2   27.3   10.75   1.1561     350     1    100.0   15 
23/08/26   4:00   19.9   20.0   19.9    89   18.1    0.0    ---   0.00   0.0   ---   19.9   20.8   20.8  1015.2   0.00    0.0    0.000   0.017   26.6    60   18.2   27.3   10.76   1.1565     351     1    100.0   15 
23/08/26   4:15   19.8   19.9   19.8    89   18.0    0.0    ---   0.00   0.0   ---   19.8   20.7   20.7  1015.1   0.00    0.0    0.000   0.016   26.6    60   18.2   27.3   10.76   1.1563     351     1    100.0   15 
23/08/26   4:30   19.8   19.8   19.7    90   18.1    0.0    ---   0.00   0.0   ---   19.8   20.7   20.7  1015.3   0.00    0.0    0.000   0.015   26.5    61   18.4   27.3   10.96   1.1565     351     1    100.0   15 
23/08/26   4:45   19.7   19.8   19.7    89   17.9    0.0    ---   0.00   0.0   ---   19.7   20.6   20.6  1015.3   0.00    0.0    0.000   0.014   26.4    61   18.3   27.2   10.96   1.1568     351     1    100.0   15 
23/08/26   5:00   19.6   19.7   19.6    89   17.7    0.0    ---   0.00   0.0   ---   19.6   20.4   20.4  1015.3   0.00    0.0    0.000   0.013   26.3    61   18.2   27.1   10.96   1.1574     351     1    100.0   15 
23/08/26   5:15   19.6   19.6   19.6    90   17.9    0.0    ---   0.00   0.0   ---   19.6   20.4   20.4  1015.5   0.00    0.0    0.000   0.013   26.3    61   18.2   27.1   10.96   1.1576     350     1    100.0   15 
23/08/26   5:30   19.5   19.6   19.3    90   17.8    0.0    ---   0.00   0.0   ---   19.5   20.3   20.3  1015.7   0.00    0.0    0.000   0.012   26.3    61   18.2   27.1   10.96   1.1578     352     1    100.0   15 
23/08/26   5:45   19.3   19.3   19.2    91   17.8    0.0    ---   0.00   0.0   ---   19.3   20.1   20.1  1015.8   0.00    0.0    0.000   0.010   26.3    61   18.2   27.1   10.96   1.1580     351     1    100.0   15 
23/08/26   6:00   19.3   19.4   19.2    91   17.8    0.0    ---   0.00   0.0   ---   19.3   20.1   20.1  1015.9   0.00    0.0    0.000   0.010   26.3    61   18.2   27.1   10.96   1.1580     351     1    100.0   15 
23/08/26   6:15   19.6   19.8   19.4    91   18.1    0.0    ---   0.00   0.0   ---   19.6   20.5   20.5  1015.8   0.00    0.0    0.000   0.013   26.5    61   18.4   27.3   10.96   1.1571     351     1    100.0   15 
23/08/26   6:30   20.1   20.5   19.8    91   18.6    0.0    ---   0.00   0.0   ---   20.1   21.1   21.1  1015.9   0.00    0.0    0.000   0.019   26.9    60   18.5   27.7   10.75   1.1555     351     1    100.0   15 
23/08/26   6:45   21.1   21.4   20.6    88   19.0    0.0    ---   0.00   0.0   ---   21.1   22.1   22.1  1015.9   0.00    0.0    0.000   0.028   27.2    60   18.8   28.2   10.75   1.1537     351     1    100.0   15 
23/08/26   7:00   21.8   22.0   21.4    84   19.0    0.0    ---   0.00   0.0   ---   21.8   22.7   22.7  1015.9   0.00    0.0    0.000   0.036   27.6    60   19.1   28.7   10.75   1.1520     351     1    100.0   15 
23/08/26   7:15   22.1   22.3   22.0    84   19.2    0.0    ---   0.00   0.0   ---   22.1   23.0   23.0  1016.0   0.00    0.0    0.000   0.039   27.8    59   19.1   29.0   10.55   1.1511     350     1    100.0   15 
23/08/26   7:30   22.9   23.6   22.3    80   19.3    0.0    ---   0.00   0.0   ---   22.9   23.9   23.9  1016.1   0.00    0.0    0.000   0.047   28.1    58   19.1   29.3   10.35   1.1501     350     1    100.0   15 
23/08/26   7:45   23.8   24.1   23.6    78   19.7    0.0      E   0.00   4.8   ENE   23.8   25.1   25.1  1016.1   0.00    0.0    0.000   0.057   28.3    58   19.3   29.7   10.35   1.1490     352     1    100.0   15 
23/08/26   8:00   24.5   24.7   24.2    75   19.8    0.0     NE   0.00   4.8    NE   24.5   25.8   25.8  1016.1   0.00    0.0    0.000   0.064   28.6    58   19.5   30.1   10.35   1.1477     351     1    100.0   15 
23/08/26   8:15   24.8   24.9   24.7    75   20.1    0.0    ---   0.00   0.0   ---   24.8   26.2   26.2  1016.1   0.00    0.0    0.000   0.068   28.7    58   19.6   30.3   10.35   1.1471     351     1    100.0   15 
23/08/26   8:30   25.3   25.8   24.8    74   20.3    0.0    ---   0.00   0.0   ---   25.3   26.6   26.6  1015.9   0.00    0.0    0.000   0.072   28.8    58   19.7   30.5   10.35   1.1464     351     1    100.0   15 
23/08/26   8:45   26.0   26.1   25.8    72   20.6    0.0    SSE   0.00   6.4   SSE   26.0   27.4   27.4  1015.9   0.00    0.0    0.000   0.080   28.9    58   19.8   30.8   10.35   1.1454     352     1    100.0   15 
23/08/26   9:00   26.1   26.3   26.0    71   20.4    0.0    ---   0.00   0.0   ---   26.1   27.4   27.4  1016.0   0.00    0.0    0.000   0.081   29.1    58   20.0   30.9   10.35   1.1449     349     1    100.0   15 
23/08/26   9:15   26.8   27.0   26.3    70   20.8    0.0    ---   0.00   0.0   ---   26.8   28.3   28.3  1015.9   0.00    0.0    0.000   0.088   29.1    58   20.0   31.1   10.35   1.1445     351     1    100.0   15 
23/08/26   9:30   27.2   27.7   26.9    67   20.5    0.0    ESE   0.00   9.7     E   27.2   28.7   28.7  1015.8   0.00    0.0    0.000   0.092   29.3    58   20.2   31.3   10.35   1.1436     351     1    100.0   15 
23/08/26   9:45   28.0   28.3   27.7    64   20.6    0.0    ENE   0.00   6.4     S   28.0   29.8   29.8  1015.9   0.00    0.0    0.000   0.101   29.4    57   20.0   31.3   10.25   1.1435     351     1    100.0   15 
23/08/26  10:00   28.6   28.7   28.3    63   20.8    0.0    ENE   0.00   8.0     E   28.6   30.7   30.7  1015.8   0.00    0.0    0.000   0.106   29.4    57   20.0   31.4   10.25   1.1432     351     1    100.0   15 
23/08/26  10:15   28.9   29.1   28.7    62   20.9    0.0    ---   0.00   0.0   ---   28.9   31.4   31.4  1015.6   0.00    0.0    0.000   0.111   29.6    57   20.1   31.6   10.24   1.1424     351     1    100.0   15 
23/08/26  10:30   29.0   29.2   28.9    61   20.7    0.0    ---   0.00   0.0   ---   29.0   31.3   31.3  1015.5   0.00    0.0    0.000   0.111   29.7    57   20.2   31.8   10.23   1.1417     351     1    100.0   15 
23/08/26  10:45   29.2   29.4   29.0    60   20.7    1.6    ENE   0.40   9.7    NE   29.2   31.5   31.5  1015.4   0.00    0.0    0.000   0.113   29.8    56   20.1   31.8   10.04   1.1414     351     1    100.0   15 
23/08/26  11:00   29.8   30.2   29.3    57   20.3    1.6    SSO   0.40  14.5    SO   29.8   32.1   32.1  1015.4   0.00    0.0    0.000   0.119   29.8    56   20.1   31.9   10.04   1.1411     352     1    100.0   15 
23/08/26  11:15   30.0   30.1   29.8    57   20.6    4.8      S   1.21  14.5    SO   30.0   32.4   32.4  1015.2   0.00    0.0    0.000   0.122   29.9    56   20.2   32.2   10.03   1.1403     351     1    100.0   15 
23/08/26  11:30   29.9   30.3   29.6    56   20.2    1.6     NO   0.40   9.7   OSO   29.9   32.1   32.1  1014.9   0.00    0.0    0.000   0.120   29.9    56   20.2   32.2   10.03   1.1400     350     1    100.0   15 
23/08/26  11:45   30.4   30.9   30.2    53   19.8    1.6      S   0.40  12.9    SO   30.4   32.6   32.6  1014.9   0.00    0.0    0.000   0.126   30.0    55   20.0   32.1    9.83   1.1401     351     1    100.0   15 
23/08/26  12:00   30.8   30.9   30.7    56   21.0    3.2    OSO   0.80  12.9   SSO   30.8   33.8   33.8  1014.9   0.00    0.0    0.000   0.130   30.1    55   20.1   32.3    9.83   1.1395     352     1    100.0   15 
23/08/26  12:15   30.8   31.2   30.7    56   21.0    1.6     SO   0.40  11.3    SO   30.8   33.8   33.8  1014.7   0.00    0.0    0.000   0.130   30.3    56   20.5   32.8   10.02   1.1379     351     1    100.0   15 
23/08/26  12:30   31.1   31.3   30.7    56   21.3    1.6     SO   0.40  11.3   SSO   31.1   34.2   34.2  1014.6   0.00    0.0    0.000   0.133   30.6    55   20.5   33.3    9.81   1.1365     350     1    100.0   15 
23/08/26  12:45   31.2   31.3   30.8    54   20.8    1.6     SO   0.40  16.1    SO   31.2   33.9   33.9  1014.4   0.00    0.0    0.000   0.134   30.8    55   20.7   33.5    9.80   1.1354     350     1    100.0   15 
23/08/26  13:00   31.3   31.5   31.2    55   21.2    3.2    SSO   0.80  12.9    SE   31.3   34.4   34.4  1014.2   0.00    0.0    0.000   0.135   30.9    54   20.6   33.6    9.70   1.1348     351     1    100.0   15 
23/08/26  13:15   31.9   32.1   31.5    53   21.1    3.2     SO   0.80  11.3    SO   31.9   35.2   35.2  1014.0   0.00    0.0    0.000   0.141   31.2    54   20.8   33.9    9.69   1.1334     351     1    100.0   15 
23/08/26  13:30   32.2   32.4   32.1    55   22.0    3.2    ENE   0.80  14.5     E   32.2   36.3   36.3  1013.8   0.00    0.0    0.000   0.145   31.3    54   20.9   34.2    9.68   1.1326     350     1    100.0   15 
23/08/26  13:45   32.1   32.3   31.6    57   22.5    4.8    ESE   1.21  14.5   ESE   32.1   36.5   36.5  1013.8   0.00    0.0    0.000   0.143   31.6    55   21.4   34.9    9.77   1.1305     351     1    100.0   15 
23/08/26  14:00   31.3   31.6   31.2    56   21.5    4.8      E   1.21  16.1     E   31.3   34.6   34.6  1013.7   0.00    0.0    0.000   0.135   31.7    54   21.3   35.1    9.67   1.1301     351     1    100.0   15 
23/08/26  14:15   31.2   31.4   30.9    59   22.3    1.6    ESE   0.40  14.5   ENE   31.2   35.0   35.0  1013.5   0.00    0.0    0.000   0.134   31.7    55   21.5   35.2    9.77   1.1296     351     1    100.0   15 
23/08/26  14:30   30.8   30.9   30.8    60   22.2    1.6      E   0.40  11.3   ENE   30.8   34.6   34.6  1013.4   0.00    0.0    0.000   0.130   31.7    56   21.8   35.4    9.97   1.1290     351     1    100.0   15 
23/08/26  14:45   30.7   30.8   30.4    61   22.3    6.4      S   1.61  20.9     S   30.7   34.6   34.6  1013.6   0.00    0.0    0.000   0.128   31.6    52   20.5   34.4    9.35   1.1319     351     1    100.0   15 
23/08/26  15:00   30.1   30.4   29.8    63   22.3    8.0    SSO   2.01  20.9     S   30.1   33.9   33.9  1013.9   0.00    0.0    0.000   0.123   30.9    49   18.9   32.6    8.85   1.1372     351     1    100.0   15 
23/08/26  15:15   29.9   30.2   29.6    63   22.1    8.0    SSO   2.01  20.9     O   29.9   33.6   33.6  1014.0   0.00    0.0    0.000   0.121   30.5    48   18.2   31.8    8.71   1.1399     352     1    100.0   15 
23/08/26  15:30   29.3   29.6   28.9    66   22.3    8.0      S   2.01  20.9     S   29.3   32.7   32.7  1013.9   0.00    0.0    0.000   0.114   30.2    48   18.0   31.4    8.72   1.1412     351     1    100.0   15 
23/08/26  15:45   28.9   29.0   28.8    66   21.9    6.4    SSE   1.61  20.9     S   28.9   31.9   31.9  1014.1   0.00    0.0    0.000   0.110   29.9    46   17.1   30.7    8.43   1.1439     351     1    100.0   15 
23/08/26  16:00   28.7   28.8   28.6    66   21.7    8.0    SSO   2.01  16.1     O   28.7   31.4   31.4  1014.0   0.00    0.0    0.000   0.108   29.6    45   16.4   30.2    8.24   1.1459     350     1    100.0   15 
23/08/26  16:15   28.8   28.8   28.7    66   21.8    3.2     SO   0.80  14.5   SSE   28.8   31.7   31.7  1014.1   0.00    0.0    0.000   0.109   29.3    45   16.2   29.9    8.25   1.1474     351     1    100.0   15 
23/08/26  16:30   28.2   28.7   27.9    68   21.8    6.4      S   1.61  16.1     S   28.2   30.8   30.8  1014.3   0.00    0.0    0.000   0.103   29.2    45   16.0   29.8    8.26   1.1484     352     1    100.0   15 
23/08/26  16:45   27.8   27.9   27.7    69   21.6    4.8      S   1.21  12.9     S   27.8   30.2   30.2  1014.3   0.00    0.0    0.000   0.099   29.0    45   15.9   29.6    8.27   1.1493     351     1    100.0   15 
23/08/26  17:00   27.4   27.7   27.3    69   21.2    4.8      S   1.21  17.7     S   27.4   29.4   29.4  1014.1   0.00    0.0    0.000   0.095   28.8    47   16.4   29.6    8.57   1.1490     351     1    100.0   15 
23/08/26  17:15   27.1   27.3   27.1    70   21.2    4.8      S   1.21  12.9     S   27.1   28.9   28.9  1013.9   0.00    0.0    0.000   0.091   29.0    55   19.0   30.5    9.85   1.1443     350     1    100.0   15 
23/08/26  17:30   26.9   27.1   26.8    71   21.2    4.8    SSO   1.21  12.9   SSO   26.9   28.7   28.7  1013.9   0.00    0.0    0.000   0.090   29.2    57   19.8   31.1   10.24   1.1422     350     1    100.0   15 
23/08/26  17:45   26.7   26.8   26.6    71   21.0    4.8      S   1.21  12.9     O   26.7   28.3   28.3  1013.6   0.00    0.0    0.000   0.087   29.4    58   20.3   31.4   10.35   1.1404     351     1    100.0   15 
23/08/26  18:00   26.4   26.6   26.2    72   20.9    4.8      S   1.21  14.5     S   26.4   27.9   27.9  1013.5   0.00    0.0    0.000   0.084   29.4    58   20.3   31.4   10.35   1.1404     350     1    100.0   15 
23/08/26  18:15   26.1   26.2   26.1    74   21.1    3.2      S   0.80  11.3   SSO   26.1   27.7   27.7  1013.7   0.00    0.0    0.000   0.081   29.3    59   20.5   31.6   10.55   1.1404     351     1    100.0   15 
23/08/26  18:30   25.9   26.1   25.7    75   21.1    4.8      S   1.21  12.9   ESE   25.9   27.4   27.4  1013.8   0.00    0.0    0.000   0.079   29.3    60   20.7   31.6   10.75   1.1403     351     1    100.0   15 
23/08/26  18:45   25.6   25.8   25.5    76   21.1    1.6     SO   0.40   6.4    SO   25.6   27.2   27.2  1014.5   0.00    0.0    0.000   0.076   29.2    60   20.7   31.5   10.75   1.1415     351     1    100.0   15 
23/08/26  19:00   25.4   25.5   25.3    77   21.1    1.6    OSO   0.40   8.0     O   25.4   27.0   27.0  1014.0   0.00    0.0    0.000   0.073   29.3    60   20.7   31.6   10.75   1.1405     351     1    100.0   15 
23/08/26  19:15   25.2   25.3   25.1    78   21.1    1.6    OSO   0.40   6.4     O   25.2   26.8   26.8  1014.2   0.00    0.0    0.000   0.072   29.2    61   20.9   31.7   10.95   1.1406     351     1    100.0   15 
23/08/26  19:30   25.1   25.1   24.9    79   21.2    0.0     SE   0.00   4.8     S   25.1   26.7   26.7  1014.3   0.00    0.0    0.000   0.070   29.1    62   21.1   31.7   11.06   1.1409     351     1    100.0   15 
23/08/26  19:45   24.9   25.0   24.8    80   21.2    1.6      S   0.40   4.8   SSO   24.9   26.6   26.6  1014.5   0.00    0.0    0.000   0.068   29.0    62   21.0   31.5   11.07   1.1417     351     1    100.0   15 
23/08/26  20:00   24.8   24.8   24.8    80   21.1    0.0      S   0.00   3.2     S   24.8   26.4   26.4  1014.9   0.00    0.0    0.000   0.067   28.8    63   21.1   31.3   11.27   1.1426     350     1    100.0   15 
23/08/26  20:15   24.7   24.8   24.7    81   21.2    0.0    ---   0.00   0.0   ---   24.7   26.4   26.4  1015.0   0.00    0.0    0.000   0.067   28.8    63   21.0   31.2   11.27   1.1430     350     1    100.0   15 
23/08/26  20:30   24.6   24.7   24.5    81   21.1    0.0    ---   0.00   0.0   ---   24.6   26.2   26.2  1015.1   0.00    0.0    0.000   0.065   28.7    63   21.0   31.1   11.28   1.1434     351     1    100.0   15 
23/08/26  20:45   24.4   24.5   24.3    82   21.2    0.0     SO   0.00   3.2     S   24.4   26.1   26.1  1015.1   0.00    0.0    0.000   0.064   28.7    63   20.9   30.9   11.28   1.1437     352     1    100.0   15 
23/08/26  21:00   24.2   24.3   24.2    83   21.2    0.0    ---   0.00   0.0   ---   24.2   25.9   25.9  1015.0   0.00    0.0    0.000   0.061   28.6    64   21.1   31.0   11.48   1.1435     351     1    100.0   15 
23/08/26  21:15   24.2   24.2   24.2    83   21.1    0.0    ---   0.00   0.0   ---   24.2   25.8   25.8  1014.7   0.00    0.0    0.000   0.061   28.6    64   21.1   30.9   11.48   1.1434     350     1    100.0   15 
23/08/26  21:30   24.2   24.2   24.1    83   21.1    0.0    ---   0.00   0.0   ---   24.2   25.8   25.8  1014.6   0.00    0.0    0.000   0.061   28.5    64   21.0   30.7   11.48   1.1436     351     1    100.0   15 
23/08/26  21:45   24.1   24.1   24.1    83   21.0    0.0     SO   0.00   3.2    SO   24.1   25.7   25.7  1014.5   0.00    0.0    0.000   0.060   28.4    64   20.9   30.5   11.49   1.1441     351     1    100.0   15 
23/08/26  22:00   24.0   24.1   23.9    83   20.9    0.0    OSO   0.00   3.2   OSO   24.0   25.6   25.6  1014.5   0.00    0.0    0.000   0.059   28.3    64   20.9   30.4   11.49   1.1444     351     1    100.0   15 
23/08/26  22:15   23.9   23.9   23.8    84   21.0    0.0    OSO   0.00   1.6   OSO   23.9   25.5   25.5  1014.6   0.00    0.0    0.000   0.058   28.4    64   20.9   30.5   11.49   1.1442     351     1    100.0   15 
23/08/26  22:30   23.9   23.9   23.9    83   20.8    0.0    ---   0.00   0.0   ---   23.9   25.4   25.4  1014.7   0.00    0.0    0.000   0.058   28.4    64   21.0   30.6   11.49   1.1440     351     1    100.0   15 
23/08/26  22:45   24.0   24.0   23.9    83   20.9    0.0    ---   0.00   0.0   ---   24.0   25.6   25.6  1014.7   0.00    0.0    0.000   0.059   28.5    64   21.0   30.7   11.48   1.1437     351     1    100.0   15 
23/08/26  23:00   23.9   24.0   23.9    83   20.9    0.0    ---   0.00   0.0   ---   23.9   25.5   25.5  1014.7   0.00    0.0    0.000   0.058   28.4    64   21.0   30.6   11.49   1.1440     351     1    100.0   15 
23/08/26  23:15   23.9   23.9   23.9    83   20.9    0.0     SO   0.00   1.6    SO   23.9   25.5   25.5  1014.7   0.00    0.0    0.000   0.058   28.4    64   20.9   30.5   11.49   1.1443     351     1    100.0   15 
23/08/26  23:30   23.9   23.9   23.8    83   20.8    0.0    ESE   0.00   3.2    SO   23.9   25.4   25.4  1014.7   0.00    0.0    0.000   0.058   28.3    64   20.9   30.4   11.49   1.1446     351     1    100.0   15 
23/08/26  23:45   23.8   23.9   23.8    84   21.0    0.0    ESE   0.00   3.2   ESE   23.8   25.4   25.4  1014.6   0.00    0.0    0.000   0.057   28.3    65   21.1   30.4   11.69   1.1444     351     1    100.0   15 
24/08/26  00:00   23.7   23.8   23.6    84   20.9    0.0    ESE   0.00   1.6   ESE   23.7   25.2   25.2  1014.5   0.00    0.0    0.000   0.056   28.2    65   21.0   30.3   11.69   1.1446     352     1    100.0   15 
24/08/26   0:15   23.6   23.7   23.4    85   20.9    0.0    ---   0.00   0.0   ---   23.6   24.9   24.9  1014.5   0.00    0.0    0.000   0.054   28.2    65   21.0   30.2   11.70   1.1448     350     1    100.0   15 
24/08/26   0:30   23.4   23.4   23.3    85   20.7    1.6    ESE   0.40   4.8   ESE   23.4   24.7   24.7  1014.5   0.00    0.0    0.000   0.053   28.1    65   20.9   30.1   11.70   1.1451     349     1    100.0   15 
24/08/26   0:45   23.3   23.3   23.2    86   20.8    0.0    ESE   0.00   4.8   ESE   23.3   24.5   24.5  1014.3   0.00    0.0    0.000   0.052   28.1    65   20.9   30.1   11.70   1.1452     351     1    100.0   15 
24/08/26   1:00   23.2   23.2   23.2    86   20.7    1.6    ESE   0.40   4.8   ESE   23.2   24.4   24.4  1013.9   0.00    0.0    0.000   0.051   28.0    65   20.8   29.9   11.70   1.1451     351     1    100.0   15 
24/08/26   1:15   23.2   23.2   23.1    86   20.7    0.0    ESE   0.00   3.2   ESE   23.2   24.4   24.4  1013.7   0.00    0.0    0.000   0.050   27.9    65   20.8   29.8   11.70   1.1451     351     1    100.0   15 
24/08/26   1:30   23.1   23.1   23.0    86   20.6    0.0    ESE   0.00   4.8   ESE   23.1   24.3   24.3  1013.5   0.00    0.0    0.000   0.049   27.9    65   20.8   29.8   11.70   1.1450     352     1    100.0   15 
24/08/26   1:45   22.9   23.0   22.9    87   20.7    1.6      E   0.40   4.8   ESE   22.9   24.2   24.2  1013.4   0.00    0.0    0.000   0.048   27.9    66   20.9   29.9   11.91   1.1447     351     1    100.0   15 
24/08/26   2:00   22.8   22.9   22.8    87   20.6    0.0      E   0.00   3.2     E   22.8   24.1   24.1  1013.4   0.00    0.0    0.000   0.047   27.8    66   20.9   29.8   11.91   1.1450     350     1    100.0   15 
24/08/26   2:15   22.8   22.8   22.7    87   20.5    0.0      E   0.00   4.8     E   22.8   24.1   24.1  1013.5   0.00    0.0    0.000   0.046   27.8    66   20.8   29.7   11.91   1.1454     351     1    100.0   15 
24/08/26   2:30   22.6   22.7   22.6    88   20.5    0.0    NNO   0.00   3.2     E   22.6   23.8   23.8  1013.3   0.00    0.0    0.000   0.045   27.7    66   20.8   29.6   11.91   1.1455     351     1    100.0   15 
24/08/26   2:45   22.5   22.6   22.4    88   20.4    0.0     NO   0.00   3.2    NO   22.5   23.7   23.7  1013.4   0.00    0.0    0.000   0.043   27.7    66   20.7   29.5   11.91   1.1459     351     1    100.0   15 
24/08/26   3:00   22.4   22.4   22.3    88   20.3    0.0     NO   0.00   1.6    NO   22.4   23.6   23.6  1013.3   0.00    0.0    0.000   0.042   27.7    66   20.7   29.5   11.91   1.1458     351     1    100.0   15 
24/08/26   3:15   22.2   22.3   22.1    89   20.3    0.0     NO   0.00   3.2    NO   22.2   23.4   23.4  1012.9   0.00    0.0    0.000   0.041   27.6    66   20.6   29.3   11.92   1.1460     351     1    100.0   15 
24/08/26   3:30   21.9   22.2   21.7    89   20.0    3.2     NO   0.80   4.8    NO   21.9   23.1   23.1  1012.9   0.00    0.0    0.000   0.038   27.5    66   20.6   29.2   11.92   1.1463     352     1    100.0   15 
24/08/26   3:45   21.6   21.7   21.6    90   19.9    1.6     NO   0.40   3.2    NO   21.6   22.8   22.8  1012.9   0.00    0.0    0.000   0.034   27.4    66   20.5   29.0   11.92   1.1468     350     1    100.0   15 
24/08/26   4:00   21.6   21.7   21.4    90   19.8    0.0      S   0.00   4.8     S   21.6   22.8   22.8  1013.1   0.00    0.0    0.000   0.034   27.3    66   20.4   28.9   11.93   1.1474     351     1    100.0   15 
