                 Temp.  Temp.  Temp.  Hum.   Punt   Vel.   Dir.   Rec.  Vel.  Dir.  Sens.   Índ.   Índ.                  Int. Graus D.Graus D.  Temp.  Hum. Rosada  In.Cal.  EMC     Dens.    Mostr   Tx   Recep.  Int.
  Data    Hora    Ext.   Màx.   Mín.  Ext. Rosada   Vent   Vent   Vent  Màx.  Màx.  Tèrm.  Calor   THW    Bar    Pluja   Pluja  Calor    Fred    Int.  Int.   Int.   Int.    Int.  Int.Aire    Vent   Vent   ISS   Arc.
-------------------------------------------------------------------------------------------------------------------------------------------------------------------------------------------------------------------------
15/08/26   0:15   25.4   25.5   25.3    50   14.2    1.6    OSO   0.40   6.4   OSO   25.4   25.3   25.3  1012.6   0.00    0.0    0.000   0.073   28.3    44   14.9   28.5    8.15   1.1511     349     1    100.0   15 
15/08/26   0:30   25.5   25.6   25.4    50   14.3    0.0     NO   0.00   3.2    NO   25.5   25.5   25.5  1012.6   0.00    0.0    0.000   0.075   28.3    43   14.6   28.4    7.99   1.1515     350     1    100.0   15 
15/08/26   0:45   25.6   25.7   25.6    48   13.7    0.0    ONO   0.00   3.2   ONO   25.6   25.4   25.4  1012.6   0.00    0.0    0.000   0.075   28.4    43   14.6   28.5    7.99   1.1513     351     1    100.0   15 
15/08/26   1:00   25.8   25.8   25.7    49   14.3    1.6    NNO   0.40   3.2   NNO   25.8   25.8   25.8  1012.6   0.00    0.0    0.000   0.078   28.4    43   14.6   28.5    7.99   1.1512     351     1    100.0   15 
15/08/26   1:15   25.9   26.0   25.8    48   14.0    0.0    NNO   0.00   3.2   NNO   25.9   25.8   25.8  1012.6   0.00    0.0    0.000   0.079   28.4    43   14.7   28.6    7.99   1.1510     352     1    100.0   15 
15/08/26   1:30   25.9   26.1   25.7    49   14.4    1.6     NO   0.40   4.8   NNO   25.9   25.9   25.9  1012.6   0.00    0.0    0.000   0.079   28.5    43   14.7   28.7    7.98   1.1507     351     1    100.0   15 
15/08/26   1:45   25.6   25.7   25.3    50   14.4    0.0    ---   0.00   0.0   ---   25.6   25.6   25.6  1012.6   0.00    0.0    0.000   0.075   28.6    43   14.8   28.8    7.98   1.1505     351     1    100.0   15 
15/08/26   2:00   25.1   25.3   24.9    51   14.3    0.0    ---   0.00   0.0   ---   25.1   25.1   25.1  1012.5   0.00    0.0    0.000   0.071   28.6    43   14.8   28.8    7.98   1.1503     351     1    100.0   15 
15/08/26   2:15   24.7   24.9   24.5    54   14.7    1.6     NO   0.40   8.0    NO   24.7   24.8   24.8  1012.4   0.00    0.0    0.000   0.066   28.6    44   15.1   28.9    8.15   1.1498     349     1    100.0   15 
15/08/26   2:30   24.4   24.5   24.4    54   14.5    0.0     NO   0.00   4.8    NO   24.4   24.6   24.6  1012.4   0.00    0.0    0.000   0.063   28.5    44   15.1   28.8    8.15   1.1501     351     1    100.0   15 
15/08/26   2:45   24.5   24.6   24.4    54   14.6    0.0     NO   0.00   1.6    NO   24.5   24.6   24.6  1012.4   0.00    0.0    0.000   0.064   28.6    44   15.1   28.9    8.15   1.1498     351     1    100.0   15 
15/08/26   3:00   24.8   24.9   24.6    52   14.3    0.0     NO   0.00   1.6    NO   24.8   24.8   24.8  1012.3   0.00    0.0    0.000   0.067   28.6    44   15.1   28.9    8.15   1.1497     350     1    100.0   15 
15/08/26   3:15   24.8   24.9   24.6    53   14.6    0.0    SSO   0.00   3.2   SSO   24.8   24.9   24.9  1012.3   0.00    0.0    0.000   0.068   28.6    44   15.1   28.9    8.15   1.1496     351     1    100.0   15 
15/08/26   3:30   24.5   24.6   24.4    54   14.6    0.0     SE   0.00   3.2    SE   24.5   24.6   24.6  1012.1   0.00    0.0    0.000   0.064   28.6    44   15.1   28.9    8.15   1.1495     352     1    100.0   15 
15/08/26   3:45   24.5   24.5   24.4    54   14.6    0.0     SE   0.00   3.2    SE   24.5   24.6   24.6  1012.2   0.00    0.0    0.000   0.064   28.6    44   15.1   28.9    8.15   1.1496     351     1    100.0   15 
15/08/26   4:00   24.4   24.5   24.3    55   14.8    1.6    ENE   0.40   8.0   ENE   24.4   24.6   24.6  1012.1   0.00    0.0    0.000   0.064   28.5    44   15.1   28.8    8.15   1.1497     351     1    100.0   15 
15/08/26   4:15   24.2   24.3   24.1    55   14.6    0.0    ENE   0.00   4.8   ENE   24.2   24.4   24.4  1012.2   0.00    0.0    0.000   0.061   28.4    44   15.0   28.7    8.15   1.1501     351     1    100.0   15 
15/08/26   4:30   24.1   24.1   23.9    55   14.5    0.0     NO   0.00   4.8    NO   24.1   24.3   24.3  1012.2   0.00    0.0    0.000   0.060   28.4    44   15.0   28.7    8.15   1.1501     352     1    100.0   15 
15/08/26   4:45   23.8   23.9   23.6    56   14.5    0.0    ---   0.00   0.0   ---   23.8   24.1   24.1  1012.2   0.00    0.0    0.000   0.057   28.4    44   15.0   28.6    8.15   1.1503     351     1    100.0   15 
15/08/26   5:00   23.2   23.6   22.8    59   14.8    0.0    OSO   0.00   6.4   OSO   23.2   23.5   23.5  1012.3   0.00    0.0    0.000   0.051   28.4    45   15.3   28.7    8.29   1.1500     351     1    100.0   15 
15/08/26   5:15   22.4   22.7   22.3    60   14.3    0.0     NO   0.00   4.8    NO   22.4   22.5   22.5  1012.4   0.00    0.0    0.000   0.043   28.3    45   15.2   28.5    8.29   1.1507     350     1    100.0   15 
15/08/26   5:30   22.2   22.2   22.2    60   14.1    0.0    ---   0.00   0.0   ---   22.2   22.2   22.2  1012.6   0.00    0.0    0.000   0.041   28.2    45   15.2   28.4    8.29   1.1512     351     1    100.0   15 
15/08/26   5:45   22.3   22.4   22.2    60   14.1    0.0    ---   0.00   0.0   ---   22.3   22.3   22.3  1012.7   0.00    0.0    0.000   0.041   28.2    45   15.2   28.4    8.29   1.1513     351     1    100.0   15 
15/08/26   6:00   22.7   22.8   22.4    60   14.5    0.0    ONO   0.00   4.8     O   22.7   22.8   22.8  1012.7   0.00    0.0    0.000   0.045   28.2    45   15.1   28.3    8.30   1.1517     350     1    100.0   15 
15/08/26   6:15   23.1   23.7   22.8    58   14.4    0.0    ---   0.00   0.0   ---   23.1   23.3   23.3  1012.8   0.00    0.0    0.000   0.050   28.2    45   15.2   28.4    8.29   1.1515     351     1    100.0   15 
15/08/26   6:30   24.2   24.6   23.7    55   14.6    0.0      E   0.00   3.2     E   24.2   24.4   24.4  1012.9   0.00    0.0    0.000   0.061   28.3    45   15.3   28.6    8.29   1.1510     351     1    100.0   15 
15/08/26   6:45   24.6   24.7   24.5    55   14.9    0.0    ---   0.00   0.0   ---   24.6   24.7   24.7  1013.0   0.00    0.0    0.000   0.065   28.4    44   15.0   28.7    8.15   1.1510     352     1    100.0   15 
15/08/26   7:00   24.7   24.8   24.5    54   14.7    0.0    ---   0.00   0.0   ---   24.7   24.8   24.8  1013.1   0.00    0.0    0.000   0.066   28.7    44   15.2   29.1    8.15   1.1500     351     1    100.0   15 
15/08/26   7:15   25.5   26.2   24.8    53   15.2    0.0    ESE   0.00   3.2   ESE   25.5   25.7   25.7  1013.2   0.00    0.0    0.000   0.075   28.9    44   15.5   29.4    8.15   1.1487     351     1    100.0   15 
15/08/26   7:30   26.4   26.8   26.2    50   15.2    0.0      E   0.00  11.3     E   26.4   26.5   26.5  1013.1   0.00    0.0    0.000   0.084   29.2    44   15.7   29.7    8.15   1.1476     351     1    100.0   15 
15/08/26   7:45   27.1   27.2   26.8    50   15.8    0.0      E   0.00  11.3     E   27.1   27.2   27.2  1013.1   0.00    0.0    0.000   0.091   29.4    44   15.9   29.8    8.15   1.1465     351     1    100.0   15 
15/08/26   8:00   27.4   27.5   27.2    51   16.4    1.6    ENE   0.40  16.1     E   27.4   27.7   27.7  1013.1   0.00    0.0    0.000   0.094   29.5    44   16.0   29.9    8.15   1.1459     351     1    100.0   15 
15/08/26   8:15   27.6   27.9   27.3    57   18.3    4.8    ENE   1.21  12.9   ENE   27.6   28.4   28.4  1013.2   0.00    0.0    0.000   0.096   29.6    47   17.1   30.4    8.54   1.1441     351     1    100.0   15 
15/08/26   8:30   28.2   28.3   27.9    63   20.5    4.8    ESE   1.21  14.5   ESE   28.2   30.1   30.1  1013.3   0.00    0.0    0.000   0.103   29.8    53   19.2   31.4    9.54   1.1401     351     1    100.0   15 
15/08/26   8:45   28.4   28.6   28.2    65   21.2    4.8    ENE   1.21  14.5   ESE   28.4   30.6   30.6  1013.2   0.00    0.0    0.000   0.105   30.1    55   20.0   32.2    9.83   1.1379     352     1    100.0   15 
15/08/26   9:00   28.8   28.9   28.6    65   21.5    6.4      E   1.61  20.9     E   28.8   31.5   31.5  1013.3   0.00    0.0    0.000   0.109   30.2    56   20.5   32.7   10.02   1.1366     351     1    100.0   15 
15/08/26   9:15   29.3   29.9   28.8    62   21.3    3.2    ESE   0.80  16.1   ENE   29.3   32.1   32.1  1013.2   0.00    0.0    0.000   0.115   30.4    56   20.7   33.2   10.01   1.1353     351     1    100.0   15 
15/08/26   9:30   29.9   30.1   29.8    61   21.6    4.8      E   1.21  17.7   ENE   29.9   33.2   33.2  1013.3   0.00    0.0    0.000   0.121   30.7    56   20.9   33.6   10.01   1.1342     351     1    100.0   15 
15/08/26   9:45   30.2   30.5   30.1    60   21.6    4.8      E   1.21  14.5     E   30.2   33.5   33.5  1013.4   0.00    0.0    0.000   0.124   30.9    54   20.5   33.4    9.70   1.1342     351     1    100.0   15 
15/08/26  10:00   30.8   31.1   30.5    58   21.6    3.2    ENE   0.80  12.9     E   30.8   34.2   34.2  1013.4   0.00    0.0    0.000   0.130   30.6    48   18.3   32.0    8.71   1.1387     351     1    100.0   15 
15/08/26  10:15   31.5   32.0   31.1    56   21.7    3.2    SSE   0.80  12.9   ESE   31.5   35.1   35.1  1013.5   0.00    0.0    0.000   0.137   30.1    46   17.2   30.9    8.43   1.1423     351     1    100.0   15 
15/08/26  10:30   32.0   32.1   31.9    56   22.1    3.2    ENE   0.80  12.9     E   32.0   36.1   36.1  1013.3   0.00    0.0    0.000   0.142   29.9    45   16.7   30.5    8.23   1.1437     351     1    100.0   15 
15/08/26  10:45   32.2   32.3   32.1    54   21.7    4.8    ENE   1.21  17.7   ENE   32.2   36.1   36.1  1013.3   0.00    0.0    0.000   0.145   29.7    45   16.5   30.3    8.24   1.1445     351     1    100.0   15 
15/08/26  11:00   32.5   32.7   32.3    51   21.1    4.8      E   1.21  20.9     E   32.5   35.9   35.9  1013.3   0.00    0.0    0.000   0.148   29.6    45   16.4   30.2    8.24   1.1451     352     1    100.0   15 
15/08/26  11:15   32.9   33.0   32.7    51   21.4    4.8      E   1.21  14.5   ESE   32.9   36.7   36.7  1013.2   0.00    0.0    0.000   0.152   29.6    46   16.8   30.3    8.44   1.1445     350     1    100.0   15 
15/08/26  11:30   32.8   33.0   32.7    52   21.7    8.0    ENE   2.01  17.7     E   32.8   36.9   36.9  1013.1   0.00    0.0    0.000   0.151   29.7    47   17.2   30.5    8.54   1.1433     351     1    100.0   15 
15/08/26  11:45   32.9   33.1   32.7    54   22.4    4.8      E   1.21  17.7   ESE   32.9   37.6   37.6  1012.9   0.00    0.0    0.000   0.152   29.8    47   17.3   30.6    8.54   1.1429     351     1    100.0   15 
15/08/26  12:00   32.3   32.7   32.2    58   23.0    3.2      E   0.80  16.1     E   32.3   37.4   37.4  1012.9   0.00    0.0    0.000   0.146   29.7    47   17.2   30.5    8.54   1.1431     351     1    100.0   15 
15/08/26  12:15   31.7   32.2   31.2    55   21.5    6.4      S   1.61  14.5   ENE   31.7   35.2   35.2  1012.8   0.00    0.0    0.000   0.139   29.6    46   16.8   30.3    8.44   1.1440     351     1    100.0   15 
15/08/26  12:30   31.4   31.6   31.2    58   22.1    6.4    OSO   1.61  14.5     S   31.4   35.2   35.2  1012.5   0.00    0.0    0.000   0.136   29.6    45   16.4   30.2    8.24   1.1441     351     1    100.0   15 
15/08/26  12:45   32.1   32.6   31.6    53   21.3    4.8      S   1.21  11.3   SSO   32.1   35.6   35.6  1012.4   0.00    0.0    0.000   0.144   29.6    45   16.4   30.2    8.24   1.1441     351     1    100.0   15 
15/08/26  13:00   32.9   33.3   32.6    52   21.8    4.8      S   1.21  12.9    SO   32.9   37.1   37.1  1012.5   0.00    0.0    0.000   0.152   29.6    45   16.4   30.1    8.25   1.1444     351     1    100.0   15 
15/08/26  13:15   33.4   33.6   33.3    52   22.2    4.8    SSE   1.21  12.9     E   33.4   38.2   38.2  1012.4   0.00    0.0    0.000   0.157   29.5    43   15.6   29.9    7.95   1.1456     351     1    100.0   15 
15/08/26  13:30   33.6   33.7   33.6    49   21.4    4.8      S   1.21  12.9    SE   33.6   37.6   37.6  1012.1   0.00    0.0    0.000   0.159   29.4    42   15.1   29.7    7.85   1.1462     351     1    100.0   15 
15/08/26  13:45   33.8   34.2   33.6    47   20.9    4.8      S   1.21  16.1    SO   33.8   37.4   37.4  1011.7   0.00    0.0    0.000   0.161   29.3    41   14.7   29.5    7.65   1.1465     351     1    100.0   15 
15/08/26  14:00   34.3   34.4   34.1    49   22.0    6.4      S   1.61  12.9     S   34.3   39.0   39.0  1012.0   0.00    0.0    0.000   0.166   29.3    41   14.7   29.5    7.65   1.1468     351     1    100.0   15 
15/08/26  14:15   34.2   34.2   34.0    50   22.3    6.4      S   1.61  17.7   ESE   34.2   39.1   39.1  1011.9   0.00    0.0    0.000   0.165   29.3    40   14.3   29.4    7.55   1.1472     350     1    100.0   15 
15/08/26  14:30   33.4   34.1   32.6    55   23.1    8.0      S   2.01  17.7     O   33.4   39.1   39.1  1012.0   0.00    0.0    0.000   0.157   29.3    40   14.3   29.4    7.55   1.1476     349     1    100.0   15 
15/08/26  14:45   32.2   32.6   31.3    51   20.8    4.8    OSO   1.21  22.5    SO   32.2   35.3   35.3  1012.5   0.00    0.0    0.000   0.145   29.2    40   14.2   29.3    7.55   1.1487     351     1    100.0   15 
15/08/26  15:00   29.6   31.3   28.7    55   19.6    6.4     NO   1.61  16.1    SO   29.6   31.3   31.3  1013.1   0.00    0.0    0.000   0.117   29.1    40   14.1   29.2    7.55   1.1499     350     1    100.0   15 
15/08/26  15:15   28.6   28.7   28.4    53   18.1    4.8     NO   1.21  17.7     O   28.6   29.7   29.7  1013.4   0.00    0.0    0.000   0.107   29.2    41   14.6   29.4    7.66   1.1493     351     1    100.0   15 
15/08/26  15:30   27.2   28.3   26.6    59   18.5    4.8     NO   1.21  14.5   ENE   27.2   28.1   28.1  1012.9   0.00    0.0    0.000   0.093   29.2    40   14.2   29.3    7.55   1.1492     352     1    100.0   15 
15/08/26  15:45   26.1   26.6   25.3    59   17.5    4.8     NO   1.21  22.5   ENE   26.1   26.7   26.7  1013.0   0.00    0.0    0.000   0.081   29.2    46   16.4   29.9    8.45   1.1462     350     1    100.0   15 
15/08/26  16:00   24.7   25.3   24.2    62   16.9    4.8    NNO   1.21  20.9    NO   24.7   25.2   25.2  1013.0   0.00    0.0    0.000   0.066   29.4    46   16.6   30.1    8.45   1.1454     351     1    100.0   15 
15/08/26  16:15   24.3   24.8   24.1    63   16.8    4.8     NO   1.21  17.7     O   24.3   24.9   24.9  1012.8   0.00    0.0    0.000   0.063   29.3    47   16.9   30.1    8.55   1.1449     350     1    100.0   15 
15/08/26  16:30   25.7   26.4   24.8    56   16.3    4.8     NO   1.21  12.9    NO   25.7   26.1   26.1  1012.4   0.00    0.0    0.000   0.077   29.4    47   16.9   30.1    8.55   1.1442     350     1    100.0   15 
15/08/26  16:45   26.9   27.7   26.4    52   16.3    3.2      O   0.80   8.0    NO   26.9   27.2   27.2  1012.2   0.00    0.0    0.000   0.090   29.6    46   16.7   30.2    8.45   1.1437     351     1    100.0   15 
15/08/26  17:00   27.7   27.8   27.6    50   16.3    1.6      O   0.40  11.3   OSO   27.7   27.9   27.9  1012.3   0.00    0.0    0.000   0.097   29.7    46   16.9   30.4    8.44   1.1429     349     1    100.0   15 
15/08/26  17:15   27.4   27.6   27.2    49   15.8    1.6      E   0.40   9.7     E   27.4   27.6   27.6  1012.1   0.00    0.0    0.000   0.095   29.8    45   16.6   30.4    8.24   1.1426     350     1    100.0   15 
15/08/26  17:30   26.8   27.2   26.3    52   16.1    3.2    ENE   0.80  19.3   ENE   26.8   27.0   27.0  1011.9   0.00    0.0    0.000   0.088   29.8    44   16.3   30.3    8.14   1.1428     352     1    100.0   15 
15/08/26  17:45   26.1   26.3   26.1    52   15.5    3.2     NO   0.80   9.7    NO   26.1   26.3   26.3  1012.0   0.00    0.0    0.000   0.081   29.8    44   16.2   30.3    8.14   1.1432     351     1    100.0   15 
15/08/26  18:00   26.1   26.1   25.8    53   15.7    1.6     NO   0.40   6.4    NO   26.1   26.3   26.3  1012.3   0.00    0.0    0.000   0.080   29.7    44   16.1   30.2    8.14   1.1441     351     1    100.0   15 
15/08/26  18:15   25.9   26.1   25.8    56   16.4    1.6     SO   0.40   6.4    SO   25.9   26.3   26.3  1012.5   0.00    0.0    0.000   0.079   29.6    45   16.4   30.2    8.24   1.1441     351     1    100.0   15 
15/08/26  18:30   25.8   26.0   25.7    58   16.9    3.2    OSO   0.80   8.0   OSO   25.8   26.3   26.3  1012.6   0.00    0.0    0.000   0.078   29.6    46   16.8   30.3    8.44   1.1438     351     1    100.0   15 
15/08/26  18:45   25.5   25.7   25.4    58   16.6    1.6     SO   0.40   6.4    SO   25.5   25.9   25.9  1012.8   0.00    0.0    0.000   0.075   29.6    46   16.8   30.3    8.44   1.1441     351     1    100.0   15 
15/08/26  19:00   25.3   25.4   25.1    58   16.4    1.6     SO   0.40   6.4   OSO   25.3   25.7   25.7  1013.0   0.00    0.0    0.000   0.072   29.6    46   16.7   30.2    8.45   1.1446     351     1    100.0   15 
15/08/26  19:15   25.1   25.1   25.1    58   16.3    0.0     SO   0.00   3.2    SO   25.1   25.4   25.4  1013.2   0.00    0.0    0.000   0.071   29.5    46   16.7   30.2    8.45   1.1451     351     1    100.0   15 
15/08/26  19:30   24.8   25.1   24.6    60   16.5    0.0    ESE   0.00   4.8   SSE   24.8   25.2   25.2  1013.2   0.00    0.0    0.000   0.067   29.4    46   16.6   30.1    8.45   1.1453     351     1    100.0   15 
15/08/26  19:45   24.6   24.6   24.6    60   16.3    0.0    ---   0.00   0.0   ---   24.6   24.9   24.9  1013.4   0.00    0.0    0.000   0.065   29.4    47   16.9   30.1    8.55   1.1454     352     1    100.0   15 
15/08/26  20:00   24.6   24.6   24.6    60   16.3    0.0    ESE   0.00   4.8   ESE   24.6   24.9   24.9  1013.6   0.00    0.0    0.000   0.065   29.3    47   16.9   30.1    8.55   1.1459     350     1    100.0   15 
15/08/26  20:15   24.4   24.6   24.4    61   16.4    1.6      E   0.40   8.0     E   24.4   24.9   24.9  1013.8   0.00    0.0    0.000   0.064   29.3    47   16.8   30.0    8.56   1.1463     351     1    100.0   15 
15/08/26  20:30   24.4   24.4   24.3    62   16.6    0.0    NNO   0.00   4.8   NNO   24.4   24.9   24.9  1013.6   0.00    0.0    0.000   0.063   29.2    47   16.7   29.9    8.56   1.1465     351     1    100.0   15 
15/08/26  20:45   24.1   24.3   23.9    64   16.9    1.6     NO   0.40   4.8    NO   24.1   24.8   24.8  1013.5   0.00    0.0    0.000   0.060   29.2    48   17.0   30.0    8.76   1.1462     351     1    100.0   15 
15/08/26  21:00   23.8   23.9   23.4    66   17.0    1.6     NO   0.40   4.8    NO   23.8   24.6   24.6  1013.7   0.00    0.0    0.000   0.057   29.0    48   16.9   29.8    8.77   1.1472     349     1    100.0   15 
15/08/26  21:15   23.4   23.4   23.3    67   16.9    1.6     NO   0.40   4.8    NO   23.4   24.2   24.2  1013.8   0.00    0.0    0.000   0.053   28.9    49   17.1   29.8    8.87   1.1474     351     1    100.0   15 
15/08/26  21:30   23.4   23.5   23.3    66   16.7    1.6     NO   0.40   4.8    NO   23.4   24.2   24.2  1013.9   0.00    0.0    0.000   0.053   28.8    49   17.0   29.6    8.87   1.1481     351     1    100.0   15 
15/08/26  21:45   23.3   23.4   23.2    67   16.8    3.2     NO   0.80   6.4    NO   23.3   24.0   24.0  1013.9   0.00    0.0    0.000   0.052   28.7    49   16.9   29.4    8.88   1.1487     350     1    100.0   15 
15/08/26  22:00   23.1   23.2   22.9    67   16.6    3.2     NO   0.80   6.4    NO   23.1   23.7   23.7  1014.1   0.00    0.0    0.000   0.049   28.4    49   16.7   29.1    8.89   1.1500     352     1    100.0   15 
15/08/26  22:15   22.8   22.9   22.6    70   17.1    3.2     NO   0.80   4.8    NO   22.8   23.5   23.5  1014.2   0.00    0.0    0.000   0.047   28.3    50   16.9   28.9    9.09   1.1505     350     1    100.0   15 
15/08/26  22:30   22.6   22.6   22.4    71   17.0    1.6     NO   0.40   4.8    NO   22.6   23.1   23.1  1014.3   0.00    0.0    0.000   0.044   28.2    51   17.1   28.8    9.30   1.1508     351     1    100.0   15 
15/08/26  22:45   22.3   22.4   22.1    72   17.0    3.2     NO   0.80   6.4    NO   22.3   22.8   22.8  1014.3   0.00    0.0    0.000   0.042   28.1    52   17.3   28.7    9.40   1.1509     349     1    100.0   15 
15/08/26  23:00   21.8   22.1   21.8    73   16.8    3.2     NO   0.80   6.4    NO   21.8   22.2   22.2  1014.3   0.00    0.0    0.000   0.036   27.9    52   17.2   28.6    9.40   1.1515     352     1    100.0   15 
15/08/26  23:15   21.8   21.9   21.8    74   17.0    1.6     NO   0.40   4.8    NO   21.8   22.3   22.3  1014.3   0.00    0.0    0.000   0.036   27.9    52   17.1   28.4    9.41   1.1518     351     1    100.0   15 
15/08/26  23:30   21.9   22.0   21.8    73   16.9    1.6     NO   0.40   6.4    NO   21.9   22.4   22.4  1014.3   0.00    0.0    0.000   0.038   27.9    53   17.4   28.6    9.61   1.1514     349     1    100.0   15 
15/08/26  23:45   21.7   21.8   21.6    74   16.8    0.0     NO   0.00   1.6    NO   21.7   22.1   22.1  1014.2   0.00    0.0    0.000   0.035   27.9    52   17.1   28.4    9.41   1.1517     351     1    100.0   15 
16/08/26  00:00   21.5   21.6   21.4    75   16.9    3.2     NO   0.80   6.4    NO   21.5   21.9   21.9  1014.2   0.00    0.0    0.000   0.033   27.8    53   17.4   28.4    9.61   1.1515     350     1    100.0   15 
16/08/26   0:15   21.3   21.6   21.1    76   16.9    3.2     NO   0.80   6.4    NO   21.3   21.7   21.7  1014.3   0.00    0.0    0.000   0.031   27.8    53   17.3   28.4    9.61   1.1519     350     1    100.0   15 
16/08/26   0:30   21.0   21.1   20.9    76   16.6    1.6    OSO   0.40   4.8   SSO   21.0   21.4   21.4  1014.5   0.00    0.0    0.000   0.028   27.7    53   17.2   28.2    9.61   1.1528     352     1    100.0   15 
16/08/26   0:45   20.8   20.9   20.7    78   16.8    0.0    OSO   0.00   4.8   OSO   20.8   21.4   21.4  1014.6   0.00    0.0    0.000   0.025   27.7    53   17.2   28.2    9.61   1.1529     351     1    100.0   15 
16/08/26   1:00   20.7   20.8   20.7    79   16.9    0.0     SO   0.00   3.2    SO   20.7   21.4   21.4  1014.6   0.00    0.0    0.000   0.025   27.6    53   17.2   28.1    9.62   1.1532     350     1    100.0   15 
16/08/26   1:15   20.8   20.8   20.7    78   16.8    1.6    ONO   0.40   6.4    NO   20.8   21.4   21.4  1014.2   0.00    0.0    0.000   0.025   27.6    53   17.2   28.1    9.62   1.1527     350     1    100.0   15 
16/08/26   1:30   20.9   21.0   20.9    76   16.6    4.8     NO   1.21   8.0    NO   20.9   21.4   21.4  1013.7   0.00    0.0    0.000   0.027   27.6    53   17.1   28.1    9.62   1.1524     352     1    100.0   15 
16/08/26   1:45   20.9   20.9   20.8    77   16.7    1.6     NO   0.40   8.0    NO   20.9   21.4   21.4  1013.3   0.00    0.0    0.000   0.027   27.4    53   17.0   27.9    9.62   1.1526     351     1    100.0   15 
16/08/26   2:00   20.9   21.0   20.8    78   17.0    1.6    SSO   0.40  11.3    SO   20.9   21.5   21.5  1013.8   0.00    0.0    0.000   0.027   27.4    54   17.3   27.9    9.75   1.1530     350     1    100.0   15 
16/08/26   2:15   20.8   20.8   20.8    78   16.8    1.6     NO   0.40   4.8   SSO   20.8   21.4   21.4  1013.8   0.00    0.0    0.000   0.025   27.4    54   17.3   27.9    9.75   1.1529     351     1    100.0   15 
16/08/26   2:30   20.9   20.9   20.8    77   16.7    0.0     NO   0.00   1.6    NO   20.9   21.4   21.4  1013.7   0.00    0.0    0.000   0.027   27.3    54   17.2   27.8    9.75   1.1531     352     1    100.0   15 
16/08/26   2:45   20.8   20.9   20.8    78   16.9    0.0     NO   0.00   1.6    NO   20.8   21.4   21.4  1013.7   0.00    0.0    0.000   0.026   27.3    54   17.2   27.8    9.75   1.1531     351     1    100.0   15 
16/08/26   3:00   20.8   20.8   20.7    78   16.8    0.0     NO   0.00   3.2    NO   20.8   21.4   21.4  1013.7   0.00    0.0    0.000   0.025   27.3    54   17.2   27.7    9.75   1.1534     350     1    100.0   15 
16/08/26   3:15   20.9   20.9   20.8    77   16.8    0.0    ENE   0.00   4.8   ENE   20.9   21.4   21.4  1013.7   0.00    0.0    0.000   0.027   27.3    54   17.2   27.7    9.75   1.1534     351     1    100.0   15 
16/08/26   3:30   20.9   20.9   20.9    77   16.8    0.0    ENE   0.00   1.6   ENE   20.9   21.4   21.4  1013.5   0.00    0.0    0.000   0.027   27.2    54   17.1   27.7    9.75   1.1535     351     1    100.0   15 
16/08/26   3:45   20.9   20.9   20.8    77   16.7    0.0    ENE   0.00   1.6   ENE   20.9   21.4   21.4  1013.8   0.00    0.0    0.000   0.027   27.2    54   17.1   27.7    9.75   1.1538     351     1    100.0   15 
16/08/26   4:00   20.8   20.9   20.8    77   16.7    0.0    ENE   0.00   1.6   ENE   20.8   21.4   21.4  1013.6   0.00    0.0    0.000   0.026   27.2    54   17.1   27.6    9.75   1.1539     351     1    100.0   15 
