                 Temp.  Temp.  Temp.  Hum.   Punt   Vel.   Dir.   Rec.  Vel.  Dir.  Sens.   Índ.   Índ.                  Int. Graus D.Graus D.  Temp.  Hum. Rosada  In.Cal.  EMC     Dens.    Mostr   Tx   Recep.  Int.
  Data    Hora    Ext.   Màx.   Mín.  Ext. Rosada   Vent   Vent   Vent  Màx.  Màx.  Tèrm.  Calor   THW    Bar    Pluja   Pluja  Calor    Fred    Int.  Int.   Int.   Int.    Int.  Int.Aire    Vent   Vent   ISS   Arc.
-------------------------------------------------------------------------------------------------------------------------------------------------------------------------------------------------------------------------
17/08/26   0:15   24.7   24.7   24.6    74   19.7    0.0    ONO   0.00   3.2   NNO   24.7   25.9   25.9  1015.4   0.00    0.0    0.000   0.066   28.4    59   19.7   29.9   10.55   1.1471     349     1    100.0   15 
17/08/26   0:30   24.6   24.6   24.6    74   19.7    0.0    ---   0.00   0.0   ---   24.6   25.9   25.9  1015.4   0.00    0.0    0.000   0.065   28.4    58   19.4   29.9   10.35   1.1476     351     1    100.0   15 
17/08/26   0:45   24.5   24.6   24.4    73   19.3    1.6    ONO   0.40   4.8   ONO   24.5   25.7   25.7  1015.3   0.00    0.0    0.000   0.064   28.4    58   19.4   29.9   10.35   1.1474     352     1    100.0   15 
17/08/26   1:00   24.2   24.4   23.9    74   19.2    3.2    ONO   0.80   4.8   ONO   24.2   25.3   25.3  1015.3   0.00    0.0    0.000   0.061   28.4    57   19.0   29.7   10.21   1.1481     351     1    100.0   15 
17/08/26   1:15   23.8   23.9   23.8    75   19.1    1.6    ONO   0.40   4.8   ONO   23.8   25.0   25.0  1015.1   0.00    0.0    0.000   0.057   28.3    57   19.0   29.6   10.21   1.1483     350     1    100.0   15 
17/08/26   1:30   23.7   23.8   23.7    77   19.4    0.0    ONO   0.00   1.6   ONO   23.7   24.9   24.9  1015.1   0.00    0.0    0.000   0.056   28.3    58   19.3   29.7   10.35   1.1478     349     1    100.0   15 
17/08/26   1:45   23.6   23.7   23.4    78   19.5    0.0    ---   0.00   0.0   ---   23.6   24.7   24.7  1015.2   0.00    0.0    0.000   0.054   28.3    58   19.2   29.6   10.35   1.1482     351     1    100.0   15 
17/08/26   2:00   23.4   23.4   23.3    78   19.3    0.0    ---   0.00   0.0   ---   23.4   24.5   24.5  1015.2   0.00    0.0    0.000   0.053   28.3    58   19.2   29.6   10.35   1.1482     351     1    100.0   15 
17/08/26   2:15   23.3   23.3   23.2    79   19.4    0.0    ONO   0.00   1.6   ONO   23.3   24.4   24.4  1015.0   0.00    0.0    0.000   0.052   28.2    58   19.2   29.5   10.35   1.1482     350     1    100.0   15 
17/08/26   2:30   23.1   23.3   22.9    80   19.5    0.0    ONO   0.00   3.2   ONO   23.1   24.2   24.2  1015.2   0.00    0.0    0.000   0.050   28.2    59   19.4   29.6   10.55   1.1481     351     1    100.0   15 
17/08/26   2:45   22.8   22.9   22.7    81   19.3    0.0    ---   0.00   0.0   ---   22.8   23.8   23.8  1015.1   0.00    0.0    0.000   0.046   28.2    59   19.4   29.5   10.55   1.1483     352     1    100.0   15 
17/08/26   3:00   22.6   22.7   22.6    81   19.2    0.0    ---   0.00   0.0   ---   22.6   23.6   23.6  1015.1   0.00    0.0    0.000   0.045   28.1    59   19.3   29.4   10.55   1.1485     350     1    100.0   15 
17/08/26   3:15   22.5   22.6   22.4    82   19.3    0.0    ---   0.00   0.0   ---   22.5   23.4   23.4  1015.1   0.00    0.0    0.000   0.043   28.1    59   19.3   29.3   10.55   1.1488     350     1    100.0   15 
17/08/26   3:30   22.3   22.4   22.1    83   19.2    0.0    ONO   0.00   1.6   ONO   22.3   23.2   23.2  1014.8   0.00    0.0    0.000   0.041   28.0    60   19.5   29.3   10.75   1.1483     350     1    100.0   15 
17/08/26   3:45   22.0   22.1   21.9    85   19.4    0.0    ONO   0.00   1.6   ONO   22.0   23.0   23.0  1014.7   0.00    0.0    0.000   0.038   27.9    60   19.5   29.3   10.75   1.1485     351     1    100.0   15 
17/08/26   4:00   21.9   21.9   21.9    85   19.3    0.0    ---   0.00   0.0   ---   21.9   22.9   22.9  1014.6   0.00    0.0    0.000   0.038   27.9    60   19.4   29.2   10.75   1.1487     352     1    100.0   15 
17/08/26   4:15   21.8   21.9   21.7    86   19.3    0.0    ONO   0.00   3.2   ONO   21.8   22.8   22.8  1014.7   0.00    0.0    0.000   0.036   27.8    61   19.6   29.2   10.95   1.1486     351     1    100.0   15 
17/08/26   4:30   21.5   21.7   21.3    86   19.1    0.0    ONO   0.00   3.2   ONO   21.5   22.5   22.5  1014.5   0.00    0.0    0.000   0.033   27.8    61   19.6   29.1   10.95   1.1488     351     1    100.0   15 
17/08/26   4:45   21.2   21.3   21.1    86   18.7    1.6    ONO   0.40   6.4    NO   21.2   22.1   22.1  1014.8   0.00    0.0    0.000   0.030   27.7    60   19.2   28.8   10.75   1.1501     350     1    100.0   15 
17/08/26   5:00   21.3   21.3   21.2    87   19.0    3.2     NO   0.80   6.4    NO   21.3   22.3   22.3  1014.8   0.00    0.0    0.000   0.031   27.6    61   19.4   28.8   10.95   1.1503     351     1    100.0   15 
17/08/26   5:15   21.3   21.4   21.3    85   18.7    0.0     NO   0.00   1.6    NO   21.3   22.2   22.2  1014.8   0.00    0.0    0.000   0.031   27.4    60   19.0   28.5   10.75   1.1513     350     1    100.0   15 
17/08/26   5:30   21.6   21.6   21.4    85   18.9    0.0    ---   0.00   0.0   ---   21.6   22.5   22.5  1014.9   0.00    0.0    0.000   0.034   27.4    60   18.9   28.4   10.75   1.1517     351     1    100.0   15 
17/08/26   5:45   21.7   21.7   21.6    84   18.8    0.0    ---   0.00   0.0   ---   21.7   22.6   22.6  1014.8   0.00    0.0    0.000   0.035   27.4    60   18.9   28.4   10.75   1.1516     351     1    100.0   15 
17/08/26   6:00   21.9   22.1   21.7    83   18.9    0.0    ---   0.00   0.0   ---   21.9   22.8   22.8  1014.9   0.00    0.0    0.000   0.037   27.4    60   18.9   28.4   10.75   1.1517     351     1    100.0   15 
17/08/26   6:15   22.3   22.8   22.1    84   19.5    0.0    ---   0.00   0.0   ---   22.3   23.3   23.3  1015.1   0.00    0.0    0.000   0.042   27.5    60   19.0   28.6   10.75   1.1513     351     1    100.0   15 
17/08/26   6:30   23.3   23.5   22.8    83   20.2    0.0     NO   0.00   4.8   ENE   23.3   24.4   24.4  1015.1   0.00    0.0    0.000   0.052   27.7    61   19.5   29.0   10.95   1.1497     351     1    100.0   15 
17/08/26   6:45   23.6   23.7   23.5    83   20.6    1.6     NO   0.40   4.8    NO   23.6   25.0   25.0  1015.0   0.00    0.0    0.000   0.055   28.0    62   20.0   29.6   11.10   1.1477     351     1    100.0   15 
17/08/26   7:00   23.8   24.2   23.7    84   21.0    0.0     NO   0.00   3.2    NO   23.8   25.4   25.4  1015.1   0.00    0.0    0.000   0.057   28.2    62   20.2   29.8   11.10   1.1469     349     1    100.0   15 
17/08/26   7:15   24.6   25.1   24.2    77   20.3    1.6      E   0.40   4.8   ESE   24.6   26.1   26.1  1015.1   0.00    0.0    0.000   0.065   28.4    61   20.1   30.1   10.95   1.1462     351     1    100.0   15 
17/08/26   7:30   25.3   25.6   25.1    75   20.6    1.6      E   0.40   4.8     E   25.3   26.8   26.8  1015.2   0.00    0.0    0.000   0.073   28.6    61   20.4   30.6   10.95   1.1450     351     1    100.0   15 
17/08/26   7:45   25.8   26.2   25.6    74   20.8    0.0    ESE   0.00   3.2   ESE   25.8   27.3   27.3  1015.1   0.00    0.0    0.000   0.078   28.7    61   20.5   30.8   10.95   1.1444     351     1    100.0   15 
17/08/26   8:00   26.6   26.8   26.2    73   21.3    0.0     SE   0.00   4.8    SE   26.6   28.3   28.3  1015.0   0.00    0.0    0.000   0.086   28.8    61   20.6   31.0   10.95   1.1436     351     1    100.0   15 
17/08/26   8:15   27.1   27.5   26.8    71   21.4    0.0      E   0.00   4.8     E   27.1   29.1   29.1  1014.9   0.00    0.0    0.000   0.091   28.9    61   20.7   31.2   10.95   1.1430     350     1    100.0   15 
17/08/26   8:30   27.5   27.6   27.3    71   21.8    1.6      S   0.40   8.0     E   27.5   29.8   29.8  1015.0   0.00    0.0    0.000   0.095   29.1    62   21.1   31.7   11.06   1.1417     350     1    100.0   15 
17/08/26   8:45   28.1   28.4   27.6    69   21.8    1.6    ESE   0.40   8.0     E   28.1   30.6   30.6  1015.0   0.00    0.0    0.000   0.101   29.3    62   21.3   32.1   11.05   1.1404     351     1    100.0   15 
17/08/26   9:00   28.8   29.2   28.4    65   21.6    1.6    ESE   0.40   6.4   SSE   28.8   31.7   31.7  1015.0   0.00    0.0    0.000   0.109   29.6    60   21.0   32.2   10.74   1.1399     351     1    100.0   15 
17/08/26   9:15   29.6   29.8   29.2    60   21.0    1.6      E   0.40   6.4   SSE   29.6   32.1   32.1  1015.1   0.00    0.0    0.000   0.117   29.8    60   21.2   32.6   10.73   1.1391     352     1    100.0   15 
17/08/26   9:30   29.9   30.3   29.7    60   21.3    1.6      S   0.40   8.0   ENE   29.9   32.9   32.9  1015.0   0.00    0.0    0.000   0.121   30.0    58   20.8   32.7   10.33   1.1388     351     1    100.0   15 
17/08/26   9:45   30.8   31.1   30.3    56   21.0    1.6      E   0.40  12.9   ENE   30.8   33.7   33.7  1014.9   0.00    0.0    0.000   0.130   30.3    58   21.1   33.3   10.32   1.1369     351     1    100.0   15 
17/08/26  10:00   31.2   31.5   31.1    53   20.5    3.2    ENE   0.80  11.3   ENE   31.2   33.8   33.8  1015.0   0.00    0.0    0.000   0.134   30.4    56   20.7   33.2   10.01   1.1373     351     1    100.0   15 
17/08/26  10:15   31.8   32.0   31.5    51   20.4    1.6      S   0.40  11.3   ESE   31.8   34.6   34.6  1014.9   0.00    0.0    0.000   0.140   30.7    55   20.6   33.4    9.80   1.1363     351     1    100.0   15 
17/08/26  10:30   32.1   32.3   32.1    50   20.4    3.2    ENE   0.80   9.7    NE   32.1   34.9   34.9  1014.8   0.00    0.0    0.000   0.144   31.0    53   20.3   33.4    9.49   1.1357     352     1    100.0   15 
17/08/26  10:45   32.4   32.8   32.2    46   19.3    3.2      E   0.80  11.3   ENE   32.4   34.6   34.6  1014.7   0.00    0.0    0.000   0.146   31.2    51   19.9   33.4    9.19   1.1354     351     1    100.0   15 
17/08/26  11:00   33.2   33.7   32.8    44   19.3    3.2    ENE   0.80  11.3   ENE   33.2   35.5   35.5  1014.5   0.00    0.0    0.000   0.155   31.3    47   18.6   32.8    8.48   1.1370     350     1    100.0   15 
17/08/26  11:15   33.9   34.1   33.7    43   19.6    3.2      E   0.80  14.5     E   33.9   36.7   36.7  1014.4   0.00    0.0    0.000   0.163   30.5    44   16.9   31.2    8.11   1.1424     351     1    100.0   15 
17/08/26  11:30   34.3   34.3   34.1    42   19.5    4.8      E   1.21  17.7   ESE   34.3   37.0   37.0  1014.2   0.00    0.0    0.000   0.166   30.1    45   16.9   30.8    8.23   1.1436     352     1    100.0   15 
17/08/26  11:45   34.5   34.6   34.2    42   19.7    4.8      S   1.21  14.5     S   34.5   37.4   37.4  1014.1   0.00    0.0    0.000   0.168   29.9    46   17.1   30.7    8.43   1.1438     351     1    100.0   15 
17/08/26  12:00   34.6   34.9   34.5    42   19.8    3.2    OSO   0.80  12.9    SO   34.6   37.7   37.7  1014.0   0.00    0.0    0.000   0.170   29.9    47   17.4   30.8    8.53   1.1432     351     1    100.0   15 
17/08/26  12:15   35.1   35.3   34.6    51   23.4    4.8     SO   1.21  17.7   SSO   35.1   41.6   41.6  1013.9   0.00    0.0    0.000   0.174   29.9    48   17.7   30.9    8.73   1.1426     351     1    100.0   15 
17/08/26  12:30   34.1   34.6   33.6    57   24.3    8.0    SSO   2.01  24.1     S   34.1   41.5   41.5  1013.9   0.00    0.0    0.000   0.164   29.9    48   17.7   30.8    8.73   1.1429     350     1    100.0   15 
17/08/26  12:45   33.3   33.6   32.9    59   24.2    8.0    OSO   2.01  24.1   OSO   33.3   40.2   40.2  1013.8   0.00    0.0    0.000   0.156   29.8    47   17.3   30.7    8.54   1.1436     351     1    100.0   15 
17/08/26  13:00   33.1   33.2   32.9    59   24.0    8.0    OSO   2.01  22.5    SO   33.1   39.5   39.5  1013.6   0.00    0.0    0.000   0.153   29.8    47   17.3   30.7    8.54   1.1433     351     1    100.0   15 
17/08/26  13:15   32.6   33.1   31.9    62   24.4    8.0     SO   2.01  20.9   OSO   32.6   39.3   39.3  1013.9   0.00    0.0    0.000   0.149   29.8    47   17.3   30.6    8.54   1.1440     351     1    100.0   15 
17/08/26  13:30   31.6   31.9   31.4    64   23.9    4.8      S   1.21  20.9     E   31.6   37.0   37.0  1014.1   0.00    0.0    0.000   0.138   29.6    45   16.4   30.1    8.25   1.1462     351     1    100.0   15 
17/08/26  13:45   31.6   32.3   31.3    62   23.4    6.4    SSO   1.61  17.7   OSO   31.6   36.7   36.7  1013.9   0.00    0.0    0.000   0.138   29.3    43   15.4   29.7    7.96   1.1483     352     1    100.0   15 
17/08/26  14:00   32.4   32.7   32.2    61   24.0    4.8    SSE   1.21  17.7   ENE   32.4   38.6   38.6  1013.7   0.00    0.0    0.000   0.147   29.1    42   14.9   29.4    7.85   1.1495     350     1    100.0   15 
17/08/26  14:15   32.4   32.7   32.2    62   24.2    4.8      S   1.21  16.1     E   32.4   38.8   38.8  1013.6   0.00    0.0    0.000   0.146   29.2    42   14.9   29.4    7.85   1.1490     351     1    100.0   15 
17/08/26  14:30   32.3   32.4   32.2    61   23.8    6.4    SSO   1.61  17.7    SO   32.3   38.3   38.3  1013.3   0.00    0.0    0.000   0.146   29.2    42   14.9   29.4    7.85   1.1487     350     1    100.0   15 
17/08/26  14:45   32.7   32.9   32.4    60   23.9    6.4      S   1.61  16.1    SE   32.7   38.9   38.9  1013.2   0.00    0.0    0.000   0.150   29.2    43   15.4   29.6    7.96   1.1478     352     1    100.0   15 
17/08/26  15:00   32.7   32.9   32.5    60   23.9    6.4    SSO   1.61  16.1   OSO   32.7   38.8   38.8  1013.3   0.00    0.0    0.000   0.149   29.2    44   15.7   29.7    8.15   1.1475     351     1    100.0   15 
17/08/26  15:15   32.5   32.7   32.1    61   24.0    4.8      S   1.21  17.7   SSO   32.5   38.7   38.7  1013.2   0.00    0.0    0.000   0.148   29.3    44   15.8   29.8    8.15   1.1471     351     1    100.0   15 
17/08/26  15:30   31.7   32.1   31.4    63   23.8    6.4      S   1.61  19.3     S   31.7   37.1   37.1  1013.3   0.00    0.0    0.000   0.139   29.2    42   15.0   29.5    7.85   1.1485     351     1    100.0   15 
17/08/26  15:45   31.2   31.4   31.0    64   23.5    4.8      S   1.21  14.5     O   31.2   35.9   35.9  1013.4   0.00    0.0    0.000   0.134   29.2    42   14.9   29.4    7.85   1.1488     351     1    100.0   15 
17/08/26  16:00   30.7   31.0   30.3    66   23.6    6.4      S   1.61  14.5   ESE   30.7   35.7   35.7  1013.3   0.00    0.0    0.000   0.128   29.1    41   14.5   29.3    7.66   1.1495     350     1    100.0   15 
17/08/26  16:15   30.0   30.3   29.8    68   23.4    4.8      S   1.21  16.1     S   30.0   34.7   34.7  1013.5   0.00    0.0    0.000   0.122   29.1    41   14.5   29.3    7.66   1.1500     351     1    100.0   15 
17/08/26  16:30   29.6   29.8   29.4    70   23.6    4.8      S   1.21  11.3     S   29.6   34.2   34.2  1013.4   0.00    0.0    0.000   0.117   29.1    40   14.1   29.2    7.55   1.1503     351     1    100.0   15 
17/08/26  16:45   29.3   29.4   29.2    71   23.5    3.2      S   0.80   8.0     S   29.3   33.7   33.7  1013.4   0.00    0.0    0.000   0.114   29.0    40   14.0   29.2    7.55   1.1505     350     1    100.0   15 
17/08/26  17:00   29.1   29.2   28.9    72   23.5    3.2    SSE   0.80   8.0     E   29.1   33.4   33.4  1013.5   0.00    0.0    0.000   0.112   28.9    42   14.7   29.2    7.85   1.1503     352     1    100.0   15 
17/08/26  17:15   28.8   28.9   28.7    73   23.5    3.2    ENE   0.80   9.7     S   28.8   33.1   33.1  1013.3   0.00    0.0    0.000   0.109   28.9    42   14.7   29.3    7.85   1.1499     351     1    100.0   15 
17/08/26  17:30   28.6   28.7   28.4    74   23.5    1.6    ESE   0.40   9.7     E   28.6   32.7   32.7  1013.1   0.00    0.0    0.000   0.106   28.9    42   14.7   29.3    7.85   1.1496     351     1    100.0   15 
17/08/26  17:45   28.3   28.4   28.3    75   23.5    1.6      E   0.40   6.4   ESE   28.3   32.3   32.3  1013.4   0.00    0.0    0.000   0.104   28.9    41   14.3   29.2    7.67   1.1506     350     1    100.0   15 
17/08/26  18:00   28.3   28.4   28.3    75   23.5    1.6     SE   0.40   8.0     E   28.3   32.3   32.3  1013.3   0.00    0.0    0.000   0.104   28.8    42   14.6   29.2    7.85   1.1504     351     1    100.0   15 
17/08/26  18:15   28.3   28.3   28.3    75   23.4    1.6    ESE   0.40   8.0     E   28.3   32.1   32.1  1013.5   0.00    0.0    0.000   0.104   28.8    41   14.2   28.9    7.67   1.1514     351     1    100.0   15 
17/08/26  18:30   28.2   28.3   28.1    75   23.4    1.6    ESE   0.40   8.0     E   28.2   32.0   32.0  1013.7   0.00    0.0    0.000   0.103   28.7    41   14.2   28.9    7.68   1.1518     350     1    100.0   15 
17/08/26  18:45   28.1   28.1   28.0    76   23.4    1.6     SE   0.40   8.0     E   28.1   31.7   31.7  1013.6   0.00    0.0    0.000   0.101   28.7    41   14.1   28.8    7.68   1.1519     350     1    100.0   15 
17/08/26  19:00   28.0   28.1   28.0    76   23.4    0.0     SE   0.00   3.2    SE   28.0   31.6   31.6  1013.7   0.00    0.0    0.000   0.101   28.6    41   14.0   28.6    7.68   1.1526     351     1    100.0   15 
17/08/26  19:15   27.9   28.0   27.7    76   23.3    1.6    ENE   0.40   8.0     E   27.9   31.3   31.3  1013.9   0.00    0.0    0.000   0.100   28.4    41   13.9   28.4    7.69   1.1534     352     1    100.0   15 
17/08/26  19:30   27.6   27.7   27.4    78   23.4    1.6      E   0.40   8.0     E   27.6   30.8   30.8  1014.1   0.00    0.0    0.000   0.096   28.3    41   13.8   28.3    7.69   1.1542     351     1    100.0   15 
17/08/26  19:45   27.3   27.4   27.3    79   23.4    1.6      E   0.40   4.8   ENE   27.3   30.4   30.4  1014.4   0.00    0.0    0.000   0.094   28.2    41   13.7   28.1    7.69   1.1550     351     1    100.0   15 
17/08/26  20:00   27.3   27.3   27.1    80   23.5    3.2      E   0.80  11.3     E   27.3   30.4   30.4  1014.5   0.00    0.0    0.000   0.093   28.1    42   14.0   28.0    7.85   1.1552     351     1    100.0   15 
17/08/26  20:15   27.0   27.1   26.9    81   23.5    3.2    ENE   0.80   8.0     E   27.0   29.9   29.9  1014.6   0.00    0.0    0.000   0.090   28.3    43   14.6   28.4    7.99   1.1538     350     1    100.0   15 
17/08/26  20:30   26.8   26.9   26.7    82   23.5    1.6    ENE   0.40   6.4   ENE   26.8   29.8   29.8  1014.6   0.00    0.0    0.000   0.089   28.6    44   15.1   28.9    8.15   1.1523     351     1    100.0   15 
17/08/26  20:45   26.7   26.8   26.6    82   23.3    0.0    ENE   0.00   3.2   ENE   26.7   29.4   29.4  1014.7   0.00    0.0    0.000   0.087   28.7    45   15.6   29.2    8.28   1.1511     351     1    100.0   15 
17/08/26  21:00   26.6   26.6   26.5    83   23.4    1.6    ENE   0.40   4.8     E   26.6   29.3   29.3  1014.7   0.00    0.0    0.000   0.086   28.9    45   15.8   29.5    8.27   1.1503     350     1    100.0   15 
17/08/26  21:15   26.5   26.5   26.4    83   23.4    0.0    ENE   0.00   4.8   ENE   26.5   29.2   29.2  1014.9   0.00    0.0    0.000   0.085   28.7    44   15.3   29.2    8.15   1.1518     350     1    100.0   15 
17/08/26  21:30   26.4   26.4   26.3    83   23.3    1.6    ENE   0.40   4.8   ENE   26.4   29.1   29.1  1014.8   0.00    0.0    0.000   0.084   28.5    43   14.7   28.7    7.98   1.1533     351     1    100.0   15 
17/08/26  21:45   26.3   26.4   26.3    83   23.2    0.0    ENE   0.00   4.8   ENE   26.3   28.9   28.9  1014.9   0.00    0.0    0.000   0.083   28.3    42   14.1   28.3    7.85   1.1549     351     1    100.0   15 
17/08/26  22:00   26.3   26.3   26.2    84   23.4    1.6    ENE   0.40   4.8   ENE   26.3   28.9   28.9  1014.9   0.00    0.0    0.000   0.083   28.1    43   14.4   28.1    8.00   1.1553     351     1    100.0   15 
17/08/26  22:15   26.2   26.2   26.1    84   23.2    1.6    ENE   0.40   4.8   ENE   26.2   28.7   28.7  1014.9   0.00    0.0    0.000   0.082   28.3    49   16.6   28.9    8.89   1.1515     351     1    100.0   15 
17/08/26  22:30   26.0   26.1   25.9    84   23.1    1.6    ENE   0.40   4.8   ENE   26.0   28.4   28.4  1014.8   0.00    0.0    0.000   0.080   28.6    52   17.7   29.5    9.38   1.1490     352     1    100.0   15 
17/08/26  22:45   25.9   26.0   25.9    85   23.2    1.6    ENE   0.40   3.2   ENE   25.9   28.4   28.4  1014.7   0.00    0.0    0.000   0.079   28.8    54   18.5   30.1    9.75   1.1468     351     1    100.0   15 
17/08/26  23:00   25.9   25.9   25.8    85   23.2    0.0    ENE   0.00   3.2   ENE   25.9   28.4   28.4  1014.8   0.00    0.0    0.000   0.079   28.8    56   19.2   30.3   10.05   1.1457     351     1    100.0   15 
17/08/26  23:15   25.8   25.8   25.7    85   23.1    0.0    ENE   0.00   3.2   ENE   25.8   28.2   28.2  1014.8   0.00    0.0    0.000   0.078   28.9    59   20.1   30.9   10.55   1.1437     351     1    100.0   15 
17/08/26  23:30   25.6   25.7   25.5    85   22.8    0.0    ENE   0.00   1.6   ENE   25.6   27.8   27.8  1014.7   0.00    0.0    0.000   0.075   29.0    62   21.0   31.5   11.07   1.1420     352     1    100.0   15 
17/08/26  23:45   25.4   25.5   25.3    86   22.9    0.0    ---   0.00   0.0   ---   25.4   27.7   27.7  1014.7   0.00    0.0    0.000   0.074   29.0    64   21.5   31.8   11.47   1.1410     351     1    100.0   15 
18/08/26  00:00   25.3   25.3   25.2    86   22.8    0.0    ---   0.00   0.0   ---   25.3   27.5   27.5  1014.7   0.00    0.0    0.000   0.072   29.0    65   21.8   32.0   11.67   1.1405     351     1    100.0   15 
18/08/26   0:15   25.2   25.2   25.2    87   22.8    0.0    ---   0.00   0.0   ---   25.2   27.3   27.3  1014.7   0.00    0.0    0.000   0.071   29.0    65   21.8   32.0   11.67   1.1405     349     2    100.0   15 
18/08/26   0:30   25.2   25.2   25.2    87   22.9    0.0    ---   0.00   0.0   ---   25.2   27.4   27.4  1014.7   0.00    0.0    0.000   0.072   29.0    65   21.8   32.0   11.67   1.1405     350     1    100.0   15 
18/08/26   0:45   25.2   25.2   25.2    87   22.9    0.0    ---   0.00   0.0   ---   25.2   27.4   27.4  1014.6   0.00    0.0    0.000   0.072   29.0    65   21.8   32.0   11.67   1.1405     349     1    100.0   15 
18/08/26   1:00   25.2   25.2   25.2    87   22.9    0.0    ---   0.00   0.0   ---   25.2   27.4   27.4  1014.7   0.00    0.0    0.000   0.072   29.0    66   22.0   32.2   11.87   1.1401     352     1    100.0   15 
18/08/26   1:15   25.1   25.2   24.9    87   22.7    0.0    ENE   0.00   3.2   ENE   25.1   27.2   27.2  1014.6   0.00    0.0    0.000   0.070   29.0    66   22.0   32.2   11.87   1.1400     351     1    100.0   15 
18/08/26   1:30   24.8   24.9   24.7    88   22.7    0.0    ENE   0.00   3.2   ENE   24.8   26.8   26.8  1014.6   0.00    0.0    0.000   0.067   28.9    67   22.2   32.3   12.07   1.1398     350     1    100.0   15 
18/08/26   1:45   24.6   24.7   24.6    89   22.7    0.0    ENE   0.00   3.2   ENE   24.6   26.6   26.6  1014.6   0.00    0.0    0.000   0.065   28.9    67   22.2   32.3   12.07   1.1398     351     2    100.0   15 
18/08/26   2:00   24.6   24.6   24.5    88   22.4    0.0    ENE   0.00   3.2   ENE   24.6   26.5   26.5  1014.6   0.00    0.0    0.000   0.065   28.9    67   22.1   32.2   12.07   1.1401     352     1    100.0   15 
18/08/26   2:15   24.4   24.5   24.4    89   22.5    0.0    ---   0.00   0.0   ---   24.4   26.3   26.3  1014.5   0.00    0.0    0.000   0.064   28.8    67   22.1   32.0   12.07   1.1403     351     1    100.0   15 
18/08/26   2:30   24.3   24.4   24.3    90   22.6    0.0    ---   0.00   0.0   ---   24.3   26.3   26.3  1014.4   0.00    0.0    0.000   0.063   28.8    67   22.1   32.0   12.07   1.1402     350     1    100.0   15 
18/08/26   2:45   24.2   24.3   24.2    90   22.5    0.0    ---   0.00   0.0   ---   24.2   26.2   26.2  1014.4   0.00    0.0    0.000   0.061   28.8    67   22.0   31.9   12.07   1.1405     350     1    100.0   15 
18/08/26   3:00   24.1   24.2   24.1    90   22.4    0.0    ---   0.00   0.0   ---   24.1   26.0   26.0  1014.3   0.00    0.0    0.000   0.060   28.8    68   22.3   32.1   12.27   1.1399     351     1    100.0   15 
18/08/26   3:15   24.0   24.1   23.9    91   22.4    0.0    ENE   0.00   1.6   ENE   24.0   25.9   25.9  1014.2   0.00    0.0    0.000   0.059   28.7    68   22.2   31.9   12.28   1.1401     351     1    100.0   15 
18/08/26   3:30   23.9   23.9   23.9    91   22.4    0.0    ENE   0.00   3.2   ENE   23.9   25.9   25.9  1014.2   0.00    0.0    0.000   0.058   28.7    68   22.2   31.9   12.28   1.1401     351     1    100.0   15 
18/08/26   3:45   23.9   23.9   23.8    91   22.3    0.0    ENE   0.00   3.2   ENE   23.9   25.8   25.8  1014.3   0.00    0.0    0.000   0.058   28.7    68   22.2   31.8   12.28   1.1405     350     1    100.0   15 
