                 Temp.  Temp.  Temp.  Hum.   Punt   Vel.   Dir.   Rec.  Vel.  Dir.  Sens.   Índ.   Índ.                  Int. Graus D.Graus D.  Temp.  Hum. Rosada  In.Cal.  EMC     Dens.    Mostr   Tx   Recep.  Int.
  Data    Hora    Ext.   Màx.   Mín.  Ext. Rosada   Vent   Vent   Vent  Màx.  Màx.  Tèrm.  Calor   THW    Bar    Pluja   Pluja  Calor    Fred    Int.  Int.   Int.   Int.    Int.  Int.Aire    Vent   Vent   ISS   Arc.
-------------------------------------------------------------------------------------------------------------------------------------------------------------------------------------------------------------------------
12/08/26   0:15   24.8   24.9   24.8    63   17.3    0.0    ---   0.00   0.0   ---   24.8   25.4   25.4  1016.6   0.00    0.0    0.000   0.068   28.3    52   17.5   29.2    9.39   1.1521     350     1    100.0   15 
12/08/26   0:30   24.8   24.9   24.8    64   17.6    0.0    ---   0.00   0.0   ---   24.8   25.5   25.5  1016.6   0.00    0.0    0.000   0.068   28.3    52   17.5   29.2    9.39   1.1521     347     1    100.0   15 
12/08/26   0:45   24.7   24.9   24.5    66   17.9    0.0    ---   0.00   0.0   ---   24.7   25.4   25.4  1016.4   0.00    0.0    0.000   0.066   28.3    53   17.8   29.2    9.59   1.1515     349     1    100.0   15 
12/08/26   1:00   24.6   24.7   24.5    63   17.0    0.0    ---   0.00   0.0   ---   24.6   25.1   25.1  1016.3   0.00    0.0    0.000   0.065   28.3    52   17.5   29.2    9.39   1.1519     351     1    100.0   15 
12/08/26   1:15   24.8   24.9   24.7    61   16.8    0.0    ---   0.00   0.0   ---   24.8   25.3   25.3  1016.3   0.00    0.0    0.000   0.068   28.3    51   17.2   29.1    9.29   1.1522     351     1    100.0   15 
12/08/26   1:30   25.0   25.0   24.9    61   17.0    0.0    ---   0.00   0.0   ---   25.0   25.5   25.5  1016.2   0.00    0.0    0.000   0.069   28.3    51   17.2   29.0    9.29   1.1525     352     1    100.0   15 
12/08/26   1:45   24.9   24.9   24.9    62   17.2    0.0    ---   0.00   0.0   ---   24.9   25.5   25.5  1016.2   0.00    0.0    0.000   0.069   28.3    51   17.2   29.0    9.29   1.1525     351     1    100.0   15 
12/08/26   2:00   24.6   24.9   24.3    65   17.6    0.0    ---   0.00   0.0   ---   24.6   25.3   25.3  1016.2   0.00    0.0    0.000   0.065   28.3    52   17.5   29.1    9.39   1.1520     350     1    100.0   15 
12/08/26   2:15   23.9   24.2   23.6    67   17.4    0.0    ---   0.00   0.0   ---   23.9   24.7   24.7  1016.2   0.00    0.0    0.000   0.058   28.2    53   17.7   29.1    9.59   1.1518     351     1    100.0   15 
12/08/26   2:30   23.5   23.6   23.4    68   17.3    0.0    ---   0.00   0.0   ---   23.5   24.3   24.3  1016.3   0.00    0.0    0.000   0.054   28.2    53   17.7   29.0    9.60   1.1522     352     1    100.0   15 
12/08/26   2:45   23.4   23.4   23.3    69   17.4    0.0    ---   0.00   0.0   ---   23.4   24.2   24.2  1016.3   0.00    0.0    0.000   0.053   28.1    53   17.6   28.9    9.60   1.1526     351     1    100.0   15 
12/08/26   3:00   23.2   23.4   23.0    71   17.6    0.0    ---   0.00   0.0   ---   23.2   24.0   24.0  1016.3   0.00    0.0    0.000   0.050   28.1    53   17.6   28.8    9.60   1.1529     351     1    100.0   15 
12/08/26   3:15   22.8   23.0   22.7    72   17.5    1.6     NO   0.40   6.4    NO   22.8   23.6   23.6  1016.2   0.00    0.0    0.000   0.047   27.9    54   17.8   28.7    9.75   1.1529     351     1    100.0   15 
12/08/26   3:30   22.5   22.7   22.2    74   17.6    3.2     NO   0.80   8.0    NO   22.5   23.2   23.2  1016.3   0.00    0.0    0.000   0.043   27.8    54   17.7   28.6    9.75   1.1535     351     1    100.0   15 
12/08/26   3:45   22.0   22.2   21.8    75   17.4    3.2     NO   0.80   6.4    NO   22.0   22.5   22.5  1016.4   0.00    0.0    0.000   0.038   27.7    55   17.9   28.5    9.85   1.1538     352     1    100.0   15 
12/08/26   4:00   22.0   22.1   21.8    75   17.4    4.8     NO   1.21   8.0    NO   22.0   22.5   22.5  1016.4   0.00    0.0    0.000   0.038   27.6    55   17.7   28.2    9.85   1.1547     350     1    100.0   15 
12/08/26   4:15   21.6   21.8   21.6    74   16.8    1.6     NO   0.40   4.8    NO   21.6   22.0   22.0  1016.6   0.00    0.0    0.000   0.034   27.4    55   17.5   28.0    9.85   1.1557     351     1    100.0   15 
12/08/26   4:30   21.8   22.1   21.6    72   16.6    0.0     NO   0.00   1.6    NO   21.8   22.2   22.2  1016.6   0.00    0.0    0.000   0.036   27.3    54   17.2   27.8    9.75   1.1564     351     1    100.0   15 
12/08/26   4:45   22.1   22.1   22.1    72   16.8    0.0    ---   0.00   0.0   ---   22.1   22.4   22.4  1016.6   0.00    0.0    0.000   0.039   27.4    54   17.3   27.9    9.75   1.1562     351     1    100.0   15 
12/08/26   5:00   22.1   22.1   22.0    72   16.8    0.0    ---   0.00   0.0   ---   22.1   22.4   22.4  1016.6   0.00    0.0    0.000   0.039   27.4    55   17.5   28.0    9.85   1.1558     350     1    100.0   15 
12/08/26   5:15   21.9   22.0   21.9    73   16.9    0.0     NO   0.00   1.6    NO   21.9   22.4   22.4  1016.9   0.00    0.0    0.000   0.038   27.4    54   17.3   27.9    9.75   1.1565     350     1    100.0   15 
12/08/26   5:30   21.9   22.0   21.9    73   16.9    0.0     NO   0.00   1.6    NO   21.9   22.4   22.4  1017.0   0.00    0.0    0.000   0.038   27.4    55   17.5   28.0    9.85   1.1563     351     1    100.0   15 
12/08/26   5:45   22.1   22.2   21.9    74   17.2    0.0    ---   0.00   0.0   ---   22.1   22.6   22.6  1017.0   0.00    0.0    0.000   0.039   27.3    55   17.5   27.9    9.85   1.1566     352     1    100.0   15 
12/08/26   6:00   22.2   22.2   22.1    74   17.3    0.0    ---   0.00   0.0   ---   22.2   22.7   22.7  1017.2   0.00    0.0    0.000   0.040   27.4    55   17.5   28.0    9.85   1.1565     351     1    100.0   15 
12/08/26   6:15   22.2   22.4   22.1    74   17.4    0.0    ---   0.00   0.0   ---   22.2   22.7   22.7  1017.1   0.00    0.0    0.000   0.041   27.5    55   17.7   28.2    9.85   1.1558     350     1    100.0   15 
12/08/26   6:30   22.9   23.5   22.4    70   17.2    0.0    ---   0.00   0.0   ---   22.9   23.7   23.7  1017.3   0.00    0.0    0.000   0.048   27.7    55   17.9   28.5    9.85   1.1548     351     1    100.0   15 
12/08/26   6:45   24.1   24.6   23.6    68   17.8    0.0    ---   0.00   0.0   ---   24.1   24.9   24.9  1017.4   0.00    0.0    0.000   0.060   28.0    54   17.8   28.8    9.75   1.1540     351     1    100.0   15 
12/08/26   7:00   24.9   25.1   24.7    66   18.2    0.0    ---   0.00   0.0   ---   24.9   25.7   25.7  1017.5   0.00    0.0    0.000   0.069   28.3    54   18.1   29.2    9.75   1.1526     350     1    100.0   15 
12/08/26   7:15   24.7   24.9   24.6    67   18.2    0.0    ---   0.00   0.0   ---   24.7   25.6   25.6  1017.6   0.00    0.0    0.000   0.067   28.6    54   18.3   29.7    9.75   1.1513     351     1    100.0   15 
12/08/26   7:30   25.4   25.7   25.0    64   18.1    0.0    ---   0.00   0.0   ---   25.4   26.1   26.1  1017.6   0.00    0.0    0.000   0.073   28.8    54   18.5   30.1    9.75   1.1502     351     1    100.0   15 
12/08/26   7:45   25.6   25.7   25.6    65   18.5    0.0    ---   0.00   0.0   ---   25.6   26.4   26.4  1017.7   0.00    0.0    0.000   0.076   28.9    53   18.3   30.2    9.57   1.1501     351     1    100.0   15 
12/08/26   8:00   25.8   26.1   25.6    64   18.5    0.0    ---   0.00   0.0   ---   25.8   26.6   26.6  1017.6   0.00    0.0    0.000   0.078   29.0    53   18.5   30.3    9.57   1.1495     352     1    100.0   15 
12/08/26   8:15   26.3   26.6   26.1    62   18.4    0.0    ---   0.00   0.0   ---   26.3   27.1   27.1  1017.6   0.00    0.0    0.000   0.083   29.1    53   18.6   30.4    9.56   1.1488     351     1    100.0   15 
12/08/26   8:30   27.1   27.7   26.6    56   17.5    0.0    ENE   0.00   8.0     E   27.1   27.6   27.6  1017.7   0.00    0.0    0.000   0.091   29.2    53   18.7   30.6    9.56   1.1484     351     1    100.0   15 
12/08/26   8:45   28.2   28.9   27.7    55   18.3    0.0    ENE   0.00   3.2   ENE   28.2   29.1   29.1  1017.7   0.00    0.0    0.000   0.102   29.4    52   18.5   30.6    9.35   1.1480     351     1    100.0   15 
12/08/26   9:00   29.4   29.6   28.9    52   18.5    0.0    ---   0.00   0.0   ---   29.4   30.6   30.6  1017.7   0.00    0.0    0.000   0.115   29.6    51   18.4   30.8    9.24   1.1473     352     1    100.0   15 
12/08/26   9:15   29.7   29.9   29.6    56   20.0    0.0      E   0.00   8.0     E   29.7   31.6   31.6  1017.9   0.00    0.0    0.000   0.118   29.8    52   18.9   31.3    9.35   1.1459     350     1    100.0   15 
12/08/26   9:30   30.1   30.3   29.9    52   19.1    0.0    ENE   0.00   1.6   ENE   30.1   31.7   31.7  1017.8   0.00    0.0    0.000   0.122   30.0    52   19.1   31.6    9.35   1.1449     351     1    100.0   15 
12/08/26   9:45   30.8   31.4   30.3    47   18.2    0.0    ESE   0.00   1.6   ESE   30.8   32.1   32.1  1017.9   0.00    0.0    0.000   0.130   30.1    50   18.5   31.4    9.05   1.1454     351     1    100.0   15 
12/08/26  10:00   31.9   32.1   31.4    43   17.8    0.0    ENE   0.00   4.8   ENE   31.9   33.2   33.2  1017.9   0.00    0.0    0.000   0.141   29.7    47   17.2   30.4    8.54   1.1492     350     1    100.0   15 
12/08/26  10:15   32.0   32.3   31.8    42   17.5    0.0    ENE   0.00  11.3   ENE   32.0   33.1   33.1  1018.0   0.00    0.0    0.000   0.142   29.2    45   16.1   29.8    8.26   1.1524     352     1    100.0   15 
12/08/26  10:30   32.4   32.5   32.3    44   18.6    0.0    ENE   0.00   1.6   ENE   32.4   34.1   34.1  1017.9   0.00    0.0    0.000   0.146   29.0    44   15.5   29.5    8.15   1.1539     351     1    100.0   15 
12/08/26  10:45   32.7   32.9   32.5    44   18.8    0.0      E   0.00  12.9     E   32.7   34.6   34.6  1017.9   0.00    0.0    0.000   0.149   28.8    44   15.4   29.3    8.15   1.1547     351     1    100.0   15 
12/08/26  11:00   33.1   33.3   32.9    43   18.9    0.0    ENE   0.00  12.9   ESE   33.1   35.2   35.2  1017.8   0.00    0.0    0.000   0.154   28.7    45   15.6   29.2    8.28   1.1550     350     1    100.0   15 
12/08/26  11:15   33.9   34.2   33.3    42   19.2    1.6    ENE   0.40  16.1   ENE   33.9   36.3   36.3  1017.7   0.00    0.0    0.000   0.162   28.7    45   15.6   29.2    8.28   1.1549     350     1    100.0   15 
12/08/26  11:30   34.0   34.2   33.9    39   18.1    3.2      E   0.80  12.9     E   34.0   35.7   35.7  1017.6   0.00    0.0    0.000   0.163   28.7    45   15.6   29.2    8.28   1.1548     351     1    100.0   15 
12/08/26  11:45   34.7   35.0   34.2    39   18.7    3.2    ENE   0.80  11.3   ENE   34.7   36.8   36.8  1017.4   0.00    0.0    0.000   0.170   28.7    44   15.2   29.1    8.15   1.1550     350     1    100.0   15 
12/08/26  12:00   35.0   35.1   34.8    43   20.6    1.6      E   0.40  16.1   ESE   35.0   38.7   38.7  1017.2   0.00    0.0    0.000   0.174   28.6    43   14.8   28.8    7.98   1.1558     351     1    100.0   15 
12/08/26  12:15   34.9   35.2   34.8    44   20.9    3.2     SE   0.80  14.5   ESE   34.9   38.9   38.9  1017.2   0.00    0.0    0.000   0.173   28.6    44   15.1   28.9    8.15   1.1553     351     1    100.0   15 
12/08/26  12:30   34.9   35.2   34.8    45   21.2    4.8    ENE   1.21  24.1   ENE   34.9   39.2   39.2  1017.1   0.00    0.0    0.000   0.172   28.6    44   15.2   28.9    8.15   1.1549     351     1    100.0   15 
12/08/26  12:45   34.8   34.8   34.7    44   20.7    6.4    ENE   1.61  24.1   ENE   34.8   38.6   38.6  1017.1   0.00    0.0    0.000   0.171   28.7    45   15.6   29.2    8.28   1.1542     351     1    100.0   15 
12/08/26  13:00   34.8   34.9   34.6    42   20.0    4.8      E   1.21  17.7   ENE   34.8   38.0   38.0  1017.0   0.00    0.0    0.000   0.171   28.6    44   15.1   28.9    8.15   1.1551     350     1    100.0   15 
12/08/26  13:15   34.8   34.9   34.6    40   19.2    6.4    ENE   1.61  20.9   ESE   34.8   37.3   37.3  1017.1   0.00    0.0    0.000   0.171   28.5    43   14.7   28.7    7.98   1.1559     351     1    100.0   15 
12/08/26  13:30   34.9   35.0   34.8    41   19.7    4.8      E   1.21  20.9     E   34.9   37.9   37.9  1017.0   0.00    0.0    0.000   0.172   28.6    43   14.8   28.8    7.98   1.1555     352     1    100.0   15 
12/08/26  13:45   35.1   35.2   35.0    40   19.4    4.8    ENE   1.21  16.1     E   35.1   37.9   37.9  1016.9   0.00    0.0    0.000   0.174   28.7    43   14.9   28.9    7.98   1.1549     350     1    100.0   15 
12/08/26  14:00   35.3   35.5   35.2    38   18.8    3.2    ENE   0.80  16.1   ENE   35.3   37.6   37.6  1016.9   0.00    0.0    0.000   0.177   28.8    43   15.0   29.2    7.97   1.1540     350     1    100.0   15 
12/08/26  14:15   35.4   35.6   35.4    37   18.5    4.8      E   1.21  16.1     E   35.4   37.6   37.6  1016.7   0.00    0.0    0.000   0.178   29.0    43   15.2   29.4    7.97   1.1530     351     1    100.0   15 
12/08/26  14:30   35.8   36.0   35.6    36   18.4    3.2    ESE   0.80  12.9   ESE   35.8   37.9   37.9  1016.7   0.00    0.0    0.000   0.182   29.1    43   15.2   29.4    7.96   1.1528     351     1    100.0   15 
12/08/26  14:45   35.9   36.1   35.7    35   18.0    3.2      E   0.80  16.1   ENE   35.9   37.6   37.6  1016.6   0.00    0.0    0.000   0.183   28.9    43   15.1   29.4    7.97   1.1531     351     1    100.0   15 
12/08/26  15:00   35.8   35.9   35.7    33   17.1    3.2      E   0.80  17.7   ENE   35.8   37.0   37.0  1016.5   0.00    0.0    0.000   0.182   28.9    42   14.7   29.3    7.85   1.1535     350     1    100.0   15 
12/08/26  15:15   35.4   35.7   35.1    36   18.0    8.0    ENE   2.01  20.9     E   35.4   37.1   37.1  1016.4   0.00    0.0    0.000   0.178   29.0    42   14.8   29.3    7.85   1.1531     351     1    100.0   15 
12/08/26  15:30   35.1   35.2   35.0    36   17.8    6.4    ESE   1.61  19.3   ENE   35.1   36.6   36.6  1016.5   0.00    0.0    0.000   0.175   29.2    42   14.9   29.4    7.85   1.1524     351     1    100.0   15 
12/08/26  15:45   34.9   35.1   34.9    36   17.7    6.4      E   1.61  17.7   ENE   34.9   36.3   36.3  1016.5   0.00    0.0    0.000   0.173   29.2    43   15.4   29.6    7.96   1.1517     351     1    100.0   15 
12/08/26  16:00   34.8   34.9   34.7    36   17.5    4.8    ENE   1.21  16.1   ESE   34.8   36.1   36.1  1016.4   0.00    0.0    0.000   0.171   29.2    43   15.3   29.6    7.96   1.1518     351     1    100.0   15 
12/08/26  16:15   34.8   34.9   34.6    35   17.1    4.8    ENE   1.21  16.1     E   34.8   35.8   35.8  1016.6   0.00    0.0    0.000   0.172   29.1    42   14.8   29.4    7.85   1.1530     350     1    100.0   15 
12/08/26  16:30   34.2   34.6   34.1    38   17.9    6.4      E   1.61  17.7     E   34.2   35.8   35.8  1016.6   0.00    0.0    0.000   0.166   29.1    41   14.5   29.3    7.66   1.1536     351     1    100.0   15 
12/08/26  16:45   34.0   34.1   33.9    41   18.9    4.8      E   1.21  16.1     E   34.0   36.2   36.2  1016.6   0.00    0.0    0.000   0.163   29.1    41   14.5   29.3    7.66   1.1533     352     1    100.0   15 
12/08/26  17:00   33.7   33.9   33.3    41   18.6    4.8      E   1.21  16.1     E   33.7   35.6   35.6  1016.7   0.00    0.0    0.000   0.160   29.2    43   15.3   29.6    7.96   1.1521     350     1    100.0   15 
12/08/26  17:15   33.2   33.3   33.0    45   19.7    3.2      E   0.80  12.9    NE   33.2   35.8   35.8  1016.8   0.00    0.0    0.000   0.155   29.0    42   14.8   29.3    7.85   1.1535     350     1    100.0   15 
12/08/26  17:30   32.8   33.0   32.7    50   21.0    3.2     SE   0.80  12.9   ENE   32.8   36.3   36.3  1016.9   0.00    0.0    0.000   0.151   29.0    41   14.4   29.2    7.67   1.1542     351     1    100.0   15 
12/08/26  17:45   32.3   32.7   31.8    54   21.8    4.8      E   1.21  14.5     E   32.3   36.2   36.2  1017.0   0.00    0.0    0.000   0.145   29.0    41   14.4   29.2    7.67   1.1543     351     1    100.0   15 
12/08/26  18:00   31.3   31.7   30.9    58   22.1    4.8      E   1.21  14.5     E   31.3   35.1   35.1  1017.2   0.00    0.0    0.000   0.135   29.0    41   14.4   29.2    7.67   1.1545     351     1    100.0   15 
12/08/26  18:15   30.6   30.9   30.0    63   22.7    3.2    ENE   0.80  16.1   ENE   30.6   34.9   34.9  1017.3   0.00    0.0    0.000   0.127   29.0    41   14.4   29.2    7.67   1.1547     351     1    100.0   15 
12/08/26  18:30   29.6   29.9   29.4    65   22.3    1.6      E   0.40   8.0   ESE   29.6   33.2   33.2  1017.4   0.00    0.0    0.000   0.117   28.9    41   14.4   29.2    7.67   1.1550     351     1    100.0   15 
12/08/26  18:45   29.2   29.4   28.9    68   22.7    3.2    ESE   0.80  11.3   ENE   29.2   32.9   32.9  1017.5   0.00    0.0    0.000   0.113   28.9    41   14.3   29.2    7.67   1.1554     351     1    100.0   15 
12/08/26  19:00   28.6   28.9   28.5    70   22.6    3.2      E   0.80  11.3   ENE   28.6   32.1   32.1  1017.4   0.00    0.0    0.000   0.107   28.9    41   14.3   29.2    7.67   1.1553     351     1    100.0   15 
12/08/26  19:15   28.4   28.5   28.3    71   22.6    1.6     NE   0.40   6.4   ENE   28.4   31.7   31.7  1017.4   0.00    0.0    0.000   0.105   28.8    40   13.9   28.9    7.55   1.1560     351     1    100.0   15 
12/08/26  19:30   28.2   28.3   27.9    73   22.9    0.0     NE   0.00   3.2    NE   28.2   31.5   31.5  1017.7   0.00    0.0    0.000   0.102   28.8    41   14.2   28.9    7.67   1.1561     350     1    100.0   15 
12/08/26  19:45   27.8   28.0   27.6    75   23.0    0.0    OSO   0.00   3.2    NE   27.8   31.0   31.0  1017.7   0.00    0.0    0.000   0.099   28.8    42   14.6   29.2    7.85   1.1554     351     1    100.0   15 
12/08/26  20:00   27.3   27.6   27.2    78   23.2    0.0    OSO   0.00   3.2     O   27.3   30.3   30.3  1018.1   0.00    0.0    0.000   0.094   28.8    41   14.3   29.1    7.67   1.1563     352     1    100.0   15 
12/08/26  20:15   27.1   27.2   27.1    78   22.9    0.0    ONO   0.00   3.2   ONO   27.1   29.8   29.8  1018.3   0.00    0.0    0.000   0.091   28.6    40   13.6   28.5    7.55   1.1584     351     1    100.0   15 
12/08/26  20:30   27.0   27.1   26.9    77   22.6    0.0    ONO   0.00   1.6   ONO   27.0   29.5   29.5  1018.5   0.00    0.0    0.000   0.090   28.4    40   13.5   28.3    7.55   1.1595     351     1    100.0   15 
12/08/26  20:45   26.8   26.9   26.7    79   22.9    0.0    OSO   0.00   6.4    SO   26.8   29.4   29.4  1018.6   0.00    0.0    0.000   0.089   28.2    40   13.3   28.0    7.55   1.1603     351     1    100.0   15 
12/08/26  21:00   26.6   26.7   26.5    80   22.9    0.0    OSO   0.00   4.8   OSO   26.6   29.1   29.1  1018.7   0.00    0.0    0.000   0.086   28.1    41   13.6   27.9    7.70   1.1606     352     1    100.0   15 
12/08/26  21:15   26.3   26.5   26.2    81   22.8    0.0      O   0.00   1.6     O   26.3   28.7   28.7  1018.8   0.00    0.0    0.000   0.083   28.0    41   13.5   27.8    7.70   1.1612     351     1    100.0   15 
12/08/26  21:30   26.1   26.2   26.0    82   22.8    0.0      O   0.00   3.2     O   26.1   28.4   28.4  1018.9   0.00    0.0    0.000   0.081   27.9    40   13.1   27.6    7.55   1.1621     351     1    100.0   15 
12/08/26  21:45   25.9   26.0   25.8    83   22.8    0.0      O   0.00   1.6     O   25.9   28.3   28.3  1019.1   0.00    0.0    0.000   0.079   27.8    40   12.9   27.4    7.55   1.1631     351     1    100.0   15 
12/08/26  22:00   25.8   25.8   25.8    84   22.9    0.0      O   0.00   3.2     O   25.8   28.2   28.2  1019.1   0.00    0.0    0.000   0.078   27.7    41   13.3   27.4    7.71   1.1630     351     1    100.0   15 
12/08/26  22:15   25.7   25.8   25.6    84   22.8    0.0    OSO   0.00   4.8    SO   25.7   27.9   27.9  1019.1   0.00    0.0    0.000   0.076   27.9    46   15.2   28.0    8.45   1.1599     352     1    100.0   15 
12/08/26  22:30   25.6   25.6   25.6    84   22.7    0.0    ONO   0.00   1.6   ONO   25.6   27.8   27.8  1019.1   0.00    0.0    0.000   0.076   28.2    50   16.8   28.8    9.09   1.1566     350     1    100.0   15 
12/08/26  22:45   25.4   25.6   25.3    86   22.9    0.0    NNO   0.00   4.8   OSO   25.4   27.7   27.7  1019.2   0.00    0.0    0.000   0.074   28.4    55   18.5   29.6    9.85   1.1533     350     1    100.0   15 
12/08/26  23:00   25.3   25.3   25.3    86   22.8    0.0    ONO   0.00   4.8    NO   25.3   27.6   27.6  1019.1   0.00    0.0    0.000   0.073   28.6    61   20.4   30.6   10.95   1.1495     351     1    100.0   15 
12/08/26  23:15   25.2   25.3   25.2    87   22.9    0.0    OSO   0.00   4.8   OSO   25.2   27.4   27.4  1019.0   0.00    0.0    0.000   0.072   28.7    63   21.0   31.1   11.28   1.1479     351     1    100.0   15 
12/08/26  23:30   25.1   25.2   25.0    87   22.8    0.0    OSO   0.00   1.6   OSO   25.1   27.3   27.3  1018.9   0.00    0.0    0.000   0.071   28.7    63   21.0   31.1   11.28   1.1478     351     1    100.0   15 
12/08/26  23:45   24.9   25.0   24.8    87   22.6    0.0    OSO   0.00   3.2   OSO   24.9   27.0   27.0  1018.8   0.00    0.0    0.000   0.069   28.8    64   21.3   31.4   11.47   1.1469     351     1    100.0   15 
13/08/26  00:00   24.8   24.8   24.7    87   22.5    0.0    OSO   0.00   3.2   OSO   24.8   26.8   26.8  1018.6   0.00    0.0    0.000   0.067   28.8    65   21.5   31.5   11.67   1.1463     350     1    100.0   15 
13/08/26   0:15   24.7   24.8   24.7    86   22.2    1.6    OSO   0.40   4.8    NO   24.7   26.7   26.7  1018.5   0.00    0.0    0.000   0.067   28.8    65   21.5   31.5   11.67   1.1461     302     1     88.3   15 
13/08/26   0:30   24.6   24.7   24.6    84   21.7    0.0      O   0.00   3.2     O   24.6   26.4   26.4  1018.4   0.00    0.0    0.000   0.065   28.7    65   21.5   31.4   11.68   1.1463     350     1    100.0   15 
13/08/26   0:45   24.5   24.6   24.4    82   21.2    0.0      O   0.00   3.2     O   24.5   26.2   26.2  1018.3   0.00    0.0    0.000   0.064   28.7    64   21.2   31.2   11.48   1.1466     351     1    100.0   15 
13/08/26   1:00   24.6   24.8   24.4    75   19.8    1.6     NO   0.40   6.4    NO   24.6   25.9   25.9  1018.2   0.00    0.0    0.000   0.065   28.7    62   20.7   30.8   11.08   1.1477     350     1    100.0   15 
13/08/26   1:15   24.9   24.9   24.8    76   20.4    1.6     NO   0.40   4.8    NO   24.9   26.4   26.4  1018.1   0.00    0.0    0.000   0.069   28.6    61   20.4   30.6   10.95   1.1484     351     1    100.0   15 
13/08/26   1:30   24.9   25.0   24.9    77   20.6    0.0     NO   0.00   4.8    NO   24.9   26.4   26.4  1018.2   0.00    0.0    0.000   0.069   28.6    61   20.4   30.6   10.95   1.1486     351     1    100.0   15 
13/08/26   1:45   24.8   24.9   24.7    73   19.6    0.0     NO   0.00   3.2    NO   24.8   26.0   26.0  1018.2   0.00    0.0    0.000   0.067   28.6    60   20.1   30.4   10.75   1.1489     352     1    100.0   15 
13/08/26   2:00   24.8   24.8   24.7    75   20.0    0.0     NO   0.00   4.8    NO   24.8   26.2   26.2  1018.1   0.00    0.0    0.000   0.067   28.6    60   20.0   30.3   10.75   1.1491     350     1    100.0   15 
13/08/26   2:15   24.7   24.8   24.6    76   20.2    0.0    ---   0.00   0.0   ---   24.7   26.2   26.2  1018.1   0.00    0.0    0.000   0.067   28.6    60   20.0   30.3   10.75   1.1491     351     1    100.0   15 
13/08/26   2:30   24.6   24.7   24.6    77   20.3    0.0     NO   0.00   1.6    NO   24.6   26.1   26.1  1018.0   0.00    0.0    0.000   0.065   28.6    60   20.0   30.3   10.75   1.1491     351     1    100.0   15 
13/08/26   2:45   24.3   24.6   24.2    77   20.0    0.0    ---   0.00   0.0   ---   24.3   25.7   25.7  1017.9   0.00    0.0    0.000   0.063   28.6    60   20.0   30.3   10.75   1.1490     352     1    100.0   15 
13/08/26   3:00   23.9   24.1   23.7    78   19.9    0.0     NO   0.00   1.6    NO   23.9   25.3   25.3  1018.0   0.00    0.0    0.000   0.058   28.6    60   20.0   30.3   10.75   1.1491     350     1    100.0   15 
13/08/26   3:15   23.7   23.7   23.6    77   19.4    0.0    ---   0.00   0.0   ---   23.7   24.8   24.8  1018.1   0.00    0.0    0.000   0.056   28.4    60   19.9   30.1   10.75   1.1497     351     1    100.0   15 
13/08/26   3:30   23.5   23.6   23.4    75   18.8    0.0     NO   0.00   3.2    NO   23.5   24.6   24.6  1018.1   0.00    0.0    0.000   0.054   28.4    59   19.6   29.8   10.55   1.1504     351     1    100.0   15 
13/08/26   3:45   23.7   23.9   23.5    74   18.8    1.6     NO   0.40   4.8    NO   23.7   24.8   24.8  1018.1   0.00    0.0    0.000   0.056   28.3    58   19.3   29.7   10.35   1.1512     351     1    100.0   15 
13/08/26   4:00   24.0   24.1   23.9    73   18.9    1.6     NO   0.40   4.8    NO   24.0   25.1   25.1  1018.0   0.00    0.0    0.000   0.059   28.3    58   19.2   29.6   10.35   1.1514     352     1    100.0   15 
13/08/26   4:15   24.1   24.1   24.1    71   18.5    1.6     NO   0.40   3.2    NO   24.1   25.1   25.1  1018.0   0.00    0.0    0.000   0.060   28.2    57   18.9   29.4   10.21   1.1522     351     1    100.0   15 
13/08/26   4:30   24.2   24.2   24.1    67   17.7    0.0     NO   0.00   1.6    NO   24.2   24.9   24.9  1018.1   0.00    0.0    0.000   0.061   28.2    57   18.8   29.3   10.20   1.1525     351     1    100.0   15 
13/08/26   4:45   24.2   24.2   24.1    66   17.4    1.6     NO   0.40   4.8    NO   24.2   24.9   24.9  1018.1   0.00    0.0    0.000   0.061   28.1    55   18.2   29.1    9.85   1.1538     351     1    100.0   15 
13/08/26   5:00   24.2   24.3   24.1    70   18.4    0.0    ---   0.00   0.0   ---   24.2   25.2   25.2  1018.2   0.00    0.0    0.000   0.061   28.1    55   18.2   29.1    9.85   1.1539     352     1    100.0   15 
