                 Temp.  Temp.  Temp.  Hum.   Punt   Vel.   Dir.   Rec.  Vel.  Dir.  Sens.   Índ.   Índ.                  Int. Graus D.Graus D.  Temp.  Hum. Rosada  In.Cal.  EMC     Dens.    Mostr   Tx   Recep.  Int.
  Data    Hora    Ext.   Màx.   Mín.  Ext. Rosada   Vent   Vent   Vent  Màx.  Màx.  Tèrm.  Calor   THW    Bar    Pluja   Pluja  Calor    Fred    Int.  Int.   Int.   Int.    Int.  Int.Aire    Vent   Vent   ISS   Arc.
-------------------------------------------------------------------------------------------------------------------------------------------------------------------------------------------------------------------------
28/08/26   0:15   25.2   25.3   25.2    40   10.7    1.6     NO   0.40  11.3   NNO   25.2   24.8   24.8  1011.6   0.00    0.0    0.000   0.072   28.3    42   14.2   28.3    7.85   1.1509     350     1    100.0   15 
28/08/26   0:30   25.2   25.2   25.2    39   10.3    1.6    OSO   0.40  11.3   NNO   25.2   24.7   24.7  1012.1   0.00    0.0    0.000   0.072   28.3    40   13.4   28.1    7.55   1.1526     351     1    100.0   15 
28/08/26   0:45   25.2   25.2   25.1    40   10.6    0.0    OSO   0.00   4.8    NO   25.2   24.7   24.7  1012.6   0.00    0.0    0.000   0.071   28.2    40   13.3   28.0    7.55   1.1534     350     1    100.0   15 
28/08/26   1:00   24.9   25.1   24.8    40   10.4    0.0    ---   0.00   0.0   ---   24.9   24.5   24.5  1013.3   0.00    0.0    0.000   0.069   28.2    40   13.3   28.0    7.55   1.1543     350     1    100.0   15 
28/08/26   1:15   24.7   24.8   24.6    41   10.6    0.0    OSO   0.00   4.8    SO   24.7   24.3   24.3  1013.2   0.00    0.0    0.000   0.067   28.2    39   12.9   27.8    7.40   1.1548     351     1    100.0   15 
28/08/26   1:30   24.4   24.6   24.3    41   10.3    1.6     NO   0.40   6.4   OSO   24.4   24.0   24.0  1012.9   0.00    0.0    0.000   0.064   28.1    39   12.9   27.8    7.40   1.1548     351     1    100.0   15 
28/08/26   1:45   24.2   24.3   24.2    41   10.1    0.0    OSO   0.00   6.4    NO   24.2   23.8   23.8  1013.0   0.00    0.0    0.000   0.061   28.1    38   12.4   27.6    7.25   1.1556     351     1    100.0   15 
28/08/26   2:00   24.1   24.2   23.9    41   10.0    0.0    NNO   0.00   6.4   NNO   24.1   23.7   23.7  1012.5   0.00    0.0    0.000   0.060   28.0    38   12.4   27.6    7.25   1.1553     351     1    100.0   15 
28/08/26   2:15   24.1   24.1   23.9    40    9.6    3.2     NO   0.80  14.5   ONO   24.1   23.6   23.6  1012.6   0.00    0.0    0.000   0.060   27.9    37   11.9   27.3    7.11   1.1563     351     2    100.0   15 
28/08/26   2:30   24.0   24.1   23.9    40    9.6    3.2     NO   0.80  12.9   ONO   24.0   23.6   23.6  1012.4   0.00    0.0    0.000   0.059   27.8    37   11.8   27.2    7.11   1.1566     352     1    100.0   15 
28/08/26   2:45   24.1   24.1   24.0    40    9.6    4.8     NO   1.21  12.9   OSO   24.1   23.6   23.6  1012.6   0.00    0.0    0.000   0.060   27.7    37   11.7   27.1    7.11   1.1572     351     1    100.0   15 
28/08/26   3:00   24.0   24.1   23.9    40    9.6    4.8     NO   1.21  12.9    NO   24.0   23.6   23.6  1012.6   0.00    0.0    0.000   0.059   27.6    37   11.6   27.0    7.12   1.1577     351     1    100.0   15 
28/08/26   3:15   23.8   23.9   23.8    41    9.8    3.2     NO   0.80  14.5   OSO   23.8   23.4   23.4  1012.8   0.00    0.0    0.000   0.057   27.6    37   11.6   26.9    7.12   1.1581     350     1    100.0   15 
28/08/26   3:30   23.7   23.8   23.6    41    9.6    3.2     NO   0.80  14.5     O   23.7   23.2   23.2  1012.9   0.00    0.0    0.000   0.056   27.5    37   11.5   26.8    7.12   1.1586     352     1    100.0   15 
28/08/26   3:45   23.4   23.6   23.3    42    9.8    3.2     NO   0.80  14.5    SO   23.4   23.1   23.1  1013.0   0.00    0.0    0.000   0.053   27.4    37   11.5   26.8    7.12   1.1590     351     1    100.0   15 
28/08/26   4:00   23.2   23.4   23.1    43    9.9    3.2    NNO   0.80  11.3    NO   23.2   22.8   22.8  1013.4   0.00    0.0    0.000   0.051   27.3    37   11.4   26.6    7.13   1.1599     350     1    100.0   15 
28/08/26   4:15   22.9   23.1   22.9    44   10.0    3.2     NO   0.80   9.7   NNO   22.9   22.4   22.4  1013.4   0.00    0.0    0.000   0.048   27.3    37   11.3   26.6    7.13   1.1602     351     1    100.0   15 
28/08/26   4:30   22.8   22.9   22.8    45   10.3    4.8     NO   1.21  19.3   OSO   22.8   22.3   22.3  1013.0   0.00    0.0    0.000   0.047   27.2    38   11.7   26.6    7.25   1.1596     351     1    100.0   15 
28/08/26   4:45   22.7   22.8   22.7    46   10.5    4.8     NO   1.21  16.1   NNO   22.7   22.2   22.2  1013.3   0.00    0.0    0.000   0.046   27.2    38   11.6   26.5    7.25   1.1602     352     1    100.0   15 
28/08/26   5:00   22.7   22.7   22.6    46   10.5    4.8     NO   1.21  20.9   NNO   22.7   22.2   22.2  1012.9   0.00    0.0    0.000   0.045   27.1    38   11.5   26.4    7.25   1.1602     349     1    100.0   15 
28/08/26   5:15   22.5   22.6   22.3    46   10.3    3.2     NO   0.80  14.5   OSO   22.5   21.9   21.9  1013.0   0.00    0.0    0.000   0.043   26.9    38   11.4   26.3    7.25   1.1609     350     1    100.0   15 
28/08/26   5:30   22.3   22.4   22.2    47   10.4    1.6    NNO   0.40  14.5   NNO   22.3   21.6   21.6  1013.2   0.00    0.0    0.000   0.041   26.8    38   11.3   26.2    7.25   1.1617     351     1    100.0   15 
28/08/26   5:45   22.2   22.2   22.1    47   10.4    3.2     NO   0.80  14.5   NNO   22.2   21.6   21.6  1013.6   0.00    0.0    0.000   0.041   26.8    38   11.3   26.1    7.25   1.1624     351     1    100.0   15 
28/08/26   6:00   22.2   22.2   22.1    47   10.3    3.2     NO   0.80  14.5     O   22.2   21.4   21.4  1013.9   0.00    0.0    0.000   0.040   26.7    39   11.6   26.1    7.45   1.1626     351     1    100.0   15 
28/08/26   6:15   22.1   22.2   22.1    46    9.9    3.2     NO   0.80  14.5   NNO   22.1   21.3   21.3  1014.1   0.00    0.0    0.000   0.039   26.7    39   11.6   26.1    7.45   1.1631     351     1    100.0   15 
28/08/26   6:30   22.3   22.3   22.2    45    9.8    1.6     SO   0.40  11.3   SSO   22.3   21.6   21.6  1014.2   0.00    0.0    0.000   0.041   26.7    39   11.6   26.1    7.45   1.1629     350     1    100.0   15 
28/08/26   6:45   22.4   22.4   22.3    44    9.5    3.2     NO   0.80  12.9    NO   22.4   21.7   21.7  1014.1   0.00    0.0    0.000   0.042   26.8    38   11.3   26.1    7.25   1.1630     352     1    100.0   15 
28/08/26   7:00   22.4   22.4   22.3    44    9.5    4.8     NO   1.21  20.9   NNO   22.4   21.7   21.7  1014.2   0.00    0.0    0.000   0.042   26.8    37   10.9   26.1    7.14   1.1633     351     1    100.0   15 
28/08/26   7:15   22.3   22.4   22.3    44    9.5    4.8     NO   1.21  22.5   NNO   22.3   21.6   21.6  1014.7   0.00    0.0    0.000   0.042   26.9    37   11.0   26.2    7.14   1.1636     350     1    100.0   15 
28/08/26   7:30   22.2   22.3   22.2    43    9.0    6.4    NNO   1.61  17.7   NNO   22.2   21.3   21.3  1014.9   0.00    0.0    0.000   0.041   26.9    37   11.0   26.2    7.14   1.1635     351     1    100.0   15 
28/08/26   7:45   22.5   22.8   22.3    42    8.9    8.0     NO   2.01  22.5     O   22.5   21.7   21.7  1014.9   0.00    0.0    0.000   0.043   27.0    36   10.7   26.2    6.93   1.1636     351     1    100.0   15 
28/08/26   8:00   22.9   23.0   22.8    41    8.9    8.0    NNO   2.01  24.1     O   22.9   22.3   22.3  1014.8   0.00    0.0    0.000   0.047   27.1    36   10.7   26.3    6.92   1.1633     350     1    100.0   15 
28/08/26   8:15   23.2   23.3   23.0    40    8.8    6.4     NO   1.61  25.7   NNO   23.2   22.6   22.6  1014.9   0.00    0.0    0.000   0.050   27.1    36   10.7   26.3    6.92   1.1634     351     1    100.0   15 
28/08/26   8:30   23.1   23.2   23.1    39    8.4    6.4    NNO   1.61  25.7   NNO   23.1   22.5   22.5  1015.2   0.00    0.0    0.000   0.050   27.1    36   10.8   26.3    6.92   1.1635     351     1    100.0   15 
28/08/26   8:45   23.5   23.8   23.2    33    6.3    8.0    NNO   2.01  25.7   NNO   23.5   22.7   22.7  1015.5   0.00    0.0    0.000   0.054   27.3    35   10.5   26.4    6.81   1.1635     351     1    100.0   15 
28/08/26   9:00   24.0   24.3   23.8    33    6.7    6.4     NO   1.61  22.5     O   24.0   23.2   23.2  1015.6   0.00    0.0    0.000   0.059   27.4    34   10.1   26.6    6.60   1.1635     352     1    100.0   15 
28/08/26   9:15   24.4   24.6   24.3    33    7.1    6.4     NO   1.61  24.1   NNO   24.4   23.7   23.7  1015.8   0.00    0.0    0.000   0.064   27.6    34   10.3   26.7    6.59   1.1629     351     1    100.0   15 
28/08/26   9:30   24.9   25.1   24.6    33    7.6    6.4     SO   1.61  29.0   NNO   24.9   24.3   24.3  1015.7   0.00    0.0    0.000   0.069   27.8    33   10.0   26.9    6.47   1.1622     350     1    100.0   15 
28/08/26   9:45   25.1   25.2   24.9    33    7.7    8.0     NO   2.01  32.2   NNO   25.1   24.4   24.4  1015.7   0.00    0.0    0.000   0.070   28.0    34   10.7   27.2    6.55   1.1607     351     1    100.0   15 
28/08/26  10:00   25.3   25.4   25.2    32    7.4    9.7     NO   2.41  35.4   NNE   25.3   24.6   24.6  1015.8   0.00    0.0    0.000   0.073   28.2    34   10.8   27.4    6.54   1.1600     350     1    100.0   15 
28/08/26  10:15   25.2   25.3   25.0    33    7.8    8.0     NO   2.01  22.5    NO   25.2   24.6   24.6  1015.4   0.00    0.0    0.000   0.072   28.3    33   10.5   27.5    6.43   1.1593     352     1    100.0   15 
28/08/26  10:30   25.1   25.4   24.9    34    8.1    6.4     NO   1.61  25.7     O   25.1   24.5   24.5  1015.5   0.00    0.0    0.000   0.071   28.5    33   10.7   27.7    6.42   1.1585     351     1    100.0   15 
28/08/26  10:45   25.6   25.7   25.4    33    8.1    6.4     NO   1.61  17.7   ONO   25.6   24.8   24.8  1015.9   0.00    0.0    0.000   0.076   28.6    33   10.8   27.9    6.41   1.1585     350     1    100.0   15 
28/08/26  11:00   25.9   26.3   25.7    32    8.0    6.4     NO   1.61  24.1   NNO   25.9   25.1   25.1  1016.0   0.00    0.0    0.000   0.079   28.7    33   10.8   27.9    6.41   1.1583     351     1    100.0   15 
28/08/26  11:15   26.7   27.2   26.3    31    8.2    4.8     NO   1.21  14.5     O   26.7   25.7   25.7  1015.9   0.00    0.0    0.000   0.087   28.8    34   11.4   28.3    6.49   1.1570     351     1    100.0   15 
28/08/26  11:30   27.4   27.8   27.2    30    8.3    4.8    NNO   1.21  16.1    SO   27.4   26.3   26.3  1015.9   0.00    0.0    0.000   0.094   28.9    34   11.5   28.4    6.49   1.1565     351     1    100.0   15 
28/08/26  11:45   27.7   27.9   27.5    30    8.6    6.4     NO   1.61  17.7   NNO   27.7   26.7   26.7  1015.8   0.00    0.0    0.000   0.098   29.1    33   11.2   28.5    6.37   1.1561     351     1    100.0   15 
28/08/26  12:00   27.7   27.8   27.6    28    7.5    6.4     NO   1.61  19.3    SO   27.7   26.6   26.6  1015.7   0.00    0.0    0.000   0.098   29.2    33   11.3   28.6    6.37   1.1554     351     1    100.0   15 
28/08/26  12:15   27.7   28.0   27.5    28    7.5    6.4     NO   1.61  14.5   NNO   27.7   26.6   26.6  1015.8   0.00    0.0    0.000   0.098   29.3    32   10.9   28.6    6.25   1.1554     351     1    100.0   15 
28/08/26  12:30   28.1   28.3   27.9    28    7.8    8.0    NNO   2.01  20.9     N   28.1   26.8   26.8  1015.9   0.00    0.0    0.000   0.101   29.5    31   10.6   28.6    6.15   1.1553     351     1    100.0   15 
28/08/26  12:45   28.4   28.7   28.3    26    7.1    4.8    NNO   1.21  14.5    NO   28.4   27.1   27.1  1015.9   0.00    0.0    0.000   0.105   29.6    32   11.1   28.8    6.25   1.1545     351     1    100.0   15 
28/08/26  13:00   28.7   28.8   28.5    23    5.5    6.4    OSO   1.61  20.9     O   28.7   27.2   27.2  1015.8   0.00    0.0    0.000   0.108   29.6    32   11.2   28.8    6.25   1.1541     351     1    100.0   15 
28/08/26  13:15   28.8   29.2   28.7    24    6.2    6.4     NO   1.61  20.9    SO   28.8   27.4   27.4  1015.5   0.00    0.0    0.000   0.109   29.8    31   10.8   28.9    6.15   1.1535     350     1    100.0   15 
28/08/26  13:30   29.2   29.3   28.9    23    5.9    6.4    OSO   1.61  16.1   OSO   29.2   27.6   27.6  1015.3   0.00    0.0    0.000   0.113   29.8    31   10.8   28.9    6.15   1.1533     351     1    100.0   15 
28/08/26  13:45   29.2   29.3   29.1    23    5.9    6.4     SO   1.61  19.3    SO   29.2   27.6   27.6  1015.3   0.00    0.0    0.000   0.113   29.9    30   10.4   28.9    6.03   1.1533     351     1    100.0   15 
28/08/26  14:00   29.4   29.7   29.2    23    6.1    4.8     NO   1.21  12.9   OSO   29.4   27.9   27.9  1015.2   0.00    0.0    0.000   0.116   29.9    31   11.0   29.1    6.15   1.1524     351     1    100.0   15 
28/08/26  14:15   29.9   30.3   29.7    22    5.9    3.2    OSO   0.80  17.7   OSO   29.9   28.2   28.2  1015.0   0.00    0.0    0.000   0.120   29.9    32   11.5   29.2    6.25   1.1516     351     1    100.0   15 
28/08/26  14:30   30.1   30.4   29.8    20    4.6    6.4     NO   1.61  14.5   NNO   30.1   28.3   28.3  1014.8   0.00    0.0    0.000   0.122   29.9    32   11.5   29.2    6.25   1.1515     352     1    100.0   15 
28/08/26  14:45   29.9   30.1   29.8    20    4.5    4.8    OSO   1.21  14.5   NNO   29.9   28.2   28.2  1014.6   0.00    0.0    0.000   0.121   29.9    31   11.0   29.1    6.15   1.1517     351     1    100.0   15 
28/08/26  15:00   30.1   30.2   29.8    19    3.9    4.8     NO   1.21  11.3   NNO   30.1   28.2   28.2  1014.7   0.00    0.0    0.000   0.122   30.0    31   11.0   29.2    6.15   1.1516     351     1    100.0   15 
28/08/26  15:15   30.1   30.1   30.0    20    4.6    4.8     SO   1.21  14.5   OSO   30.1   28.3   28.3  1014.6   0.00    0.0    0.000   0.122   30.1    30   10.6   29.1    6.03   1.1517     351     1    100.0   15 
28/08/26  15:30   29.8   30.1   29.6    20    4.4    4.8    OSO   1.21  17.7   OSO   29.8   28.0   28.0  1014.7   0.00    0.0    0.000   0.119   30.1    30   10.6   29.2    6.03   1.1516     352     1    100.0   15 
28/08/26  15:45   29.4   29.6   29.3    21    4.8    4.8     SO   1.21  19.3   OSO   29.4   27.7   27.7  1014.8   0.00    0.0    0.000   0.116   30.1    30   10.6   29.2    6.03   1.1517     351     1    100.0   15 
28/08/26  16:00   29.3   29.4   29.3    19    3.3    4.8     SO   1.21  19.3    SO   29.3   27.6   27.6  1014.8   0.00    0.0    0.000   0.115   30.2    30   10.7   29.2    6.02   1.1514     351     1    100.0   15 
28/08/26  16:15   29.4   29.6   29.3    18    2.6    3.2    OSO   0.80  11.3     O   29.4   27.7   27.7  1014.8   0.00    0.0    0.000   0.116   30.2    28    9.7   29.1    5.65   1.1521     351     1    100.0   15 
28/08/26  16:30   29.4   29.5   29.2    17    1.8    3.2    OSO   0.80  11.3   OSO   29.4   27.6   27.6  1014.9   0.00    0.0    0.000   0.115   30.3    28    9.7   29.1    5.65   1.1519     351     1    100.0   15 
28/08/26  16:45   29.1   29.2   28.9    19    3.1    3.2     SO   0.80  11.3    SO   29.1   27.3   27.3  1014.8   0.00    0.0    0.000   0.112   30.3    27    9.2   29.0    5.52   1.1524     352     1    100.0   15 
28/08/26  17:00   28.9   29.1   28.6    19    3.0    4.8     NO   1.21  16.1   OSO   28.9   27.2   27.2  1014.7   0.00    0.0    0.000   0.111   30.2    27    9.1   28.9    5.52   1.1525     349     1    100.0   15 
28/08/26  17:15   28.1   28.6   27.9    20    3.0    4.8    NNO   1.21  19.3   OSO   28.1   26.4   26.4  1014.7   0.00    0.0    0.000   0.102   30.2    26    8.5   28.8    5.35   1.1533     351     1    100.0   15 
28/08/26  17:30   28.2   28.4   27.9    21    3.8    4.8    NNO   1.21  16.1   ONO   28.2   26.6   26.6  1014.6   0.00    0.0    0.000   0.103   30.1    26    8.5   28.8    5.35   1.1534     351     1    100.0   15 
28/08/26  17:45   28.2   28.4   28.1    22    4.4    4.8     NO   1.21  14.5    SO   28.2   26.6   26.6  1014.6   0.00    0.0    0.000   0.102   30.1    26    8.5   28.8    5.35   1.1534     351     1    100.0   15 
28/08/26  18:00   27.7   28.0   27.3    22    4.0    3.2     NO   0.80  14.5     O   27.7   26.1   26.1  1014.7   0.00    0.0    0.000   0.097   30.1    25    7.9   28.6    5.23   1.1543     351     1    100.0   15 
28/08/26  18:15   26.8   27.3   26.4    23    4.0    3.2     NO   0.80  11.3     O   26.8   25.3   25.3  1014.8   0.00    0.0    0.000   0.089   29.9    25    7.8   28.5    5.23   1.1548     351     1    100.0   15 
28/08/26  18:30   26.3   26.5   26.0    27    5.8    1.6    ONO   0.40   9.7    NO   26.3   25.1   25.1  1015.0   0.00    0.0    0.000   0.083   29.8    25    7.6   28.3    5.24   1.1558     348     1    100.0   15 
28/08/26  18:45   25.7   25.9   25.3    28    5.8    1.6     NO   0.40   9.7   ONO   25.7   24.7   24.7  1015.0   0.00    0.0    0.000   0.076   29.7    26    8.1   28.3    5.35   1.1558     351     1    100.0   15 
28/08/26  19:00   25.1   25.4   24.9    29    5.8    1.6     NO   0.40  11.3     O   25.1   24.4   24.4  1015.2   0.00    0.0    0.000   0.071   29.6    27    8.6   28.3    5.55   1.1561     350     1    100.0   15 
28/08/26  19:15   24.8   24.9   24.6    30    6.0    1.6     NO   0.40   6.4   NNO   24.8   24.1   24.1  1015.4   0.00    0.0    0.000   0.067   29.4    27    8.5   28.2    5.55   1.1569     351     1    100.0   15 
28/08/26  19:30   24.4   24.6   24.2    31    6.2    3.2     NO   0.80  11.3   ONO   24.4   23.6   23.6  1015.5   0.00    0.0    0.000   0.063   29.3    27    8.3   28.0    5.55   1.1578     351     1    100.0   15 
28/08/26  19:45   24.0   24.2   23.7    33    6.7    1.6      O   0.40   4.8     O   24.0   23.2   23.2  1015.7   0.00    0.0    0.000   0.059   29.1    28    8.7   27.9    5.66   1.1585     350     1    100.0   15 
28/08/26  20:00   23.6   23.7   23.5    34    6.8    1.6     NO   0.40   6.4     O   23.6   22.8   22.8  1015.9   0.00    0.0    0.000   0.054   28.8    28    8.5   27.6    5.67   1.1600     352     1    100.0   15 
28/08/26  20:15   23.6   23.7   23.6    34    6.8    0.0    NNO   0.00   3.2   NNO   23.6   22.9   22.9  1016.1   0.00    0.0    0.000   0.055   28.6    28    8.3   27.4    5.68   1.1610     351     1    100.0   15 
28/08/26  20:30   23.3   23.6   22.9    36    7.4    0.0    NNO   0.00   3.2   NNO   23.3   22.6   22.6  1015.9   0.00    0.0    0.000   0.052   28.4    29    8.7   27.3    5.85   1.1611     351     1    100.0   15 
28/08/26  20:45   22.8   22.9   22.8    36    6.9    0.0    ---   0.00   0.0   ---   22.8   21.8   21.8  1016.0   0.00    0.0    0.000   0.046   28.3    29    8.5   27.1    5.85   1.1619     351     1    100.0   15 
28/08/26  21:00   22.7   22.8   22.6    36    6.8    0.0      E   0.00   4.8    SE   22.7   21.7   21.7  1016.2   0.00    0.0    0.000   0.045   28.1    29    8.4   26.9    5.85   1.1630     352     1    100.0   15 
28/08/26  21:15   22.6   22.6   22.6    37    7.1    0.0      E   0.00   1.6     E   22.6   21.6   21.6  1016.4   0.00    0.0    0.000   0.044   27.9    30    8.7   26.8    6.05   1.1637     351     1    100.0   15 
28/08/26  21:30   22.6   22.7   22.6    37    7.2    0.0      E   0.00   1.6     E   22.6   21.6   21.6  1016.5   0.00    0.0    0.000   0.045   27.8    30    8.6   26.7    6.05   1.1644     351     1    100.0   15 
28/08/26  21:45   22.7   22.7   22.7    36    6.8    0.0      E   0.00   1.6     E   22.7   21.7   21.7  1016.9   0.00    0.0    0.000   0.045   27.7    30    8.5   26.6    6.05   1.1654     351     1    100.0   15 
28/08/26  22:00   22.6   22.7   22.6    36    6.8    1.6    ENE   0.40   8.0     E   22.6   21.6   21.6  1017.2   0.00    0.0    0.000   0.045   27.6    30    8.5   26.6    6.05   1.1660     351     1    100.0   15 
28/08/26  22:15   22.6   22.8   22.4    37    7.2    3.2    ENE   0.80   9.7    NE   22.6   21.6   21.6  1017.3   0.00    0.0    0.000   0.045   27.4    30    8.3   26.3    6.05   1.1669     351     1    100.0   15 
28/08/26  22:30   22.6   22.7   22.4    39    7.9    3.2    ENE   0.80  11.3   ENE   22.6   21.7   21.7  1017.5   0.00    0.0    0.000   0.044   27.3    30    8.2   26.2    6.05   1.1676     351     1    100.0   15 
28/08/26  22:45   22.6   22.7   22.3    42    9.0    1.6    ENE   0.40   8.0     E   22.6   21.8   21.8  1017.8   0.00    0.0    0.000   0.044   27.2    32    9.1   26.2    6.33   1.1676     351     1    100.0   15 
28/08/26  23:00   22.1   22.3   21.9    45    9.6    1.6    ENE   0.40   8.0     E   22.1   21.3   21.3  1018.0   0.00    0.0    0.000   0.039   27.2    33    9.5   26.3    6.51   1.1674     350     1    100.0   15 
28/08/26  23:15   21.9   21.9   21.8    48   10.4    1.6      E   0.40   4.8   ESE   21.9   21.1   21.1  1018.1   0.00    0.0    0.000   0.037   27.2    34   10.0   26.3    6.61   1.1671     351     1    100.0   15 
28/08/26  23:30   21.7   21.8   21.7    52   11.4    1.6      E   0.40   4.8     E   21.7   21.1   21.1  1018.2   0.00    0.0    0.000   0.035   27.2    35   10.4   26.4    6.81   1.1668     351     1    100.0   15 
28/08/26  23:45   21.7   21.8   21.4    47    9.9    1.6     NE   0.40   6.4    NE   21.7   20.7   20.7  1018.3   0.00    0.0    0.000   0.035   27.2    36   10.8   26.4    6.91   1.1665     351     1    100.0   15 
29/08/26  00:00   21.1   21.4   20.8    47    9.3    1.6     NO   0.40   4.8   NNO   21.1   19.9   19.9  1018.3   0.00    0.0    0.000   0.028   27.2    36   10.8   26.4    6.91   1.1668     351     1    100.0   15 
29/08/26   0:15   20.8   20.8   20.7    49    9.7    1.6     NO   0.40   6.4    NO   20.8   19.9   19.9  1018.2   0.00    0.0    0.000   0.025   27.1    36   10.7   26.3    6.92   1.1672     348     1    100.0   15 
29/08/26   0:30   20.7   20.7   20.7    52   10.5    1.6     NO   0.40   3.2    NO   20.7   19.9   19.9  1018.2   0.00    0.0    0.000   0.024   27.0    36   10.7   26.2    6.93   1.1674     352     1    100.0   15 
29/08/26   0:45   20.9   21.1   20.7    57   12.0    0.0     NE   0.00   3.2   NNE   20.9   20.3   20.3  1017.9   0.00    0.0    0.000   0.027   27.0    37   11.1   26.3    7.14   1.1668     349     1    100.0   15 
29/08/26   1:00   20.9   21.1   20.6    51   10.4    1.6     NO   0.40   4.8    NO   20.9   20.1   20.1  1017.7   0.00    0.0    0.000   0.027   27.0    38   11.5   26.3    7.25   1.1662     350     1    100.0   15 
29/08/26   1:15   20.3   20.6   20.2    53   10.4    3.2     NO   0.80   6.4    NO   20.3   19.7   19.7  1017.7   0.00    0.0    0.000   0.020   26.9    38   11.4   26.3    7.25   1.1663     351     1    100.0   15 
29/08/26   1:30   20.1   20.2   20.1    55   10.8    3.2     NO   0.80   6.4    NO   20.1   19.7   19.7  1017.6   0.00    0.0    0.000   0.019   26.9    38   11.4   26.3    7.25   1.1662     350     1    100.0   15 
29/08/26   1:45   20.3   20.4   20.1    55   10.9    3.2     NO   0.80   4.8    NO   20.3   19.8   19.8  1017.4   0.00    0.0    0.000   0.020   26.9    38   11.4   26.2    7.25   1.1663     351     1    100.0   15 
29/08/26   2:00   20.4   20.5   20.4    55   11.1    0.0     NO   0.00   4.8    NO   20.4   19.9   19.9  1017.3   0.00    0.0    0.000   0.022   26.8    39   11.7   26.2    7.44   1.1661     351     1    100.0   15 
29/08/26   2:15   20.4   20.4   20.3    56   11.3    1.6     NO   0.40   3.2    NO   20.4   19.9   19.9  1017.2   0.00    0.0    0.000   0.021   26.8    39   11.7   26.2    7.44   1.1660     351     1    100.0   15 
29/08/26   2:30   20.2   20.3   20.0    57   11.4    0.0     NO   0.00   3.2    NO   20.2   19.8   19.8  1017.2   0.00    0.0    0.000   0.019   26.8    39   11.7   26.2    7.45   1.1661     351     1    100.0   15 
29/08/26   2:45   19.8   20.0   19.7    58   11.3    0.0     NO   0.00   3.2    NO   19.8   19.6   19.6  1017.0   0.00    0.0    0.000   0.016   26.7    40   12.0   26.2    7.55   1.1658     352     1    100.0   15 
29/08/26   3:00   19.4   19.7   19.2    60   11.5    1.6     NO   0.40   4.8    NO   19.4   19.2   19.2  1017.0   0.00    0.0    0.000   0.012   26.7    40   11.9   26.1    7.55   1.1661     351     1    100.0   15 
29/08/26   3:15   18.9   19.2   18.7    62   11.4    1.6     NO   0.40   4.8    NO   18.9   18.6   18.6  1017.0   0.00    0.0    0.000   0.006   26.6    40   11.9   26.1    7.55   1.1663     351     1    100.0   15 
29/08/26   3:30   18.6   18.7   18.4    63   11.4    0.0     NO   0.00   3.2    NO   18.6   18.3   18.3  1017.1   0.00    0.0    0.000   0.002   26.5    41   12.2   26.1    7.75   1.1666     351     1    100.0   15 
29/08/26   3:45   18.3   18.4   18.2    62   10.9    0.0     NO   0.00   1.6    NO   18.3   17.9   17.9  1017.0   0.00    0.0    0.001   0.000   26.4    41   12.1   26.0    7.75   1.1668     352     1    100.0   15 
29/08/26   4:00   18.1   18.2   18.1    60   10.2    0.0     NO   0.00   1.6    NO   18.1   17.7   17.7  1017.1   0.00    0.0    0.002   0.000   26.3    41   12.0   25.9    7.75   1.1674     351     1    100.0   15 
29/08/26   4:15   18.0   18.1   17.9    59    9.9    0.0     NO   0.00   1.6    NO   18.0   17.5   17.5  1017.1   0.00    0.0    0.003   0.000   26.3    41   12.0   25.8    7.75   1.1677     351     1    100.0   15 
29/08/26   4:30   17.8   17.9   17.7    61   10.2    0.0     NO   0.00   3.2    NO   17.8   17.4   17.4  1017.2   0.00    0.0    0.005   0.000   26.2    41   11.9   25.8    7.75   1.1681     351     1    100.0   15 
29/08/26   4:45   17.6   17.7   17.5    63   10.5    0.0     NO   0.00   1.6    NO   17.6   17.2   17.2  1017.2   0.00    0.0    0.008   0.000   26.1    41   11.8   25.7    7.75   1.1686     351     1    100.0   15 
29/08/26   5:00   17.4   17.6   17.3    65   10.8    0.0     NO   0.00   1.6    NO   17.4   17.1   17.1  1017.3   0.00    0.0    0.009   0.000   26.0    41   11.7   25.6    7.75   1.1693     351     1    100.0   15 
29/08/26   5:15   17.2   17.3   17.1    65   10.6    0.0     NO   0.00   3.2    NO   17.2   16.9   16.9  1017.4   0.00    0.0    0.012   0.000   25.9    41   11.7   25.6    7.75   1.1697     350     1    100.0   15 
29/08/26   5:30   17.0   17.1   16.9    64   10.1    0.0    ONO   0.00   3.2   ONO   17.0   16.6   16.6  1017.5   0.00    0.0    0.014   0.000   25.8    41   11.6   25.4    7.75   1.1704     351     1    100.0   15 
29/08/26   5:45   16.9   16.9   16.8    64   10.0    0.0    ONO   0.00   1.6   ONO   16.9   16.4   16.4  1017.7   0.00    0.0    0.015   0.000   25.8    41   11.5   25.3    7.75   1.1708     351     1    100.0   15 
29/08/26   6:00   16.9   17.2   16.8    61    9.4    0.0    ONO   0.00   3.2   ONO   16.9   16.3   16.3  1017.8   0.00    0.0    0.014   0.000   25.8    41   11.6   25.4    7.75   1.1706     352     1    100.0   15 
29/08/26   6:15   17.4   17.7   17.2    60    9.6    0.0    ONO   0.00   1.6   ONO   17.4   16.9   16.9  1017.7   0.00    0.0    0.009   0.000   26.1    40   11.5   25.7    7.57   1.1696     351     1    100.0   15 
29/08/26   6:30   18.1   18.5   17.7    59   10.0    0.0    ONO   0.00   3.2   ONO   18.1   17.6   17.6  1017.7   0.00    0.0    0.002   0.000   26.4    39   11.4   25.9    7.46   1.1683     351     1    100.0   15 
29/08/26   6:45   18.7   18.9   18.5    58   10.2    0.0    ONO   0.00   3.2   ONO   18.7   18.2   18.2  1017.7   0.00    0.0    0.000   0.003   26.7    39   11.6   26.1    7.45   1.1670     351     1    100.0   15 
29/08/26   7:00   19.2   19.6   18.9    56   10.2    0.0    ONO   0.00   3.2   ONO   19.2   18.7   18.7  1017.9   0.00    0.0    0.000   0.009   26.9    39   11.8   26.3    7.44   1.1664     351     1    100.0   15 
29/08/26   7:15   19.8   20.1   19.6    56   10.8    0.0    ONO   0.00   3.2   ONO   19.8   19.4   19.4  1018.0   0.00    0.0    0.000   0.016   27.0    39   11.9   26.4    7.44   1.1660     352     1    100.0   15 
29/08/26   7:30   20.6   21.1   20.1    54   11.0    0.0    ONO   0.00   1.6   ONO   20.6   20.0   20.0  1018.0   0.00    0.0    0.000   0.024   27.1    39   12.0   26.5    7.43   1.1655     351     1    100.0   15 
29/08/26   7:45   21.7   22.4   21.1    51   11.1    0.0    SSO   0.00   4.8     E   21.7   20.9   20.9  1018.0   0.00    0.0    0.000   0.035   27.2    40   12.4   26.7    7.55   1.1645     351     1    100.0   15 
29/08/26   8:00   22.8   23.3   22.4    49   11.5    0.0    SSO   0.00   3.2     E   22.8   22.4   22.4  1018.1   0.00    0.0    0.000   0.046   27.3    40   12.5   26.8    7.55   1.1641     351     1    100.0   15 
29/08/26   8:15   23.9   24.4   23.3    47   11.9    0.0      E   0.00   4.8     E   23.9   23.8   23.8  1018.2   0.00    0.0    0.000   0.058   27.5    40   12.7   27.1    7.55   1.1634     352     1    100.0   15 
29/08/26   8:30   24.3   24.6   24.2    47   12.2    1.6     NO   0.40   8.0     E   24.3   24.2   24.2  1018.2   0.00    0.0    0.000   0.062   27.6    40   12.8   27.2    7.55   1.1628     351     1    100.0   15 
29/08/26   8:45   25.1   25.3   24.6    44   11.9    1.6    ENE   0.40   9.7     E   25.1   24.7   24.7  1018.3   0.00    0.0    0.000   0.070   27.6    39   12.4   27.1    7.42   1.1634     351     1    100.0   15 
29/08/26   9:00   25.6   25.8   25.3    42   11.7    3.2      E   0.80   9.7     E   25.6   25.2   25.2  1018.4   0.00    0.0    0.000   0.076   27.6    39   12.4   27.1    7.42   1.1635     351     1    100.0   15 
29/08/26   9:15   25.8   25.9   25.7    42   11.9    3.2    ENE   0.80   9.7     E   25.8   25.4   25.4  1018.4   0.00    0.0    0.000   0.078   27.6    39   12.4   27.1    7.42   1.1635     351     1    100.0   15 
29/08/26   9:30   26.3   26.7   25.9    40   11.6    1.6     NE   0.40   8.0     E   26.3   25.8   25.8  1018.5   0.00    0.0    0.000   0.083   27.7    38   12.1   27.1    7.25   1.1638     351     1    100.0   15 
29/08/26   9:45   26.6   26.9   26.5    40   11.9    3.2    OSO   0.80  11.3   ENE   26.6   26.1   26.1  1018.4   0.00    0.0    0.000   0.086   27.8    38   12.2   27.3    7.25   1.1631     350     1    100.0   15 
29/08/26  10:00   27.2   27.6   26.9    39   12.1    1.6      S   0.40  11.3   ESE   27.2   26.6   26.6  1018.2   0.00    0.0    0.000   0.093   27.9    38   12.3   27.4    7.25   1.1622     350     1    100.0   15 
