                 Temp.  Temp.  Temp.  Hum.   Punt   Vel.   Dir.   Rec.  Vel.  Dir.  Sens.   Índ.   Índ.                  Int. Graus D.Graus D.  Temp.  Hum. Rosada  In.Cal.  EMC     Dens.    Mostr   Tx   Recep.  Int.
  Data    Hora    Ext.   Màx.   Mín.  Ext. Rosada   Vent   Vent   Vent  Màx.  Màx.  Tèrm.  Calor   THW    Bar    Pluja   Pluja  Calor    Fred    Int.  Int.   Int.   Int.    Int.  Int.Aire    Vent   Vent   ISS   Arc.
-------------------------------------------------------------------------------------------------------------------------------------------------------------------------------------------------------------------------
26/08/26   0:15   23.5   23.7   23.4    64   16.3    1.6    ESE   0.40   4.8     E   23.5   24.1   24.1  1013.2   0.00    0.0    0.000   0.054   27.7    51   16.7   28.1    9.31   1.1518     350     1    100.0   15 
26/08/26   0:30   23.4   23.4   23.3    64   16.2    4.8    ENE   1.21  11.3   ENE   23.4   24.0   24.0  1012.9   0.00    0.0    0.000   0.053   27.7    51   16.7   28.1    9.31   1.1515     351     1    100.0   15 
26/08/26   0:45   23.1   23.3   22.7    66   16.4    1.6     NO   0.40   8.0     E   23.1   23.6   23.6  1013.0   0.00    0.0    0.000   0.049   27.6    51   16.6   27.9    9.32   1.1522     351     1    100.0   15 
26/08/26   1:00   22.7   22.8   22.7    66   16.0    1.6     NO   0.40   3.2    NO   22.7   23.1   23.1  1013.3   0.00    0.0    0.000   0.046   27.6    51   16.6   27.9    9.32   1.1525     352     1    100.0   15 
26/08/26   1:15   22.7   22.8   22.6    66   16.0    1.6     NO   0.40   8.0    NO   22.7   23.1   23.1  1012.8   0.00    0.0    0.000   0.046   27.6    51   16.5   27.9    9.32   1.1522     351     1    100.0   15 
26/08/26   1:30   22.1   22.6   21.7    69   16.1    1.6    OSO   0.40   6.4    NO   22.1   22.3   22.3  1013.2   0.00    0.0    0.000   0.039   27.5    51   16.5   27.8    9.32   1.1530     350     1    100.0   15 
26/08/26   1:45   21.8   21.9   21.7    69   15.9    1.6     NO   0.40   6.4    NO   21.8   22.1   22.1  1013.1   0.00    0.0    0.000   0.036   27.4    51   16.4   27.7    9.32   1.1534     351     1    100.0   15 
26/08/26   2:00   21.4   21.7   21.3    71   16.0    0.0      O   0.00   3.2   OSO   21.4   21.7   21.7  1012.8   0.00    0.0    0.000   0.032   27.3    51   16.3   27.6    9.33   1.1533     352     1    100.0   15 
26/08/26   2:15   21.4   21.6   21.3    70   15.7    1.6      E   0.40   9.7     E   21.4   21.6   21.6  1012.8   0.00    0.0    0.000   0.032   27.3    52   16.6   27.6    9.43   1.1532     351     1    100.0   15 
26/08/26   2:30   21.3   21.6   21.1    71   15.9    0.0      E   0.00   4.8   OSO   21.3   21.5   21.5  1012.5   0.00    0.0    0.000   0.031   27.2    52   16.5   27.5    9.43   1.1532     351     1    100.0   15 
26/08/26   2:45   21.0   21.1   20.9    72   15.8    1.6    OSO   0.40   4.8   ONO   21.0   21.2   21.2  1013.3   0.00    0.0    0.000   0.028   27.2    52   16.5   27.4    9.43   1.1544     351     1    100.0   15 
26/08/26   3:00   20.9   21.1   20.8    72   15.7    3.2     NO   0.80   8.0    NO   20.9   21.2   21.2  1012.5   0.00    0.0    0.000   0.027   27.1    52   16.4   27.3    9.44   1.1540     351     1    100.0   15 
26/08/26   3:15   20.8   21.1   20.7    73   15.8    1.6     NO   0.40   6.4   ONO   20.8   21.2   21.2  1013.3   0.00    0.0    0.000   0.026   27.0    52   16.3   27.2    9.44   1.1552     351     1    100.0   15 
26/08/26   3:30   20.8   20.9   20.7    74   16.0    1.6     NO   0.40   3.2    NO   20.8   21.2   21.2  1013.0   0.00    0.0    0.000   0.025   26.9    52   16.3   27.2    9.44   1.1552     351     1    100.0   15 
26/08/26   3:45   21.0   21.2   20.8    73   16.0    1.6     NO   0.40   4.8   ONO   21.0   21.3   21.3  1013.5   0.00    0.0    0.000   0.028   26.8    53   16.4   27.1    9.64   1.1559     351     1    100.0   15 
26/08/26   4:00   21.1   21.2   21.1    74   16.2    1.6     NO   0.40   4.8   ONO   21.1   21.3   21.3  1013.0   0.00    0.0    0.000   0.028   26.8    53   16.4   27.1    9.64   1.1553     350     1    100.0   15 
26/08/26   4:15   21.2   21.2   20.9    73   16.1    3.2     NO   0.80   9.7   NNO   21.2   21.4   21.4  1012.7   0.00    0.0    0.000   0.030   26.8    53   16.4   27.1    9.65   1.1552     352     1    100.0   15 
26/08/26   4:30   20.8   20.9   20.8    76   16.4    3.2     NO   0.80   8.0   OSO   20.8   21.3   21.3  1011.8   0.00    0.0    0.000   0.025   26.7    54   16.6   27.0    9.75   1.1543     351     1    100.0   15 
26/08/26   4:45   20.8   20.9   20.7    77   16.6    0.0     NO   0.00   4.8    NO   20.8   21.3   21.3  1011.9   0.00    0.0    0.000   0.025   26.6    55   16.8   27.0    9.85   1.1543     351     1    100.0   15 
26/08/26   5:00   20.7   20.9   20.5    76   16.3    1.6      S   0.40   6.4   SSE   20.7   21.3   21.3  1012.7   0.00    0.0    0.000   0.025   26.6    55   16.8   26.9    9.86   1.1555     351     1    100.0   15 
26/08/26   5:15   20.0   20.5   19.6    78   16.0    1.6     SE   0.40   6.4   SSE   20.0   20.6   20.6  1012.8   0.00    0.0    0.000   0.017   26.5    54   16.4   26.8    9.76   1.1564     351     1    100.0   15 
26/08/26   5:30   19.8   20.1   19.5    79   16.0    3.2    ENE   0.80  11.3   ENE   19.8   20.4   20.4  1012.2   0.00    0.0    0.000   0.015   26.5    55   16.7   26.9    9.86   1.1553     351     1    100.0   15 
26/08/26   5:45   20.4   20.6   20.1    77   16.2    0.0    ENE   0.00   4.8   ENE   20.4   21.1   21.1  1013.3   0.00    0.0    0.000   0.021   26.4    55   16.6   26.7    9.87   1.1571     349     1    100.0   15 
26/08/26   6:00   20.6   20.8   20.6    78   16.6    1.6      O   0.40   4.8     O   20.6   21.3   21.3  1013.7   0.00    0.0    0.000   0.024   26.4    55   16.6   26.7    9.87   1.1575     351     1    100.0   15 
26/08/26   6:15   21.0   21.1   20.8    76   16.6    3.2     NO   0.80   8.0    NO   21.0   21.4   21.4  1013.6   0.00    0.0    0.000   0.028   26.4    56   16.9   26.8   10.07   1.1571     352     1    100.0   15 
26/08/26   6:30   20.9   21.1   20.9    78   17.0    3.2     NO   0.80   8.0    NO   20.9   21.5   21.5  1013.1   0.00    0.0    0.000   0.027   26.3    56   16.9   26.7   10.07   1.1567     350     1    100.0   15 
26/08/26   6:45   21.2   21.3   21.1    78   17.2    4.8    ENE   1.21  17.7   ENE   21.2   21.7   21.7  1012.0   0.00    0.0    0.000   0.030   26.3    57   17.1   26.8   10.17   1.1551     351     1    100.0   15 
26/08/26   7:00   21.3   21.3   21.2    78   17.3    6.4    ENE   1.61  17.7   ENE   21.3   21.8   21.8  1011.8   0.00    0.0    0.000   0.031   26.4    57   17.2   26.9   10.17   1.1545     351     1    100.0   15 
26/08/26   7:15   21.2   21.3   21.2    79   17.4    3.2     NO   0.80   9.7    NO   21.2   21.8   21.8  1011.9   0.00    0.0    0.000   0.030   26.4    58   17.5   26.9   10.37   1.1543     351     1    100.0   15 
26/08/26   7:30   21.7   22.1   21.3    79   17.9    3.2      E   0.80  12.9   ENE   21.7   22.4   22.4  1012.1   0.00    0.0    0.000   0.035   26.4    58   17.5   27.0   10.37   1.1542     352     1    100.0   15 
26/08/26   7:45   22.3   22.4   22.1    74   17.4    3.2      E   0.80  12.9   ESE   22.3   22.8   22.8  1011.4   0.00    0.0    0.000   0.041   26.5    58   17.6   27.1   10.36   1.1532     350     1    100.0   15 
26/08/26   8:00   22.2   22.4   22.1    73   17.1    4.8    ENE   1.21  16.1   ENE   22.2   22.7   22.7  1011.0   0.00    0.0    0.000   0.041   26.5    57   17.3   27.0   10.16   1.1531     351     1    100.0   15 
26/08/26   8:15   22.4   22.7   22.1    70   16.6    3.2     SE   0.80   8.0   SSE   22.4   22.8   22.8  1012.1   0.00    0.0    0.000   0.042   26.6    56   17.1   27.0   10.06   1.1545     350     1    100.0   15 
26/08/26   8:30   22.6   22.7   22.3    72   17.3    4.8      S   1.21  12.9    SE   22.6   23.2   23.2  1012.2   0.00    0.0    0.000   0.044   26.7    56   17.2   27.1   10.05   1.1540     351     1    100.0   15 
26/08/26   8:45   22.3   22.4   22.3    73   17.3    3.2    ENE   0.80  11.3     E   22.3   22.9   22.9  1012.6   0.00    0.0    0.000   0.042   26.7    57   17.5   27.3   10.15   1.1538     351     1    100.0   15 
26/08/26   9:00   22.4   22.4   22.3    72   17.1    3.2    ENE   0.80  11.3   ENE   22.4   22.9   22.9  1011.3   0.00    0.0    0.000   0.042   26.7    57   17.4   27.2   10.15   1.1525     349     1    100.0   15 
26/08/26   9:15   22.6   22.7   22.4    71   17.0    3.2     NO   0.80  11.3   NNO   22.6   23.1   23.1  1010.9   0.00    0.0    0.000   0.044   26.7    56   17.2   27.1   10.05   1.1525     349     1    100.0   15 
26/08/26   9:30   22.8   22.8   22.7    74   17.9    1.6    OSO   0.40   8.0   OSO   22.8   23.6   23.6  1011.1   0.00    0.0    0.000   0.046   26.7    57   17.4   27.2   10.15   1.1523     351     1    100.0   15 
26/08/26   9:45   23.1   23.5   22.8    74   18.2    1.6    ENE   0.40   6.4   SSE   23.1   23.9   23.9  1012.7   0.00    0.0    0.000   0.049   26.7    57   17.5   27.3   10.15   1.1539     352     1    100.0   15 
26/08/26  10:00   24.0   24.4   23.6    72   18.6    1.6      S   0.40   6.4   SSO   24.0   25.1   25.1  1013.4   0.00    0.0    0.000   0.059   26.8    58   17.9   27.5   10.35   1.1537     351     1    100.0   15 
26/08/26  10:15   24.7   24.9   24.4    73   19.5    1.6    SSE   0.40   4.8    NE   24.7   25.9   25.9  1013.1   0.00    0.0    0.000   0.066   27.0    59   18.3   27.8   10.55   1.1521     351     1    100.0   15 
26/08/26  10:30   25.1   25.3   24.9    72   19.7    1.6      S   0.40   4.8   NNO   25.1   26.3   26.3  1012.6   0.00    0.0    0.000   0.070   27.1    59   18.4   27.9   10.55   1.1509     351     1    100.0   15 
26/08/26  10:45   25.7   25.9   25.3    71   20.0    1.6      E   0.40   8.0   ENE   25.7   26.9   26.9  1012.5   0.00    0.0    0.000   0.076   27.2    60   18.8   28.2   10.75   1.1498     351     1    100.0   15 
26/08/26  11:00   26.2   26.4   25.9    71   20.5    1.6    ENE   0.40   9.7     E   26.2   27.6   27.6  1012.4   0.00    0.0    0.000   0.082   27.4    61   19.2   28.5   10.95   1.1484     351     1    100.0   15 
26/08/26  11:15   26.7   26.9   26.4    70   20.7    1.6    ENE   0.40   8.0   ENE   26.7   28.2   28.2  1012.7   0.00    0.0    0.000   0.087   27.6    61   19.4   28.8   10.95   1.1475     351     1    100.0   15 
26/08/26  11:30   27.0   27.2   26.9    70   21.1    1.6      E   0.40  12.9     E   27.0   28.7   28.7  1012.5   0.00    0.0    0.000   0.090   27.8    61   19.6   29.1   10.95   1.1465     351     1    100.0   15 
26/08/26  11:45   27.1   27.2   26.9    72   21.6    4.8    ENE   1.21  17.7   ENE   27.1   29.1   29.1  1012.1   0.00    0.0    0.000   0.091   27.9    61   19.7   29.4   10.95   1.1451     351     1    100.0   15 
26/08/26  12:00   27.3   27.4   27.1    71   21.6    4.8    ENE   1.21  16.1   ENE   27.3   29.3   29.3  1011.7   0.00    0.0    0.000   0.093   28.1    62   20.1   29.7   11.10   1.1432     351     1    100.0   15 
26/08/26  12:15   27.4   27.4   27.3    67   20.7    6.4    ENE   1.61  16.1   ENE   27.4   29.1   29.1  1011.4   0.00    0.0    0.000   0.094   28.3    62   20.3   30.0   11.09   1.1421     351     1    100.0   15 
26/08/26  12:30   27.6   27.7   27.4    66   20.6    4.8    ENE   1.21  14.5   ENE   27.6   29.3   29.3  1011.2   0.00    0.0    0.000   0.096   28.3    61   20.1   29.9   10.95   1.1419     350     1    100.0   15 
26/08/26  12:45   27.8   28.1   27.7    61   19.6    4.8    ENE   1.21  16.1     E   27.8   29.2   29.2  1010.7   0.00    0.0    0.000   0.099   28.4    60   19.9   30.1   10.75   1.1413     351     1    100.0   15 
26/08/26  13:00   28.2   28.3   28.1    61   19.9    4.8    ENE   1.21  14.5   ENE   28.2   29.7   29.7  1010.5   0.00    0.0    0.000   0.102   28.6    58   19.5   30.1   10.35   1.1413     352     1    100.0   15 
26/08/26  13:15   28.7   29.1   28.3    60   20.2    4.8    ENE   1.21  19.3   ENE   28.7   30.6   30.6  1010.5   0.00    0.0    0.000   0.108   28.7    58   19.6   30.4   10.35   1.1404     351     1    100.0   15 
26/08/26  13:30   29.4   29.7   29.2    57   20.0    4.8    ENE   1.21  14.5     E   29.4   31.4   31.4  1010.4   0.00    0.0    0.000   0.116   28.9    58   19.8   30.7   10.35   1.1394     351     1    100.0   15 
26/08/26  13:45   29.7   29.8   29.5    55   19.7    3.2    ENE   0.80  11.3   ENE   29.7   31.4   31.4  1010.8   0.00    0.0    0.000   0.118   29.1    57   19.7   30.9   10.24   1.1392     351     1    100.0   15 
26/08/26  14:00   30.1   30.3   29.9    54   19.8    3.2      E   0.80  12.9   ENE   30.1   32.1   32.1  1010.9   0.00    0.0    0.000   0.123   29.2    56   19.5   30.9   10.05   1.1391     352     1    100.0   15 
26/08/26  14:15   30.8   31.0   30.3    49   18.9    4.8    ENE   1.21  12.9   ENE   30.8   32.4   32.4  1010.7   0.00    0.0    0.000   0.130   29.4    53   18.8   30.7    9.55   1.1394     351     1    100.0   15 
26/08/26  14:30   30.9   30.9   30.8    48   18.6    4.8      E   1.21  16.1   ESE   30.9   32.3   32.3  1010.3   0.00    0.0    0.000   0.131   29.7    53   19.1   31.2    9.54   1.1376     351     1    100.0   15 
26/08/26  14:45   30.9   31.1   30.8    49   19.0    4.8    ENE   1.21  16.1     E   30.9   32.6   32.6  1010.2   0.00    0.0    0.000   0.131   29.8    52   18.9   31.3    9.35   1.1371     351     1    100.0   15 
26/08/26  15:00   30.8   30.9   30.7    48   18.6    6.4    ENE   1.61  16.1   ENE   30.8   32.3   32.3  1009.9   0.00    0.0    0.000   0.130   29.9    51   18.7   31.3    9.23   1.1365     352     1    100.0   15 
26/08/26  15:15   30.9   31.0   30.8    49   19.0    6.4    ENE   1.61  17.7     E   30.9   32.6   32.6  1009.8   0.00    0.0    0.000   0.131   30.1    51   18.8   31.5    9.23   1.1359     351     1    100.0   15 
26/08/26  15:30   31.1   31.2   30.9    52   20.0    6.4    ENE   1.61  22.5     E   31.1   33.3   33.3  1009.6   0.00    0.0    0.000   0.133   30.2    52   19.3   32.0    9.35   1.1343     351     1    100.0   15 
26/08/26  15:45   30.7   31.1   30.5    56   20.9    8.0      E   2.01  20.9   ENE   30.7   33.7   33.7  1009.7   0.00    0.0    0.000   0.129   30.3    54   20.0   32.6    9.72   1.1328     350     1    100.0   15 
26/08/26  16:00   30.4   30.6   30.2    55   20.3    8.0      E   2.01  20.9   ENE   30.4   32.9   32.9  1009.6   0.00    0.0    0.000   0.126   30.4    54   20.1   32.8    9.71   1.1322     351     1    100.0   15 
26/08/26  16:15   30.3   30.3   30.2    53   19.6    6.4      E   1.61  20.9     E   30.3   32.3   32.3  1009.7   0.00    0.0    0.000   0.124   30.4    53   19.8   32.6    9.51   1.1327     352     1    100.0   15 
26/08/26  16:30   30.2   30.3   30.1    53   19.5    6.4      E   1.61  20.9     E   30.2   32.1   32.1  1009.6   0.00    0.0    0.000   0.123   30.5    52   19.5   32.6    9.35   1.1328     351     1    100.0   15 
26/08/26  16:45   30.1   30.2   30.1    54   19.8    4.8    ESE   1.21  17.7     E   30.1   32.1   32.1  1009.5   0.00    0.0    0.000   0.123   30.5    52   19.5   32.6    9.35   1.1328     351     1    100.0   15 
26/08/26  17:00   30.2   30.2   30.1    54   19.8    4.8    ESE   1.21  17.7     E   30.2   32.2   32.2  1009.5   0.00    0.0    0.000   0.123   30.4    52   19.5   32.4    9.35   1.1330     350     1    100.0   15 
26/08/26  17:15   29.9   30.2   29.8    54   19.6    4.8      E   1.21  16.1   ESE   29.9   31.8   31.8  1009.4   0.00    0.0    0.000   0.121   30.4    52   19.5   32.4    9.35   1.1329     352     1    100.0   15 
26/08/26  17:30   29.7   29.8   29.4    55   19.7    4.8      E   1.21  14.5     E   29.7   31.4   31.4  1009.3   0.00    0.0    0.000   0.118   30.4    52   19.4   32.3    9.35   1.1331     351     1    100.0   15 
26/08/26  17:45   29.2   29.4   28.9    55   19.2    4.8      E   1.21  14.5   ENE   29.2   30.7   30.7  1009.4   0.00    0.0    0.000   0.113   30.3    52   19.4   32.2    9.35   1.1335     351     1    100.0   15 
26/08/26  18:00   28.8   29.0   28.6    56   19.1    4.8      E   1.21  16.1     E   28.8   30.3   30.3  1009.6   0.00    0.0    0.000   0.109   30.2    52   19.3   32.0    9.35   1.1343     351     1    100.0   15 
26/08/26  18:15   28.3   28.6   28.1    60   19.8    3.2      E   0.80  14.5     E   28.3   29.8   29.8  1009.5   0.00    0.0    0.000   0.104   30.2    53   19.5   32.1    9.52   1.1340     351     1    100.0   15 
26/08/26  18:30   27.8   28.1   27.6    64   20.4    3.2      E   0.80  12.9   ESE   27.8   29.6   29.6  1009.6   0.00    0.0    0.000   0.099   30.1    54   19.8   32.1    9.73   1.1339     350     1    100.0   15 
26/08/26  18:45   27.3   27.6   27.1    67   20.7    4.8    ENE   1.21  12.9     E   27.3   29.0   29.0  1009.5   0.00    0.0    0.000   0.094   29.9    56   20.2   32.2   10.03   1.1337     351     1    100.0   15 
26/08/26  19:00   26.8   27.1   26.6    70   20.9    3.2      E   0.80  12.9     E   26.8   28.4   28.4  1009.7   0.00    0.0    0.000   0.089   29.8    57   20.4   32.1   10.22   1.1340     351     1    100.0   15 
26/08/26  19:15   26.4   26.6   26.3    72   21.0    1.6    ESE   0.40  11.3     E   26.4   28.1   28.1  1009.7   0.00    0.0    0.000   0.084   29.8    58   20.7   32.3   10.34   1.1336     351     1    100.0   15 
26/08/26  19:30   26.1   26.3   26.0    73   20.9    1.6      E   0.40   8.0     E   26.1   27.6   27.6  1009.8   0.00    0.0    0.000   0.081   29.7    58   20.5   32.0   10.34   1.1346     352     1    100.0   15 
26/08/26  19:45   25.9   26.0   25.8    73   20.7    0.0      E   0.00   3.2     E   25.9   27.3   27.3  1010.0   0.00    0.0    0.000   0.079   29.5    59   20.6   31.8   10.55   1.1352     350     1    100.0   15 
26/08/26  20:00   25.8   25.8   25.8    72   20.4    3.2      E   0.80   6.4   ENE   25.8   27.2   27.2  1010.0   0.00    0.0    0.000   0.078   29.3    59   20.5   31.6   10.55   1.1361     351     1    100.0   15 
26/08/26  20:15   25.7   25.8   25.7    71   20.1    1.6    ENE   0.40   4.8   ENE   25.7   26.9   26.9  1010.3   0.00    0.0    0.000   0.077   29.2    58   20.1   31.2   10.35   1.1375     348     1    100.0   15 
26/08/26  20:30   25.6   25.7   25.6    72   20.2    0.0      E   0.00   3.2     E   25.6   26.9   26.9  1010.3   0.00    0.0    0.000   0.076   29.1    58   20.0   31.1   10.35   1.1381     352     1    100.0   15 
26/08/26  20:45   25.5   25.6   25.4    72   20.1    0.0      E   0.00   4.8     E   25.5   26.7   26.7  1010.3   0.00    0.0    0.000   0.075   29.1    58   20.0   30.9   10.35   1.1384     351     1    100.0   15 
26/08/26  21:00   25.4   25.4   25.3    71   19.7    0.0      E   0.00   6.4   ESE   25.4   26.6   26.6  1010.2   0.00    0.0    0.000   0.073   29.0    58   19.9   30.9   10.35   1.1386     349     1    100.0   15 
26/08/26  21:15   25.3   25.3   25.3    71   19.6    1.6      E   0.40   4.8     E   25.3   26.4   26.4  1010.3   0.00    0.0    0.000   0.072   28.9    58   19.8   30.7   10.35   1.1393     351     1    100.0   15 
26/08/26  21:30   25.3   25.3   25.3    75   20.5    1.6    ENE   0.40   8.0     E   25.3   26.7   26.7  1010.3   0.00    0.0    0.000   0.072   28.8    59   20.0   30.7   10.55   1.1392     352     1    100.0   15 
26/08/26  21:45   25.2   25.3   25.1    78   21.1    1.6    ENE   0.40   6.4   ENE   25.2   26.8   26.8  1010.4   0.00    0.0    0.000   0.071   28.7    60   20.2   30.6   10.75   1.1394     350     1    100.0   15 
26/08/26  22:00   25.0   25.1   24.9    79   21.1    0.0    ENE   0.00   3.2   ENE   25.0   26.6   26.6  1010.5   0.00    0.0    0.000   0.069   28.7    61   20.5   30.8   10.95   1.1390     351     1    100.0   15 
26/08/26  22:15   24.8   24.9   24.7    81   21.3    0.0    ENE   0.00   4.8   ENE   24.8   26.5   26.5  1010.5   0.00    0.0    0.000   0.067   28.7    63   20.9   30.9   11.28   1.1384     351     1    100.0   15 
26/08/26  22:30   24.7   24.7   24.6    82   21.4    1.6    ENE   0.40   3.2   ENE   24.7   26.4   26.4  1010.7   0.00    0.0    0.000   0.066   28.6    63   20.8   30.7   11.28   1.1392     352     1    100.0   15 
26/08/26  22:45   24.6   24.6   24.5    82   21.3    0.0    ENE   0.00   4.8   ENE   24.6   26.3   26.3  1011.0   0.00    0.0    0.000   0.065   28.6    64   21.1   30.9   11.48   1.1391     351     1    100.0   15 
26/08/26  23:00   24.5   24.5   24.4    81   21.0    0.0    ENE   0.00   3.2   ENE   24.5   26.2   26.2  1010.9   0.00    0.0    0.000   0.064   28.5    64   21.0   30.7   11.48   1.1394     350     1    100.0   15 
26/08/26  23:15   24.4   24.6   24.3    80   20.8    1.6    ONO   0.40   6.4   ONO   24.4   26.1   26.1  1010.8   0.00    0.0    0.000   0.064   28.4    63   20.7   30.5   11.29   1.1400     351     1    100.0   15 
26/08/26  23:30   24.3   24.3   24.2    82   21.0    1.6    NNO   0.40   4.8   NNO   24.3   25.9   25.9  1011.1   0.00    0.0    0.000   0.062   28.3    63   20.6   30.2   11.29   1.1409     350     1    100.0   15 
26/08/26  23:45   24.3   24.4   24.2    82   21.1    0.0     NO   0.00   1.6    NO   24.3   26.0   26.0  1011.0   0.00    0.0    0.000   0.063   28.3    64   20.8   30.3   11.49   1.1406     352     1    100.0   15 
27/08/26  00:00   24.6   24.6   24.4    81   21.1    1.6     NO   0.40   4.8    NO   24.6   26.2   26.2  1010.8   0.00    0.0    0.000   0.065   28.3    64   20.8   30.3   11.49   1.1404     351     1    100.0   15 
27/08/26   0:15   24.4   24.5   24.3    82   21.2    1.6     NO   0.40   4.8    NO   24.4   26.1   26.1  1010.6   0.00    0.0    0.000   0.064   28.2    64   20.8   30.2   11.49   1.1405     349     1    100.0   15 
27/08/26   0:30   24.3   24.4   24.2    83   21.2    3.2     NO   0.80   4.8    NO   24.3   25.9   25.9  1010.2   0.00    0.0    0.000   0.062   28.2    65   21.0   30.3   11.69   1.1396     350     1    100.0   15 
27/08/26   0:45   24.2   24.2   24.1    84   21.3    1.6     NO   0.40   4.8    NO   24.2   25.8   25.8  1010.0   0.00    0.0    0.000   0.061   28.2    65   21.0   30.2   11.70   1.1396     351     1    100.0   15 
27/08/26   1:00   24.2   24.3   24.2    84   21.3    0.0     NO   0.00   4.8     E   24.2   25.9   25.9  1009.5   0.00    0.0    0.000   0.061   28.1    65   20.9   30.1   11.70   1.1393     351     1    100.0   15 
27/08/26   1:15   24.4   24.4   24.3    83   21.3    0.0     NE   0.00   3.2     E   24.4   26.1   26.1  1009.4   0.00    0.0    0.000   0.063   28.1    65   20.9   30.1   11.70   1.1393     352     1    100.0   15 
27/08/26   1:30   24.4   24.4   24.4    82   21.2    1.6    ESE   0.40   4.8   ESE   24.4   26.1   26.1  1009.4   0.00    0.0    0.000   0.064   28.1    65   20.9   30.1   11.70   1.1392     351     1    100.0   15 
27/08/26   1:45   24.4   24.4   24.4    82   21.2    0.0    ESE   0.00   3.2   ESE   24.4   26.1   26.1  1009.3   0.00    0.0    0.000   0.064   28.1    65   20.9   30.1   11.70   1.1392     351     1    100.0   15 
27/08/26   2:00   24.4   24.4   24.4    80   20.7    1.6    ESE   0.40   6.4   ESE   24.4   26.0   26.0  1009.4   0.00    0.0    0.000   0.063   28.1    65   20.9   30.1   11.70   1.1392     349     1    100.0   15 
27/08/26   2:15   24.4   24.4   24.3    81   20.9    0.0    ENE   0.00   6.4   ENE   24.4   26.0   26.0  1009.4   0.00    0.0    0.000   0.063   28.1    65   20.9   30.1   11.70   1.1395     352     1    100.0   15 
27/08/26   2:30   24.2   24.3   24.2    82   21.0    0.0      E   0.00   3.2     E   24.2   25.8   25.8  1009.3   0.00    0.0    0.000   0.061   28.1    65   20.9   30.1   11.70   1.1395     351     1    100.0   15 
27/08/26   2:45   24.1   24.2   24.1    79   20.2    1.6    ENE   0.40   4.8     E   24.1   25.4   25.4  1009.1   0.00    0.0    0.000   0.060   28.0    64   20.6   29.8   11.50   1.1400     351     1    100.0   15 
27/08/26   3:00   24.0   24.1   24.0    78   19.9    3.2      E   0.80   8.0     E   24.0   25.3   25.3  1009.1   0.00    0.0    0.000   0.059   28.0    63   20.3   29.7   11.30   1.1404     351     1    100.0   15 
27/08/26   3:15   24.1   24.1   24.0    78   20.0    0.0    ENE   0.00   3.2   ENE   24.1   25.4   25.4  1009.0   0.00    0.0    0.000   0.060   27.9    63   20.2   29.6   11.30   1.1406     351     1    100.0   15 
27/08/26   3:30   23.9   24.0   23.9    78   19.9    0.0    ---   0.00   0.0   ---   23.9   25.3   25.3  1008.9   0.00    0.0    0.000   0.058   27.9    63   20.2   29.5   11.31   1.1408     351     1    100.0   15 
27/08/26   3:45   23.9   23.9   23.8    80   20.2    0.0    ---   0.00   0.0   ---   23.9   25.3   25.3  1009.1   0.00    0.0    0.000   0.058   27.9    63   20.2   29.5   11.31   1.1411     350     1    100.0   15 
27/08/26   4:00   23.8   23.8   23.8    81   20.4    0.0    ENE   0.00   3.2   ENE   23.8   25.2   25.2  1009.0   0.00    0.0    0.000   0.057   27.8    63   20.1   29.4   11.31   1.1412     351     1    100.0   15 
27/08/26   4:15   23.8   23.8   23.7    81   20.3    0.0    ENE   0.00   3.2   ENE   23.8   25.2   25.2  1008.9   0.00    0.0    0.000   0.057   27.8    63   20.1   29.4   11.31   1.1411     350     1    100.0   15 
27/08/26   4:30   23.7   23.8   23.7    82   20.4    0.0    ENE   0.00   3.2   ENE   23.7   25.1   25.1  1008.9   0.00    0.0    0.000   0.056   27.8    64   20.3   29.4   11.51   1.1410     351     1    100.0   15 
27/08/26   4:45   23.6   23.7   23.5    82   20.3    1.6    ESE   0.40   4.8   ESE   23.6   24.8   24.8  1008.8   0.00    0.0    0.000   0.054   27.7    64   20.3   29.3   11.51   1.1412     350     1    100.0   15 
27/08/26   5:00   23.5   23.6   23.5    82   20.2    1.6     NO   0.40   6.4    NO   23.5   24.8   24.8  1008.9   0.00    0.0    0.000   0.054   27.7    64   20.3   29.3   11.51   1.1413     350     1    100.0   15 
27/08/26   5:15   23.4   23.5   23.4    82   20.2    3.2     NO   0.80   6.4    NO   23.4   24.7   24.7  1009.0   0.00    0.0    0.000   0.053   27.6    64   20.2   29.2   11.52   1.1420     351     1    100.0   15 
27/08/26   5:30   23.4   23.4   23.4    83   20.3    1.6     NO   0.40   4.8    NO   23.4   24.6   24.6  1009.3   0.00    0.0    0.000   0.053   27.6    64   20.1   29.1   11.52   1.1426     352     1    100.0   15 
27/08/26   5:45   23.4   23.4   23.4    82   20.1    0.0    ---   0.00   0.0   ---   23.4   24.6   24.6  1009.4   0.00    0.0    0.000   0.053   27.6    64   20.1   29.1   11.52   1.1427     351     1    100.0   15 
27/08/26   6:00   23.5   23.6   23.4    82   20.2    0.0     NO   0.00   3.2    NO   23.5   24.8   24.8  1009.4   0.00    0.0    0.000   0.054   27.6    65   20.4   29.2   11.72   1.1423     351     1    100.0   15 
27/08/26   6:15   23.7   23.8   23.6    82   20.5    0.0     NO   0.00   3.2    NO   23.7   25.1   25.1  1009.5   0.00    0.0    0.000   0.056   27.6    64   20.1   29.1   11.52   1.1429     351     1    100.0   15 
27/08/26   6:30   23.9   24.2   23.8    79   20.1    0.0     NO   0.00   1.6    NO   23.9   25.3   25.3  1009.5   0.00    0.0    0.000   0.058   27.6    64   20.1   29.1   11.52   1.1429     352     1    100.0   15 
27/08/26   6:45   24.6   25.1   24.2    75   19.8    0.0     NO   0.00   1.6    NO   24.6   25.9   25.9  1009.7   0.00    0.0    0.000   0.065   27.7    63   20.0   29.2   11.31   1.1426     351     1    100.0   15 
27/08/26   7:00   25.2   25.2   25.1    76   20.6    0.0      S   0.00   4.8     S   25.2   26.6   26.6  1009.8   0.00    0.0    0.000   0.071   27.9    63   20.2   29.6   11.30   1.1415     351     1    100.0   15 
27/08/26   7:15   25.3   25.4   25.2    76   20.8    0.0    ESE   0.00   4.8    SE   25.3   26.8   26.8  1009.9   0.00    0.0    0.000   0.073   28.1    64   20.7   30.0   11.50   1.1403     351     1    100.0   15 
27/08/26   7:30   25.6   25.8   25.4    77   21.3    0.0    ESE   0.00   3.2   ESE   25.6   27.3   27.3  1009.9   0.00    0.0    0.000   0.076   28.2    64   20.8   30.2   11.49   1.1397     351     1    100.0   15 
27/08/26   7:45   26.1   26.2   25.8    80   22.3    1.6      O   0.40   6.4   SSO   26.1   28.2   28.2  1009.9   0.00    0.0    0.000   0.080   28.3    66   21.4   30.7   11.89   1.1382     352     1    100.0   15 
27/08/26   8:00   26.5   26.7   26.3    77   22.1    1.6     SO   0.40   9.7   SSO   26.5   28.6   28.6  1010.2   0.00    0.0    0.000   0.085   28.5    66   21.5   31.1   11.88   1.1376     351     1    100.0   15 
27/08/26   8:15   26.9   27.3   26.7    75   22.1    1.6    OSO   0.40   8.0     E   26.9   29.2   29.2  1010.1   0.00    0.0    0.000   0.090   28.7    65   21.5   31.4   11.68   1.1368     351     1    100.0   15 
27/08/26   8:30   27.6   27.7   27.3    71   21.8    1.6    OSO   0.40  11.3    SO   27.6   29.9   29.9  1010.4   0.00    0.0    0.000   0.096   29.0    65   21.8   32.0   11.67   1.1356     351     1    100.0   15 
27/08/26   8:45   27.7   28.0   27.5    71   21.9    1.6      S   0.40  12.9     S   27.7   30.1   30.1  1010.7   0.00    0.0    0.000   0.097   29.2    64   21.7   32.2   11.46   1.1351     352     1    100.0   15 
27/08/26   9:00   28.1   28.2   28.0    65   20.9    4.8    SSO   1.21  14.5   OSO   28.1   30.1   30.1  1010.8   0.00    0.0    0.000   0.102   29.4    61   21.1   32.1   10.95   1.1355     350     1    100.0   15 
27/08/26   9:15   28.3   28.7   28.1    64   20.9    3.2      S   0.80  12.9   SSE   28.3   30.4   30.4  1010.7   0.00    0.0    0.000   0.104   29.6    60   21.0   32.1   10.74   1.1352     351     1    100.0   15 
27/08/26   9:30   28.7   28.9   28.5    64   21.2    1.6    OSO   0.40   9.7   SSO   28.7   31.1   31.1  1010.5   0.00    0.0    0.000   0.108   29.7    60   21.1   32.4   10.73   1.1341     350     1    100.0   15 
27/08/26   9:45   29.0   29.1   28.9    63   21.2    1.6      S   0.40   9.7   SSO   29.0   31.7   31.7  1010.4   0.00    0.0    0.000   0.111   29.9    60   21.3   32.8   10.72   1.1331     351     1    100.0   15 
27/08/26  10:00   29.3   29.5   29.0    61   21.0    1.6      S   0.40   9.7    SO   29.3   31.9   31.9  1010.4   0.00    0.0    0.000   0.115   30.1    59   21.2   32.9   10.53   1.1327     351     1    100.0   15 
27/08/26  10:15   29.5   29.8   29.3    57   20.1    3.2    NNO   0.80  17.7   ENE   29.5   31.5   31.5  1010.3   0.00    0.0    0.000   0.116   30.2    58   21.0   33.1   10.32   1.1322     351     1    100.0   15 
27/08/26  10:30   30.3   30.7   29.8    56   20.5    3.2     SO   0.80  16.1    NE   30.3   32.8   32.8  1010.1   0.00    0.0    0.000   0.124   30.4    57   20.9   33.3   10.18   1.1315     351     1    100.0   15 
27/08/26  10:45   30.9   31.2   30.7    55   20.8    1.6    OSO   0.40   8.0    SE   30.9   33.7   33.7  1009.7   0.00    0.0    0.000   0.131   30.7    55   20.6   33.4    9.81   1.1305     351     1    100.0   15 
27/08/26  11:00   31.3   31.4   31.2    53   20.6    1.6    OSO   0.40  11.3   ENE   31.3   34.1   34.1  1009.5   0.00    0.0    0.000   0.135   30.5    51   19.2   32.3    9.21   1.1333     352     1    100.0   15 
27/08/26  11:15   31.9   32.2   31.4    50   20.2    3.2    SSO   0.80  11.3     E   31.9   34.6   34.6  1009.4   0.00    0.0    0.000   0.141   30.1    50   18.5   31.3    9.05   1.1359     351     1    100.0   15 
27/08/26  11:30   32.2   32.4   32.1    49   20.2    3.2      S   0.80  14.5     S   32.2   34.8   34.8  1009.2   0.00    0.0    0.000   0.145   29.8    50   18.3   31.0    9.05   1.1369     350     1    100.0   15 
27/08/26  11:45   32.5   32.6   32.3    44   18.7    4.8      S   1.21  14.5     S   32.5   34.3   34.3  1009.2   0.00    0.0    0.000   0.148   29.7    51   18.5   31.0    9.24   1.1369     351     1    100.0   15 
27/08/26  12:00   32.8   33.2   32.5    41   17.8    6.4     SO   1.61  17.7    SO   32.8   34.2   34.2  1009.0   0.00    0.0    0.000   0.151   29.6    50   18.0   30.6    9.05   1.1381     351     1    100.0   15 
27/08/26  12:15   33.7   34.0   33.2    41   18.6    4.8      S   1.21  16.1     S   33.7   35.7   35.7  1009.1   0.00    0.0    0.000   0.160   29.3    49   17.5   30.2    8.86   1.1401     351     1    100.0   15 
27/08/26  12:30   33.8   33.9   33.7    43   19.5    4.8      S   1.21  17.7     S   33.8   36.3   36.3  1009.0   0.00    0.0    0.000   0.161   29.0    48   16.9   29.8    8.77   1.1418     351     1    100.0   15 
27/08/26  12:45   33.7   33.8   33.6    35   16.1    8.0      S   2.01  19.3     S   33.7   34.2   34.2  1009.1   0.00    0.0    0.000   0.160   28.9    48   16.8   29.7    8.77   1.1425     351     1    100.0   15 
27/08/26  13:00   33.8   34.0   33.6    36   16.7    6.4    SSO   1.61  19.3     S   33.8   34.6   34.6  1009.2   0.00    0.0    0.000   0.161   28.9    47   16.5   29.7    8.57   1.1428     351     1    100.0   15 
27/08/26  13:15   33.8   34.0   33.6    34   15.7    8.0      S   2.01  19.3     S   33.8   34.2   34.2  1009.0   0.00    0.0    0.000   0.161   28.9    47   16.5   29.7    8.57   1.1426     350     1    100.0   15 
27/08/26  13:30   33.9   34.1   33.8    39   18.0    8.0    OSO   2.01  20.9   OSO   33.9   35.4   35.4  1009.0   0.00    0.0    0.000   0.162   28.9    46   16.2   29.6    8.45   1.1431     351     1    100.0   15 
27/08/26  13:45   33.8   33.9   33.7    40   18.3    4.8      S   1.21  17.7   ESE   33.8   35.6   35.6  1009.1   0.00    0.0    0.000   0.161   28.9    46   16.2   29.6    8.45   1.1431     351     1    100.0   15 
27/08/26  14:00   33.8   33.9   33.7    39   17.9    4.8      S   1.21  20.9   ESE   33.8   35.4   35.4  1009.2   0.00    0.0    0.000   0.161   28.9    46   16.1   29.6    8.45   1.1435     351     1    100.0   15 
27/08/26  14:15   33.3   33.6   33.2    41   18.3    8.0      S   2.01  19.3   SSE   33.3   35.0   35.0  1009.0   0.00    0.0    0.000   0.156   28.9    46   16.1   29.6    8.45   1.1433     351     1    100.0   15 
