                 Temp.  Temp.  Temp.  Hum.   Punt   Vel.   Dir.   Rec.  Vel.  Dir.  Sens.   Índ.   Índ.                  Int. Graus D.Graus D.  Temp.  Hum. Rosada  In.Cal.  EMC     Dens.    Mostr   Tx   Recep.  Int.
  Data    Hora    Ext.   Màx.   Mín.  Ext. Rosada   Vent   Vent   Vent  Màx.  Màx.  Tèrm.  Calor   THW    Bar    Pluja   Pluja  Calor    Fred    Int.  Int.   Int.   Int.    Int.  Int.Aire    Vent   Vent   ISS   Arc.
-------------------------------------------------------------------------------------------------------------------------------------------------------------------------------------------------------------------------
10/08/26   0:15   25.1   25.2   25.1    86   22.6    1.6     NO   0.40   3.2    NO   25.1   27.2   27.2  1013.6   0.00    0.0    0.000   0.071   28.9    66   21.9   31.9   11.87   1.1394     349     1    100.0   15 
10/08/26   0:30   24.9   25.1   24.8    87   22.6    1.6     NO   0.40   3.2    NO   24.9   26.9   26.9  1013.5   0.00    0.0    0.000   0.068   28.9    66   21.9   31.9   11.87   1.1393     351     1    100.0   15 
10/08/26   0:45   24.9   24.9   24.8    88   22.8    1.6     NO   0.40   3.2    NO   24.9   26.9   26.9  1013.4   0.00    0.0    0.000   0.068   28.9    67   22.1   32.2   12.07   1.1387     349     1    100.0   15 
10/08/26   1:00   24.9   24.9   24.9    88   22.8    0.0     NO   0.00   1.6    NO   24.9   27.1   27.1  1013.2   0.00    0.0    0.000   0.069   28.9    67   22.1   32.2   12.07   1.1385     352     1    100.0   15 
10/08/26   1:15   25.0   25.1   24.9    86   22.5    1.6    ENE   0.40   6.4   ENE   25.0   27.1   27.1  1013.2   0.00    0.0    0.000   0.069   28.9    67   22.1   32.2   12.07   1.1385     351     1    100.0   15 
10/08/26   1:30   25.0   25.1   24.9    86   22.5    1.6    ENE   0.40   6.4   ENE   25.0   27.1   27.1  1013.2   0.00    0.0    0.000   0.069   28.9    67   22.1   32.2   12.07   1.1385     350     1    100.0   15 
10/08/26   1:45   24.7   24.9   24.6    87   22.4    0.0    ---   0.00   0.0   ---   24.7   26.7   26.7  1013.0   0.00    0.0    0.000   0.067   28.9    67   22.1   32.2   12.07   1.1383     351     1    100.0   15 
10/08/26   2:00   24.5   24.6   24.4    87   22.2    0.0    ---   0.00   0.0   ---   24.5   26.4   26.4  1013.0   0.00    0.0    0.000   0.064   28.8    67   22.1   32.0   12.07   1.1386     352     1    100.0   15 
10/08/26   2:15   24.3   24.4   24.2    85   21.6    0.0    ENE   0.00   1.6   ENE   24.3   26.0   26.0  1013.0   0.00    0.0    0.000   0.062   28.8    66   21.8   31.8   11.87   1.1390     351     1    100.0   15 
10/08/26   2:30   24.1   24.3   23.9    87   21.8    0.0    ONO   0.00   4.8   ONO   24.1   25.9   25.9  1013.3   0.00    0.0    0.000   0.060   28.8    66   21.8   31.7   11.87   1.1397     351     1    100.0   15 
10/08/26   2:45   23.8   23.9   23.7    88   21.7    0.0    ONO   0.00   3.2   ONO   23.8   25.5   25.5  1013.5   0.00    0.0    0.000   0.057   28.7    66   21.7   31.6   11.88   1.1402     351     1    100.0   15 
10/08/26   3:00   23.7   23.7   23.7    87   21.4    0.0    ONO   0.00   1.6   ONO   23.7   25.2   25.2  1013.5   0.00    0.0    0.000   0.056   28.7    66   21.7   31.4   11.88   1.1406     352     1    100.0   15 
10/08/26   3:15   23.8   23.8   23.7    87   21.5    0.0    ---   0.00   0.0   ---   23.8   25.4   25.4  1013.5   0.00    0.0    0.000   0.057   28.6    66   21.6   31.3   11.88   1.1409     351     1    100.0   15 
10/08/26   3:30   23.8   23.8   23.8    88   21.7    0.0      E   0.00   4.8     E   23.8   25.6   25.6  1013.5   0.00    0.0    0.000   0.057   28.6    66   21.6   31.3   11.88   1.1409     351     1    100.0   15 
10/08/26   3:45   23.7   23.8   23.4    85   21.0    1.6      E   0.40  12.9   ENE   23.7   25.3   25.3  1013.5   0.00    0.0    0.000   0.056   28.6    66   21.6   31.3   11.88   1.1409     351     1    100.0   15 
10/08/26   4:00   23.3   23.4   23.3    79   19.5    6.4    ENE   1.61  14.5     E   23.3   24.4   24.4  1013.5   0.00    0.0    0.000   0.052   28.5    62   20.5   30.4   11.08   1.1432     350     1    100.0   15 
10/08/26   4:15   23.4   23.6   23.3    79   19.5    6.4    ENE   1.61  16.1   ENE   23.4   24.5   24.5  1013.4   0.00    0.0    0.000   0.053   28.4    61   20.1   30.1   10.95   1.1442     352     1    100.0   15 
10/08/26   4:30   23.7   23.7   23.6    79   19.8    4.8      E   1.21  14.5   ENE   23.7   24.9   24.9  1013.4   0.00    0.0    0.000   0.056   28.3    61   20.0   29.9   10.95   1.1448     350     1    100.0   15 
10/08/26   4:45   23.7   23.7   23.6    80   20.0    6.4    ENE   1.61  16.1   ENE   23.7   24.9   24.9  1013.2   0.00    0.0    0.000   0.056   28.2    62   20.2   29.9   11.09   1.1445     351     1    100.0   15 
10/08/26   5:00   23.5   23.6   23.4    80   19.8    1.6     NO   0.40   8.0     E   23.5   24.7   24.7  1014.1   0.00    0.0    0.000   0.054   28.2    62   20.2   29.8   11.10   1.1458     350     1    100.0   15 
10/08/26   5:15   23.4   23.6   23.3    79   19.5    1.6    ENE   0.40   9.7     E   23.4   24.5   24.5  1014.3   0.00    0.0    0.000   0.053   28.1    61   19.9   29.6   10.95   1.1467     351     1    100.0   15 
10/08/26   5:30   23.7   23.8   23.6    78   19.7    0.0      E   0.00   4.8   ENE   23.7   24.9   24.9  1014.2   0.00    0.0    0.000   0.056   27.9    62   19.9   29.4   11.11   1.1473     351     1    100.0   15 
10/08/26   5:45   24.1   24.2   23.8    76   19.6    1.6    ENE   0.40   9.7     E   24.1   25.3   25.3  1014.3   0.00    0.0    0.000   0.060   27.6    62   19.6   28.9   11.12   1.1493     351     1    100.0   15 
10/08/26   6:00   24.4   24.5   24.2    75   19.7    1.6    ENE   0.40   9.7     E   24.4   25.7   25.7  1014.4   0.00    0.0    0.000   0.063   27.5    62   19.6   28.8   11.12   1.1497     351     1    100.0   15 
10/08/26   6:15   24.7   24.9   24.5    73   19.6    3.2    ENE   0.80  14.5   ENE   24.7   25.9   25.9  1014.4   0.00    0.0    0.000   0.067   27.6    62   19.6   28.9   11.12   1.1493     351     1    100.0   15 
10/08/26   6:30   25.2   25.3   24.9    72   19.8    3.2    ENE   0.80  14.5   ENE   25.2   26.4   26.4  1014.5   0.00    0.0    0.000   0.071   27.7    61   19.5   29.0   10.95   1.1491     351     1    100.0   15 
10/08/26   6:45   25.6   25.8   25.3    71   20.0    1.6    ENE   0.40   9.7     E   25.6   26.8   26.8  1014.8   0.00    0.0    0.000   0.076   27.9    61   19.7   29.4   10.95   1.1482     351     1    100.0   15 
10/08/26   7:00   26.0   26.2   25.8    71   20.3    1.6    ENE   0.40   9.7     E   26.0   27.3   27.3  1014.9   0.00    0.0    0.000   0.080   28.5    60   20.0   30.2   10.75   1.1458     350     1    100.0   15 
10/08/26   7:15   26.3   26.6   26.2    69   20.1    0.0    ---   0.00   0.0   ---   26.3   27.6   27.6  1015.1   0.00    0.0    0.000   0.083   28.9    60   20.3   30.9   10.75   1.1439     351     1    100.0   15 
10/08/26   7:30   26.7   26.8   26.5    67   20.0    4.8    ENE   1.21  16.1    NE   26.7   27.9   27.9  1014.9   0.00    0.0    0.000   0.087   29.1    59   20.3   31.2   10.55   1.1429     351     1    100.0   15 
10/08/26   7:45   27.0   27.3   26.8    66   20.1    3.2    ENE   0.80  19.3   ENE   27.0   28.4   28.4  1014.8   0.00    0.0    0.000   0.090   29.3    58   20.2   31.3   10.35   1.1424     351     1    100.0   15 
10/08/26   8:00   27.3   27.6   27.1    65   20.1    1.6    ENE   0.40  16.1   ENE   27.3   28.7   28.7  1014.8   0.00    0.0    0.000   0.093   29.4    58   20.3   31.6   10.35   1.1415     351     1    100.0   15 
10/08/26   8:15   27.4   27.7   27.3    65   20.3    6.4    ENE   1.61  16.1   ENE   27.4   29.0   29.0  1014.8   0.00    0.0    0.000   0.095   29.6    57   20.1   31.6   10.24   1.1414     349     1    100.0   15 
10/08/26   8:30   28.2   28.5   27.7    62   20.2    3.2    ENE   0.80  14.5   ENE   28.2   29.8   29.8  1014.8   0.00    0.0    0.000   0.102   29.7    57   20.2   31.8   10.23   1.1408     352     1    100.0   15 
10/08/26   8:45   28.6   28.8   28.5    63   20.9    6.4    ENE   1.61  19.3   ENE   28.6   30.8   30.8  1014.7   0.00    0.0    0.000   0.107   29.9    57   20.4   32.2   10.22   1.1395     351     1    100.0   15 
10/08/26   9:00   29.1   29.5   28.7    60   20.6    3.2    ENE   0.80  12.9   ENE   29.1   31.3   31.3  1014.7   0.00    0.0    0.000   0.112   30.1    56   20.3   32.4   10.03   1.1391     350     1    100.0   15 
10/08/26   9:15   29.9   30.2   29.6    56   20.2    3.2    ESE   0.80  16.1   ENE   29.9   32.1   32.1  1014.7   0.00    0.0    0.000   0.120   30.3    55   20.2   32.7    9.82   1.1384     351     1    100.0   15 
10/08/26   9:30   30.6   30.8   30.2    53   19.9    3.2    ENE   0.80  17.7   ENE   30.6   32.9   32.9  1014.8   0.00    0.0    0.000   0.128   30.4    54   20.0   32.7    9.72   1.1384     352     1    100.0   15 
10/08/26   9:45   30.9   31.1   30.8    52   19.9    3.2    ENE   0.80  12.9   SSE   30.9   33.1   33.1  1014.9   0.00    0.0    0.000   0.131   30.7    53   20.0   33.0    9.51   1.1375     351     1    100.0   15 
10/08/26  10:00   31.3   31.6   31.1    50   19.7    1.6      E   0.40  16.1     E   31.3   33.5   33.5  1014.9   0.00    0.0    0.000   0.135   30.9    52   19.9   33.2    9.35   1.1366     350     1    100.0   15 
10/08/26  10:15   31.7   31.9   31.5    50   20.0    0.0    ENE   0.00  11.3   ENE   31.7   34.3   34.3  1014.9   0.00    0.0    0.000   0.139   31.1    52   20.1   33.4    9.35   1.1357     351     1    100.0   15 
10/08/26  10:30   32.2   32.6   31.9    47   19.5    3.2    ENE   0.80  14.5   ENE   32.2   34.4   34.4  1014.9   0.00    0.0    0.000   0.145   31.2    51   19.8   33.3    9.19   1.1360     350     1    100.0   15 
10/08/26  10:45   32.9   33.4   32.6    44   19.1    1.6      E   0.40  12.9     E   32.9   35.1   35.1  1015.0   0.00    0.0    0.000   0.152   31.3    49   19.3   33.2    8.85   1.1366     352     1    100.0   15 
10/08/26  11:00   33.5   33.6   33.4    42   18.8    3.2    ESE   0.80  14.5     E   33.5   35.6   35.6  1015.0   0.00    0.0    0.000   0.158   31.5    47   18.8   33.3    8.48   1.1365     351     1    100.0   15 
10/08/26  11:15   33.4   33.6   33.3    41   18.4    4.8      E   1.21  17.7     E   33.4   35.2   35.2  1015.0   0.00    0.0    0.000   0.157   30.9    45   17.6   31.8    8.20   1.1406     351     1    100.0   15 
10/08/26  11:30   33.4   33.6   33.3    41   18.3    4.8    ENE   1.21  17.7     E   33.4   35.1   35.1  1014.9   0.00    0.0    0.000   0.157   30.4    44   16.8   31.2    8.11   1.1432     351     1    100.0   15 
10/08/26  11:45   33.4   33.5   33.3    41   18.3    4.8      E   1.21  16.1   ENE   33.4   35.1   35.1  1014.6   0.00    0.0    0.000   0.157   30.1    45   16.9   30.8    8.23   1.1440     351     1    100.0   15 
10/08/26  12:00   33.6   33.6   33.5    40   18.1    4.8    ESE   1.21  16.1   ENE   33.6   35.1   35.1  1014.4   0.00    0.0    0.000   0.159   29.9    45   16.7   30.5    8.23   1.1450     351     1    100.0   15 
10/08/26  12:15   33.8   34.1   33.6    40   18.3    4.8    ENE   1.21  20.9     E   33.8   35.5   35.5  1014.5   0.00    0.0    0.000   0.161   29.8    45   16.6   30.4    8.24   1.1453     351     1    100.0   15 
10/08/26  12:30   34.3   34.3   34.1    39   18.3    6.4    ESE   1.61  14.5     E   34.3   36.1   36.1  1014.3   0.00    0.0    0.000   0.166   29.7    44   16.1   30.2    8.14   1.1464     351     1    100.0   15 
10/08/26  12:45   34.3   34.3   34.2    40   18.7    4.8    ENE   1.21  14.5   ENE   34.3   36.4   36.4  1014.2   0.00    0.0    0.000   0.166   29.3    43   15.5   29.7    7.95   1.1484     349     1    100.0   15 
10/08/26  13:00   34.4   34.6   34.1    41   19.2    6.4      E   1.61  22.5   ESE   34.4   36.9   36.9  1014.1   0.00    0.0    0.000   0.167   29.1    42   14.8   29.4    7.85   1.1502     351     1    100.0   15 
10/08/26  13:15   33.9   34.1   33.8    42   19.2    4.8      E   1.21  20.9     E   33.9   36.3   36.3  1014.1   0.00    0.0    0.000   0.162   28.9    41   14.4   29.2    7.67   1.1511     351     1    100.0   15 
10/08/26  13:30   34.3   34.4   34.0    42   19.5    4.8      E   1.21  16.1   ESE   34.3   37.0   37.0  1014.1   0.00    0.0    0.000   0.166   28.8    41   14.2   28.9    7.67   1.1520     351     1    100.0   15 
10/08/26  13:45   34.1   34.2   33.8    42   19.3    8.0      E   2.01  22.5     E   34.1   36.6   36.6  1014.1   0.00    0.0    0.000   0.164   28.7    40   13.7   28.7    7.55   1.1529     349     1    100.0   15 
10/08/26  14:00   33.6   33.7   33.5    41   18.5    8.0      E   2.01  25.7   ENE   33.6   35.4   35.4  1014.0   0.00    0.0    0.000   0.159   28.6    40   13.6   28.5    7.55   1.1534     352     1    100.0   15 
10/08/26  14:15   33.5   33.7   33.3    46   20.3    8.0      E   2.01  22.5   ENE   33.5   36.6   36.6  1013.9   0.00    0.0    0.000   0.158   28.5    41   14.0   28.5    7.68   1.1531     351     1    100.0   15 
10/08/26  14:30   33.4   33.4   33.3    46   20.2    8.0    ENE   2.01  22.5     E   33.4   36.4   36.4  1013.8   0.00    0.0    0.000   0.157   28.6    41   14.1   28.7    7.68   1.1524     350     1    100.0   15 
10/08/26  14:45   33.1   33.3   32.9    47   20.2    6.4      E   1.61  22.5     E   33.1   36.0   36.0  1013.7   0.00    0.0    0.000   0.153   28.7    41   14.2   28.9    7.68   1.1518     351     1    100.0   15 
10/08/26  15:00   32.7   32.9   32.4    48   20.3    9.7    ENE   2.41  22.5     E   32.7   35.6   35.6  1013.5   0.00    0.0    0.000   0.150   28.9    41   14.4   29.2    7.67   1.1506     352     1    100.0   15 
10/08/26  15:15   32.2   32.4   32.1    48   19.8    9.7      E   2.41  24.1     E   32.2   34.7   34.7  1013.6   0.00    0.0    0.000   0.145   29.1    42   14.8   29.4    7.85   1.1496     350     1    100.0   15 
10/08/26  15:30   32.1   32.3   31.8    50   20.3    6.4    ENE   1.61  25.7   ENE   32.1   34.8   34.8  1013.3   0.00    0.0    0.000   0.143   29.1    43   15.2   29.4    7.96   1.1488     350     1    100.0   15 
10/08/26  15:45   32.3   32.3   32.2    44   18.5    0.0    ---   0.00   0.0   ---   32.3   33.9   33.9  1013.3   0.00    0.0    0.000   0.145   29.1    42   14.9   29.4    7.85   1.1490     351     1    100.0   15 
10/08/26  16:00   32.2   32.3   32.2    47   19.5    3.2      E   0.80  16.1     E   32.2   34.4   34.4  1013.3   0.00    0.0    0.000   0.145   29.2    42   14.9   29.4    7.85   1.1488     350     1    100.0   15 
10/08/26  16:15   31.8   32.2   31.5    46   18.8    4.8    ESE   1.21  16.1   ENE   31.8   33.7   33.7  1013.2   0.00    0.0    0.000   0.141   29.2    42   14.9   29.4    7.85   1.1486     352     1    100.0   15 
10/08/26  16:30   31.4   31.5   31.4    50   19.8    3.2      E   0.80  16.1   ESE   31.4   33.8   33.8  1013.5   0.00    0.0    0.000   0.137   29.2    42   14.9   29.4    7.85   1.1490     350     1    100.0   15 
10/08/26  16:45   31.2   31.4   30.9    53   20.5    3.2     SE   0.80  11.3   ENE   31.2   33.8   33.8  1013.8   0.00    0.0    0.000   0.134   29.2    42   15.0   29.5    7.85   1.1490     351     1    100.0   15 
10/08/26  17:00   30.7   30.9   30.5    53   20.0    3.2      E   0.80  12.9   ENE   30.7   33.0   33.0  1013.9   0.00    0.0    0.000   0.128   29.2    42   14.9   29.4    7.85   1.1493     350     1    100.0   15 
10/08/26  17:15   30.4   30.5   30.2    53   19.7    1.6      E   0.40  11.3     E   30.4   32.5   32.5  1013.7   0.00    0.0    0.000   0.126   29.2    41   14.6   29.4    7.66   1.1496     352     1    100.0   15 
10/08/26  17:30   30.1   30.2   29.9    58   20.9    0.0      E   0.00  11.3     E   30.1   32.9   32.9  1013.6   0.00    0.0    0.000   0.123   29.1    41   14.5   29.3    7.66   1.1498     350     1    100.0   15 
10/08/26  17:45   29.6   29.9   29.4    61   21.3    1.6      E   0.40  12.9     E   29.6   32.4   32.4  1013.6   0.00    0.0    0.000   0.117   29.1    41   14.5   29.3    7.66   1.1501     351     1    100.0   15 
10/08/26  18:00   29.1   29.3   28.9    61   20.8    3.2    ENE   0.80  11.3   ESE   29.1   31.5   31.5  1013.7   0.00    0.0    0.000   0.112   29.0    42   14.8   29.3    7.85   1.1500     351     1    100.0   15 
10/08/26  18:15   28.7   28.9   28.5    63   20.9    3.2      E   0.80  12.9     E   28.7   30.9   30.9  1013.8   0.00    0.0    0.000   0.108   28.8    42   14.6   29.2    7.85   1.1509     351     1    100.0   15 
10/08/26  18:30   28.3   28.5   28.2    65   21.1    1.6      E   0.40   9.7     E   28.3   30.5   30.5  1014.1   0.00    0.0    0.000   0.104   28.6    41   14.1   28.7    7.68   1.1528     350     1    100.0   15 
10/08/26  18:45   28.2   28.2   28.2    66   21.3    1.6      E   0.40   4.8     E   28.2   30.4   30.4  1014.4   0.00    0.0    0.000   0.103   28.4    42   14.3   28.5    7.85   1.1536     351     1    100.0   15 
10/08/26  19:00   27.9   28.2   27.8    69   21.7    1.6      E   0.40   4.8     E   27.9   30.4   30.4  1014.5   0.00    0.0    0.000   0.100   28.4    42   14.3   28.5    7.85   1.1536     351     1    100.0   15 
10/08/26  19:15   27.7   27.8   27.6    73   22.4    1.6      E   0.40   9.7     E   27.7   30.3   30.3  1014.4   0.00    0.0    0.000   0.097   28.4    42   14.3   28.5    7.85   1.1535     350     1    100.0   15 
10/08/26  19:30   27.4   27.6   27.3    74   22.3    1.6    ENE   0.40   9.7     E   27.4   29.9   29.9  1014.3   0.00    0.0    0.000   0.094   28.4    41   13.9   28.4    7.69   1.1539     352     2    100.0   15 
10/08/26  19:45   27.2   27.2   27.0    76   22.6    1.6    ENE   0.40   8.0     E   27.2   29.7   29.7  1014.4   0.00    0.0    0.000   0.092   28.4    41   13.9   28.4    7.69   1.1540     351     1    100.0   15 
10/08/26  20:00   26.9   27.0   26.8    77   22.5    3.2    ENE   0.80   9.7     E   26.9   29.3   29.3  1014.5   0.00    0.0    0.000   0.089   28.3    41   13.8   28.3    7.69   1.1546     351     1    100.0   15 
10/08/26  20:15   26.8   26.8   26.7    76   22.2    3.2    ENE   0.80   9.7     E   26.8   28.9   28.9  1014.7   0.00    0.0    0.000   0.088   28.2    42   14.1   28.2    7.85   1.1549     351     1    100.0   15 
10/08/26  20:30   26.7   26.8   26.7    78   22.6    3.2      E   0.80   8.0   ENE   26.7   29.1   29.1  1015.0   0.00    0.0    0.000   0.087   28.1    42   14.0   28.0    7.85   1.1559     351     1    100.0   15 
10/08/26  20:45   26.8   26.8   26.8    79   22.8    0.0    ESE   0.00   4.8   ENE   26.8   29.3   29.3  1015.4   0.00    0.0    0.000   0.088   28.0    41   13.5   27.8    7.70   1.1574     351     1    100.0   15 
10/08/26  21:00   26.7   26.8   26.6    79   22.7    0.0    ESE   0.00   4.8   ESE   26.7   29.1   29.1  1015.9   0.00    0.0    0.000   0.087   27.9    42   13.8   27.7    7.85   1.1580     351     1    100.0   15 
10/08/26  21:15   26.5   26.6   26.4    79   22.6    0.0      E   0.00   4.8   SSE   26.5   28.8   28.8  1015.9   0.00    0.0    0.000   0.085   27.9    45   14.9   27.9    8.31   1.1567     349     1    100.0   15 
10/08/26  21:30   26.4   26.4   26.3    78   22.2    0.0    ---   0.00   0.0   ---   26.4   28.5   28.5  1016.2   0.00    0.0    0.000   0.084   27.9    45   14.9   27.9    8.31   1.1570     352     1    100.0   15 
10/08/26  21:45   26.2   26.4   25.9    70   20.3    1.6      E   0.40  12.9   ENE   26.2   27.6   27.6  1015.9   0.00    0.0    0.000   0.082   27.9    46   15.2   28.0    8.45   1.1563     351     1    100.0   15 
10/08/26  22:00   25.8   25.9   25.6    69   19.7    1.6    ENE   0.40   8.0    NE   25.8   26.9   26.9  1015.9   0.00    0.0    0.000   0.078   27.8    46   15.1   27.9    8.45   1.1565     351     1    100.0   15 
10/08/26  22:15   25.2   25.6   24.9    76   20.7    0.0    ENE   0.00   8.0   ENE   25.2   26.7   26.7  1015.7   0.40   12.2    0.000   0.072   27.9    46   15.2   28.0    8.45   1.1560     351     1    100.0   15 
10/08/26  22:30   24.7   24.9   24.4    80   21.0    0.0    ENE   0.00   4.8   ENE   24.7   26.3   26.3  1015.7   0.20    6.4    0.000   0.066   27.9    46   15.2   28.1    8.45   1.1558     349     1    100.0   15 
10/08/26  22:45   24.0   24.4   23.3    83   20.9    3.2     NO   0.80  12.9     S   24.0   25.6   25.6  1015.5   5.60   94.4    0.000   0.059   28.1    53   17.6   28.9    9.60   1.1517     351     1    100.0   15 
10/08/26  23:00   22.6   23.3   22.2    86   20.1    1.6      E   0.40   8.0     E   22.6   23.8   23.8  1015.1   2.00   27.2    0.000   0.045   28.3    56   18.7   29.5   10.05   1.1487     351     1    100.0   15 
10/08/26  23:15   22.2   22.3   22.2    90   20.5    1.6     NO   0.40   8.0    NO   22.2   23.4   23.4  1014.8   0.40   16.4    0.000   0.041   28.3    59   19.6   29.7   10.55   1.1470     351     1    100.0   15 
10/08/26  23:30   22.2   22.2   22.1    90   20.4    3.2     NO   0.80   8.0     E   22.2   23.4   23.4  1014.2   0.40    3.2    0.000   0.040   28.3    60   19.8   29.8   10.75   1.1458     351     1    100.0   15 
10/08/26  23:45   21.9   22.1   21.8    90   20.2    4.8    ENE   1.21  16.1   ENE   21.9   23.2   23.2  1014.2   0.00    0.0    0.000   0.038   28.3    61   20.0   29.9   10.95   1.1457     352     1    100.0   15 
11/08/26  00:00   21.9   22.0   21.8    91   20.4    4.8     NO   1.21  11.3    NO   21.9   23.2   23.2  1013.6   0.00    0.0    0.000   0.038   28.2    62   20.2   29.9   11.09   1.1449     350     1    100.0   15 
11/08/26   0:15   22.1   22.1   22.0    92   20.7    1.6     NO   0.40   9.7    NO   22.1   23.4   23.4  1013.8   0.20    0.0    0.000   0.039   28.2    63   20.5   29.9   11.30   1.1449     350     1    100.0   15 
11/08/26   0:30   22.0   22.1   21.9    92   20.6    1.6    ONO   0.40   6.4    NO   22.0   23.3   23.3  1013.4   0.00    0.0    0.000   0.038   28.1    64   20.7   30.0   11.50   1.1443     349     1    100.0   15 
11/08/26   0:45   22.3   22.4   22.0    93   21.1    1.6     NO   0.40   9.7    NO   22.3   23.7   23.7  1013.4   0.00    0.0    0.000   0.041   28.1    64   20.6   29.9   11.50   1.1446     349     1    100.0   15 
11/08/26   1:00   22.5   22.6   22.4    92   21.1    1.6     NO   0.40   4.8    NO   22.5   23.9   23.9  1013.1   0.00    0.0    0.000   0.043   28.1    64   20.6   29.9   11.50   1.1443     350     1    100.0   15 
11/08/26   1:15   22.4   22.5   22.2    92   21.1    0.0    SSE   0.00   9.7   SSE   22.4   23.8   23.8  1013.1   0.00    0.0    0.000   0.043   28.1    64   20.6   29.9   11.50   1.1444     351     1    100.0   15 
11/08/26   1:30   22.1   22.3   21.8    92   20.7    0.0    ESE   0.00   3.2   ESE   22.1   23.4   23.4  1013.2   0.00    0.0    0.000   0.039   28.1    64   20.7   30.0   11.50   1.1442     350     1    100.0   15 
11/08/26   1:45   21.8   21.9   21.8    92   20.5    1.6    OSO   0.40   8.0   OSO   21.8   23.2   23.2  1013.4   0.00    0.0    0.000   0.036   28.1    64   20.7   30.0   11.50   1.1444     351     1    100.0   15 
11/08/26   2:00   21.9   21.9   21.8    92   20.5    0.0     SO   0.00   3.2    SO   21.9   23.2   23.2  1013.4   0.00    0.0    0.000   0.037   28.1    64   20.6   29.9   11.50   1.1447     349     1    100.0   15 
11/08/26   2:15   21.8   21.9   21.7    91   20.3    0.0      E   0.00   3.2    SO   21.8   23.1   23.1  1013.5   0.00    0.0    0.000   0.036   28.1    64   20.6   29.9   11.50   1.1447     351     1    100.0   15 
11/08/26   2:30   22.1   22.2   21.9    90   20.4    0.0      E   0.00   3.2     E   22.1   23.3   23.3  1013.6   0.00    0.0    0.000   0.039   28.0    64   20.6   29.8   11.50   1.1452     351     1    100.0   15 
11/08/26   2:45   22.3   22.5   22.2    89   20.4    0.0      E   0.00   3.2     E   22.3   23.6   23.6  1013.5   0.00    0.0    0.000   0.042   28.0    64   20.6   29.8   11.50   1.1451     351     1    100.0   15 
11/08/26   3:00   22.4   22.6   22.2    88   20.4    1.6      O   0.40   4.8     O   22.4   23.7   23.7  1013.7   0.00    0.0    0.000   0.043   28.0    64   20.6   29.8   11.50   1.1453     350     1    100.0   15 
11/08/26   3:15   22.1   22.2   21.9    89   20.2    0.0      O   0.00   3.2     O   22.1   23.2   23.2  1014.1   0.00    0.0    0.000   0.039   27.9    64   20.5   29.7   11.50   1.1461     351     1    100.0   15 
11/08/26   3:30   21.9   22.0   21.9    89   20.0    0.0      O   0.00   3.2     O   21.9   23.1   23.1  1014.2   0.00    0.0    0.000   0.038   27.9    64   20.5   29.7   11.50   1.1462     351     1    100.0   15 
11/08/26   3:45   21.9   21.9   21.9    89   20.0    0.0      O   0.00   4.8     O   21.9   23.1   23.1  1014.5   0.00    0.0    0.000   0.037   27.9    64   20.4   29.6   11.51   1.1469     351     1    100.0   15 
11/08/26   4:00   21.9   22.2   21.9    90   20.2    1.6      O   0.40   8.0    NO   21.9   23.2   23.2  1014.5   0.00    0.0    0.000   0.038   27.8    64   20.4   29.6   11.51   1.1471     351     1    100.0   15 
11/08/26   4:15   22.3   22.4   22.2    88   20.2    3.2     NO   0.80   8.0    NO   22.3   23.5   23.5  1014.6   0.00    0.0    0.000   0.042   27.7    65   20.5   29.4   11.71   1.1474     350     1    100.0   15 
11/08/26   4:30   22.4   22.6   22.3    89   20.5    3.2     NO   0.80   6.4    NO   22.4   23.7   23.7  1014.4   0.00    0.0    0.000   0.043   27.7    65   20.5   29.4   11.71   1.1475     351     1    100.0   15 
