                 Temp.  Temp.  Temp.  Hum.   Punt   Vel.   Dir.   Rec.  Vel.  Dir.  Sens.   Índ.   Índ.                  Int. Graus D.Graus D.  Temp.  Hum. Rosada  In.Cal.  EMC     Dens.    Mostr   Tx   Recep.  Int.
  Data    Hora    Ext.   Màx.   Mín.  Ext. Rosada   Vent   Vent   Vent  Màx.  Màx.  Tèrm.  Calor   THW    Bar    Pluja   Pluja  Calor    Fred    Int.  Int.   Int.   Int.    Int.  Int.Aire    Vent   Vent   ISS   Arc.
-------------------------------------------------------------------------------------------------------------------------------------------------------------------------------------------------------------------------
 1/08/26   0:15   24.8   24.8   24.7    85   22.1    1.6    ENE   0.40   6.4   ENE   24.8   26.7   26.7  1014.8   0.00    0.0    0.000   0.067   28.8    65   21.6   31.7   11.67   1.1416     301     1     88.0   15 
 1/08/26   0:30   24.7   24.7   24.6    85   22.0    0.0    ENE   0.00   3.2   ENE   24.7   26.6   26.6  1014.8   0.00    0.0    0.000   0.066   28.8    65   21.6   31.7   11.67   1.1416     350     1    100.0   15 
 1/08/26   0:45   24.6   24.6   24.6    85   21.9    1.6    ENE   0.40   4.8   ENE   24.6   26.4   26.4  1014.9   0.00    0.0    0.000   0.065   28.8    65   21.5   31.5   11.67   1.1420     351     1    100.0   15 
 1/08/26   1:00   24.5   24.6   24.4    85   21.8    1.6     NE   0.40   4.8    NE   24.5   26.3   26.3  1014.8   0.00    0.0    0.000   0.064   28.8    65   21.5   31.5   11.67   1.1418     351     1    100.0   15 
 1/08/26   1:15   24.4   24.4   24.3    86   21.9    1.6     NE   0.40   4.8    NE   24.4   26.2   26.2  1014.8   0.00    0.0    0.000   0.063   28.8    65   21.5   31.5   11.67   1.1419     351     1    100.0   15 
 1/08/26   1:30   24.4   24.4   24.3    85   21.7    1.6     NE   0.40   4.8    NE   24.4   26.2   26.2  1014.7   0.00    0.0    0.000   0.063   28.7    65   21.5   31.4   11.68   1.1420     351     1    100.0   15 
 1/08/26   1:45   24.3   24.4   24.3    86   21.8    0.0     NE   0.00   3.2    NE   24.3   26.1   26.1  1014.6   0.00    0.0    0.000   0.063   28.7    65   21.5   31.4   11.68   1.1420     352     1    100.0   15 
 1/08/26   2:00   24.2   24.3   24.1    86   21.7    1.6     NE   0.40   8.0     E   24.2   25.9   25.9  1014.6   0.00    0.0    0.000   0.061   28.7    66   21.7   31.6   11.88   1.1415     351     1    100.0   15 
 1/08/26   2:15   23.8   24.1   23.6    86   21.3    1.6      E   0.40   8.0     E   23.8   25.5   25.5  1014.6   0.00    0.0    0.000   0.057   28.7    65   21.4   31.3   11.68   1.1423     348     1    100.0   15 
 1/08/26   2:30   23.5   23.6   23.4    88   21.4    3.2    ENE   0.80   8.0   ENE   23.5   24.9   24.9  1014.6   0.00    0.0    0.000   0.054   28.6    65   21.4   31.2   11.68   1.1426     350     1    100.0   15 
 1/08/26   2:45   23.3   23.4   23.3    88   21.2    4.8    ENE   1.21   8.0    NE   23.3   24.6   24.6  1014.5   0.00    0.0    0.000   0.052   28.6    65   21.3   31.0   11.68   1.1428     352     1    100.0   15 
 1/08/26   3:00   23.3   23.3   23.2    88   21.2    1.6    ENE   0.40   6.4   ENE   23.3   24.6   24.6  1014.5   0.00    0.0    0.000   0.052   28.4    66   21.4   30.8   11.89   1.1432     351     1    100.0   15 
 1/08/26   3:15   23.2   23.2   23.2    88   21.1    1.6    ENE   0.40   4.8   ENE   23.2   24.4   24.4  1014.5   0.00    0.0    0.000   0.050   28.3    65   21.1   30.5   11.69   1.1440     351     1    100.0   15 
 1/08/26   3:30   23.2   23.2   23.1    88   21.1    3.2    ENE   0.80   8.0     E   23.2   24.4   24.4  1014.5   0.00    0.0    0.000   0.050   28.3    65   21.1   30.5   11.69   1.1440     351     1    100.0   15 
 1/08/26   3:45   23.2   23.2   23.1    88   21.1    1.6      E   0.40   8.0     E   23.2   24.4   24.4  1014.4   0.00    0.0    0.000   0.050   28.3    65   21.1   30.4   11.69   1.1442     351     1    100.0   15 
 1/08/26   4:00   23.2   23.2   23.1    88   21.1    3.2    ENE   0.80   8.0     E   23.2   24.4   24.4  1014.4   0.00    0.0    0.000   0.050   28.2    65   21.0   30.3   11.69   1.1444     352     1    100.0   15 
 1/08/26   4:15   23.1   23.1   23.0    88   21.0    1.6    ENE   0.40   9.7     E   23.1   24.3   24.3  1014.2   0.00    0.0    0.000   0.049   28.2    65   21.0   30.2   11.70   1.1446     351     1    100.0   15 
 1/08/26   4:30   23.0   23.1   23.0    88   20.9    3.2      E   0.80   8.0     E   23.0   24.3   24.3  1014.2   0.00    0.0    0.000   0.049   28.1    65   20.9   30.1   11.70   1.1448     351     1    100.0   15 
 1/08/26   4:45   23.0   23.0   22.9    88   20.9    1.6      E   0.40   8.0     E   23.0   24.3   24.3  1014.4   0.00    0.0    0.000   0.049   28.1    65   20.9   30.1   11.70   1.1453     351     1    100.0   15 
 1/08/26   5:00   23.0   23.0   23.0    88   20.9    1.6      E   0.40   9.7     E   23.0   24.3   24.3  1014.4   0.00    0.0    0.000   0.049   28.1    66   21.1   30.2   11.90   1.1450     350     1    100.0   15 
 1/08/26   5:15   22.9   23.0   22.9    88   20.8    1.6      E   0.40   8.0     E   22.9   24.2   24.2  1014.4   0.00    0.0    0.000   0.048   27.9    66   21.0   30.0   11.90   1.1456     351     1    100.0   15 
 1/08/26   5:30   22.8   22.9   22.8    87   20.6    0.0      E   0.00   3.2     E   22.8   24.1   24.1  1014.5   0.00    0.0    0.000   0.047   27.9    65   20.8   29.8   11.70   1.1461     351     1    100.0   15 
 1/08/26   5:45   22.9   22.9   22.8    86   20.4    0.0      E   0.00   3.2     E   22.9   24.1   24.1  1014.6   0.00    0.0    0.000   0.047   27.9    65   20.7   29.7   11.71   1.1466     350     1    100.0   15 
 1/08/26   6:00   23.0   23.1   22.9    84   20.1    0.0      E   0.00   4.8     E   23.0   24.2   24.2  1014.6   0.00    0.0    0.000   0.049   27.9    64   20.5   29.7   11.50   1.1467     352     1    100.0   15 
 1/08/26   6:15   23.2   23.3   23.1    83   20.1    0.0    ESE   0.00   6.4   ESE   23.2   24.3   24.3  1014.7   0.00    0.0    0.000   0.050   27.9    64   20.4   29.6   11.51   1.1470     349     1    100.0   15 
 1/08/26   6:30   23.4   23.6   23.3    82   20.1    0.0    ESE   0.00   3.2   ESE   23.4   24.6   24.6  1014.8   0.00    0.0    0.000   0.053   27.9    63   20.2   29.6   11.30   1.1474     350     1    100.0   15 
 1/08/26   6:45   23.7   23.8   23.6    80   20.1    0.0      E   0.00   4.8     E   23.7   25.0   25.0  1014.7   0.00    0.0    0.000   0.056   27.9    63   20.2   29.6   11.30   1.1472     351     1    100.0   15 
 1/08/26   7:00   24.1   24.2   23.8    78   20.0    1.6      E   0.40  11.3     E   24.1   25.4   25.4  1014.7   0.00    0.0    0.000   0.060   28.1    63   20.4   29.9   11.30   1.1463     350     1    100.0   15 
 1/08/26   7:15   24.3   24.3   24.2    78   20.2    4.8    ENE   1.21  12.9     E   24.3   25.7   25.7  1014.6   0.00    0.0    0.000   0.062   28.3    62   20.3   30.0   11.09   1.1457     351     1    100.0   15 
 1/08/26   7:30   24.5   24.7   24.2    76   20.0    6.4    ENE   1.61  14.5     E   24.5   25.9   25.9  1014.6   0.00    0.0    0.000   0.064   28.4    61   20.1   30.1   10.95   1.1456     351     1    100.0   15 
 1/08/26   7:45   24.8   24.9   24.7    76   20.3    1.6     NO   0.40   8.0     E   24.8   26.3   26.3  1015.2   0.00    0.0    0.000   0.068   28.5    61   20.2   30.3   10.95   1.1457     351     1    100.0   15 
 1/08/26   8:00   24.9   24.9   24.8    77   20.6    0.0     NO   0.00   1.6    NO   24.9   26.4   26.4  1015.2   0.00    0.0    0.000   0.068   28.5    62   20.5   30.4   11.08   1.1453     351     1    100.0   15 
 1/08/26   8:15   25.1   25.2   24.9    79   21.2    1.6    ENE   0.40   6.4   ENE   25.1   26.8   26.8  1015.2   0.00    0.0    0.000   0.071   28.5    63   20.8   30.6   11.28   1.1448     351     1    100.0   15 
 1/08/26   8:30   25.2   25.3   25.1    78   21.1    3.2      E   0.80  11.3     E   25.2   26.8   26.8  1015.0   0.00    0.0    0.000   0.071   28.5    64   21.0   30.7   11.48   1.1441     351     1    100.0   15 
 1/08/26   8:45   25.7   26.2   25.3    77   21.3    3.2      E   0.80  12.9   ENE   25.7   27.3   27.3  1014.9   0.00    0.0    0.000   0.076   28.5    64   21.0   30.7   11.48   1.1439     351     1    100.0   15 
 1/08/26   9:00   26.6   27.1   26.2    74   21.5    1.6      E   0.40  11.3     E   26.6   28.4   28.4  1014.8   0.00    0.0    0.000   0.086   28.6    64   21.1   31.0   11.48   1.1432     351     1    100.0   15 
 1/08/26   9:15   27.5   27.8   27.1    71   21.8    1.6    ESE   0.40  11.3   ESE   27.5   29.8   29.8  1014.8   0.00    0.0    0.000   0.095   28.9    64   21.4   31.6   11.47   1.1417     352     1    100.0   15 
 1/08/26   9:30   27.8   28.3   27.7    70   21.9    1.6    ENE   0.40  11.3   ENE   27.8   30.3   30.3  1014.7   0.00    0.0    0.000   0.099   29.1    63   21.3   31.8   11.26   1.1409     351     1    100.0   15 
 1/08/26   9:45   28.6   28.7   28.3    68   22.1    0.0      S   0.00   8.0   SSO   28.6   31.7   31.7  1014.8   0.00    0.0    0.000   0.107   29.3    62   21.3   32.1   11.05   1.1402     350     1    100.0   15 
 1/08/26  10:00   28.6   28.7   28.5    68   22.1    1.6     SO   0.40   8.0     S   28.6   31.6   31.6  1014.7   0.00    0.0    0.000   0.106   29.6    62   21.6   32.6   11.04   1.1386     350     1    100.0   15 
 1/08/26  10:15   28.7   28.8   28.6    67   21.9    1.6      S   0.40   6.4   OSO   28.7   31.6   31.6  1014.7   0.00    0.0    0.000   0.108   29.8    61   21.5   32.9   10.92   1.1379     351     1    100.0   15 
 1/08/26  10:30   29.2   29.4   28.8    65   21.9    0.0     SO   0.00   4.8    SO   29.2   32.3   32.3  1014.7   0.00    0.0    0.000   0.113   30.0    60   21.4   33.1   10.71   1.1374     352     1    100.0   15 
 1/08/26  10:45   29.4   29.4   29.3    63   21.6    1.6    SSO   0.40   8.0     S   29.4   32.3   32.3  1014.5   0.00    0.0    0.000   0.115   30.2    59   21.3   33.3   10.52   1.1365     350     1    100.0   15 
 1/08/26  11:00   29.8   30.0   29.4    61   21.4    1.6    OSO   0.40   9.7   SSO   29.8   32.8   32.8  1014.3   0.00    0.0    0.000   0.119   30.4    59   21.5   33.8   10.51   1.1351     351     1    100.0   15 
 1/08/26  11:15   30.0   30.2   29.9    61   21.7    1.6    ENE   0.40   9.7    SE   30.0   33.3   33.3  1014.1   0.00    0.0    0.000   0.122   30.5    56   20.7   33.3   10.01   1.1361     351     1    100.0   15 
 1/08/26  11:30   30.6   30.8   30.3    60   21.9    1.6      S   0.40  11.3     E   30.6   34.2   34.2  1013.9   0.00    0.0    0.000   0.127   30.2    53   19.5   32.1    9.52   1.1390     352     1    100.0   15 
 1/08/26  11:45   31.3   31.4   30.8    58   22.0    3.2      S   0.80  11.3   ESE   31.3   34.9   34.9  1013.8   0.00    0.0    0.000   0.135   30.0    51   18.8   31.4    9.23   1.1407     351     1    100.0   15 
 1/08/26  12:00   31.6   32.0   31.3    56   21.8    1.6     SO   0.40  20.9   ENE   31.6   35.3   35.3  1013.5   0.00    0.0    0.000   0.138   29.8    49   17.9   30.8    8.85   1.1426     350     1    100.0   15 
 1/08/26  12:15   32.3   32.4   32.0    55   22.1    1.6    ENE   0.40   9.7   SSO   32.3   36.4   36.4  1013.4   0.00    0.0    0.000   0.145   29.6    49   17.7   30.5    8.85   1.1436     351     1    100.0   15 
 1/08/26  12:30   32.2   32.6   31.7    62   24.0    3.2      E   0.80  17.7   ESE   32.2   38.3   38.3  1013.2   0.00    0.0    0.000   0.145   29.3    48   17.2   30.2    8.75   1.1450     351     1    100.0   15 
 1/08/26  12:45   31.4   31.7   31.3    63   23.5    3.2      E   0.80  12.9    SE   31.4   36.4   36.4  1013.0   0.00    0.0    0.000   0.137   29.2    48   17.0   30.0    8.76   1.1456     350     1    100.0   15 
 1/08/26  13:00   31.1   31.3   30.8    65   23.7    6.4    ENE   1.61  29.0     E   31.1   35.9   35.9  1012.8   0.00    0.0    0.000   0.133   29.1    47   16.6   29.8    8.56   1.1464     351     1    100.0   15 
 1/08/26  13:15   30.7   30.8   30.6    65   23.3    4.8    ENE   1.21  17.7     E   30.7   35.4   35.4  1012.8   0.00    0.0    0.000   0.128   28.9    47   16.5   29.7    8.57   1.1469     351     1    100.0   15 
 1/08/26  13:30   30.5   30.9   30.4    64   22.9    3.2    SSE   0.80  16.1   ESE   30.5   35.0   35.0  1012.7   0.00    0.0    0.000   0.127   28.9    47   16.4   29.7    8.57   1.1471     351     1    100.0   15 
 1/08/26  13:45   31.6   32.2   30.9    60   22.9    3.2    SSO   0.80  14.5   SSO   31.6   36.2   36.2  1012.5   0.00    0.0    0.000   0.138   28.8    47   16.4   29.6    8.57   1.1471     352     1    100.0   15 
 1/08/26  14:00   32.0   32.2   31.8    60   23.3    4.8      S   1.21  17.7     O   32.0   37.1   37.1  1012.4   0.00    0.0    0.000   0.142   28.8    46   16.1   29.5    8.45   1.1474     351     1    100.0   15 
 1/08/26  14:15   31.7   31.9   31.4    62   23.5    3.2     SO   0.80  17.7   OSO   31.7   36.8   36.8  1012.2   0.00    0.0    0.000   0.139   28.8    46   16.0   29.4    8.45   1.1475     351     1    100.0   15 
 1/08/26  14:30   31.9   32.1   31.7    61   23.4    3.2    OSO   0.80  12.9   OSO   31.9   37.1   37.1  1012.0   0.00    0.0    0.000   0.141   28.7    46   16.0   29.3    8.45   1.1476     350     1    100.0   15 
 1/08/26  14:45   32.0   32.2   31.7    61   23.5    3.2    SSO   0.80  14.5     S   32.0   37.4   37.4  1012.0   0.00    0.0    0.000   0.142   28.7    45   15.6   29.2    8.28   1.1480     351     1    100.0   15 
 1/08/26  15:00   31.9   32.2   31.6    62   23.8    4.8     SO   1.21  19.3   OSO   31.9   37.6   37.6  1011.9   0.00    0.0    0.000   0.142   28.7    45   15.6   29.2    8.28   1.1479     350     1    100.0   15 
 1/08/26  15:15   31.4   31.7   31.0    64   23.8    4.8     SO   1.21  16.1    SO   31.4   36.6   36.6  1011.6   0.00    0.0    0.000   0.136   28.8    46   16.0   29.4    8.45   1.1469     350     1    100.0   15 
 1/08/26  15:30   30.9   31.1   30.8    64   23.3    4.8     SO   1.21  17.7   OSO   30.9   35.6   35.6  1011.7   0.00    0.0    0.000   0.131   28.9    47   16.5   29.7    8.57   1.1456     350     1    100.0   15 
 1/08/26  15:45   30.8   30.9   30.7    65   23.4    4.8      S   1.21  19.3    SO   30.8   35.6   35.6  1011.8   0.00    0.0    0.000   0.130   28.9    47   16.5   29.7    8.57   1.1458     352     1    100.0   15 
 1/08/26  16:00   30.8   30.9   30.6    65   23.4    3.2    OSO   0.80  12.9   OSO   30.8   35.6   35.6  1011.7   0.00    0.0    0.000   0.130   28.9    47   16.5   29.7    8.57   1.1457     350     1    100.0   15 
 1/08/26  16:15   30.5   30.7   30.4    65   23.2    3.2    SSO   0.80  17.7     O   30.5   35.2   35.2  1011.9   0.00    0.0    0.000   0.127   28.9    47   16.4   29.7    8.57   1.1462     351     1    100.0   15 
 1/08/26  16:30   30.1   30.4   29.9    66   23.1    1.6    SSO   0.40  12.9    SO   30.1   34.6   34.6  1011.8   0.00    0.0    0.000   0.123   28.9    46   16.1   29.6    8.45   1.1465     350     1    100.0   15 
 1/08/26  16:45   30.0   30.2   29.9    66   23.0    1.6     SO   0.40  11.3   SSE   30.0   34.3   34.3  1011.9   0.00    0.0    0.000   0.122   28.8    45   15.7   29.4    8.27   1.1473     350     1    100.0   15 
 1/08/26  17:00   29.9   30.1   29.6    68   23.3    1.6    OSO   0.40  16.1   OSO   29.9   34.5   34.5  1011.9   0.00    0.0    0.000   0.120   28.8    45   15.7   29.4    8.27   1.1473     352     1    100.0   15 
 1/08/26  17:15   29.4   29.6   29.4    68   22.9    0.0    SSE   0.00   3.2     S   29.4   33.4   33.4  1011.9   0.00    0.0    0.000   0.116   28.9    44   15.4   29.4    8.15   1.1475     351     1    100.0   15 
 1/08/26  17:30   29.3   29.6   29.1    69   23.1    0.0      S   0.00   8.0     S   29.3   33.4   33.4  1012.0   0.00    0.0    0.000   0.115   28.8    44   15.4   29.3    8.15   1.1480     351     1    100.0   15 
 1/08/26  17:45   28.8   29.1   28.6    71   23.0    0.0    SSO   0.00   8.0   SSO   28.8   32.7   32.7  1012.2   0.00    0.0    0.000   0.109   28.8    44   15.4   29.3    8.15   1.1482     350     1    100.0   15 
 1/08/26  18:00   28.5   28.6   28.5    71   22.7    0.0      O   0.00   3.2    SO   28.5   31.9   31.9  1012.0   0.00    0.0    0.000   0.106   28.7    48   16.6   29.4    8.78   1.1467     351     1    100.0   15 
 1/08/26  18:15   28.4   28.6   28.3    71   22.7    1.6    SSO   0.40   9.7    SO   28.4   31.8   31.8  1012.6   0.00    0.0    0.000   0.105   28.7    48   16.6   29.4    8.78   1.1473     351     1    100.0   15 
 1/08/26  18:30   28.3   28.3   28.3    71   22.6    0.0      S   0.00   6.4     S   28.3   31.5   31.5  1012.7   0.00    0.0    0.000   0.104   28.6    47   16.2   29.2    8.58   1.1485     351     1    100.0   15 
 1/08/26  18:45   28.3   28.3   28.2    72   22.7    0.0      S   0.00   4.8   SSE   28.3   31.6   31.6  1012.3   0.00    0.0    0.000   0.104   28.5    46   15.8   28.9    8.45   1.1491     351     1    100.0   15 
 1/08/26  19:00   28.1   28.2   27.9    74   23.0    1.6    ESE   0.40   8.0   ESE   28.1   31.6   31.6  1012.3   0.00    0.0    0.000   0.102   28.3    45   15.3   28.6    8.29   1.1503     350     1    100.0   15 
 1/08/26  19:15   27.6   27.9   27.4    76   23.0    3.2    ENE   0.80   9.7     E   27.6   30.6   30.6  1012.1   0.00    0.0    0.000   0.097   28.2    45   15.2   28.4    8.29   1.1507     352     1    100.0   15 
 1/08/26  19:30   27.3   27.4   27.2    77   22.9    3.2    ENE   0.80  11.3   ESE   27.3   30.1   30.1  1012.0   0.00    0.0    0.000   0.093   28.1    45   15.1   28.3    8.30   1.1511     351     1    100.0   15 
 1/08/26  19:45   27.0   27.2   26.8    78   22.8    3.2    ENE   0.80  11.3   ENE   27.0   29.6   29.6  1011.9   0.00    0.0    0.000   0.090   28.0    45   15.0   28.1    8.30   1.1515     351     1    100.0   15 
 1/08/26  20:00   26.8   26.8   26.7    79   22.8    0.0      E   0.00   8.0     E   26.8   29.3   29.3  1011.9   0.00    0.0    0.000   0.088   27.9    44   14.5   27.8    8.15   1.1525     351     1    100.0   15 
 1/08/26  20:15   26.7   26.7   26.6    79   22.7    0.0    ESE   0.00   3.2   ESE   26.7   29.1   29.1  1012.0   0.00    0.0    0.000   0.087   27.8    44   14.5   27.7    8.15   1.1529     351     1    100.0   15 
 1/08/26  20:30   26.6   26.6   26.6    80   22.8    0.0    ESE   0.00   3.2   ESE   26.6   29.0   29.0  1012.2   0.00    0.0    0.000   0.086   27.7    44   14.4   27.6    8.15   1.1537     351     1    100.0   15 
 1/08/26  20:45   26.4   26.6   26.4    80   22.7    0.0    ---   0.00   0.0   ---   26.4   28.8   28.8  1012.2   0.00    0.0    0.000   0.084   27.6    44   14.3   27.4    8.15   1.1542     351     1    100.0   15 
 1/08/26  21:00   26.4   26.4   26.4    80   22.7    0.0    ---   0.00   0.0   ---   26.4   28.8   28.8  1012.4   0.00    0.0    0.000   0.084   27.6    45   14.6   27.4    8.32   1.1543     351     1    100.0   15 
 1/08/26  21:15   26.4   26.4   26.4    81   22.9    0.0    ---   0.00   0.0   ---   26.4   28.9   28.9  1012.5   0.00    0.0    0.000   0.084   27.6    47   15.2   27.6    8.62   1.1535     351     1    100.0   15 
 1/08/26  21:30   26.1   26.4   25.8    82   22.7    0.0    OSO   0.00   3.2   OSO   26.1   28.3   28.3  1012.6   0.00    0.0    0.000   0.080   27.6    47   15.3   27.7    8.62   1.1534     351     1    100.0   15 
 1/08/26  21:45   25.6   25.7   25.4    84   22.7    0.0    OSO   0.00   6.4   OSO   25.6   27.8   27.8  1012.6   0.00    0.0    0.000   0.075   27.6    48   15.6   27.7    8.82   1.1530     351     1    100.0   15 
 1/08/26  22:00   25.4   25.4   25.3    85   22.7    0.0     SO   0.00   3.2    SO   25.4   27.6   27.6  1012.4   0.00    0.0    0.000   0.073   27.7    48   15.7   27.8    8.81   1.1525     351     1    100.0   15 
 1/08/26  22:15   25.3   25.3   25.2    87   23.0    0.0    OSO   0.00   4.8   OSO   25.3   27.6   27.6  1012.2   0.00    0.0    0.000   0.072   27.6    48   15.6   27.7    8.82   1.1525     351     1    100.0   15 
 1/08/26  22:30   25.1   25.2   24.9    87   22.7    0.0    ONO   0.00   3.2    NO   25.1   27.2   27.2  1012.2   0.00    0.0    0.000   0.070   27.6    48   15.6   27.7    8.82   1.1525     352     1    100.0   15 
 1/08/26  22:45   24.9   25.0   24.8    88   22.8    0.0    ONO   0.00   8.0   NNO   24.9   26.9   26.9  1012.1   0.00    0.0    0.000   0.068   27.6    48   15.6   27.7    8.82   1.1523     351     1    100.0   15 
 1/08/26  23:00   24.7   24.8   24.7    89   22.8    0.0    OSO   0.00   3.2   OSO   24.7   26.8   26.8  1012.0   0.00    0.0    0.000   0.067   27.7    48   15.7   27.8    8.81   1.1520     350     1    100.0   15 
 1/08/26  23:15   24.7   24.7   24.6    89   22.7    0.0    ONO   0.00   4.8   ONO   24.7   26.7   26.7  1011.7   0.00    0.0    0.000   0.066   27.7    51   16.7   28.1    9.31   1.1501     351     1    100.0   15 
 1/08/26  23:30   24.6   24.6   24.5    89   22.6    0.0      O   0.00   4.8     O   24.6   26.5   26.5  1011.5   0.00    0.0    0.000   0.065   28.0    55   18.1   28.9    9.85   1.1467     350     1    100.0   15 
 1/08/26  23:45   24.5   24.5   24.4    89   22.6    0.0    ---   0.00   0.0   ---   24.5   26.4   26.4  1011.5   0.00    0.0    0.000   0.064   28.2    57   18.8   29.3   10.20   1.1450     351     1    100.0   15 
 2/08/26  00:00   24.4   24.5   24.3    90   22.6    0.0    ---   0.00   0.0   ---   24.4   26.3   26.3  1011.4   0.00    0.0    0.000   0.063   28.3    60   19.8   29.8   10.75   1.1426     351     1    100.0   15 
 2/08/26   0:15   24.3   24.3   24.2    90   22.5    0.0    ---   0.00   0.0   ---   24.3   26.2   26.2  1011.2   0.00    0.0    0.000   0.062   28.4    61   20.1   30.1   10.95   1.1417     348     1    100.0   15 
 2/08/26   0:30   24.3   24.3   24.2    90   22.5    0.0      S   0.00   1.6     S   24.3   26.2   26.2  1011.2   0.00    0.0    0.000   0.062   28.4    62   20.5   30.3   11.09   1.1409     351     1    100.0   15 
 2/08/26   0:45   24.2   24.3   24.1    90   22.4    0.0      S   0.00   1.6     S   24.2   26.1   26.1  1011.0   0.00    0.0    0.000   0.061   28.5    63   20.8   30.6   11.28   1.1400     350     1    100.0   15 
 2/08/26   1:00   24.0   24.1   24.0    90   22.3    0.0    ---   0.00   0.0   ---   24.0   25.9   25.9  1010.9   0.00    0.0    0.000   0.059   28.5    63   20.8   30.6   11.28   1.1398     352     1    100.0   15 
 2/08/26   1:15   24.0   24.0   23.9    91   22.4    0.0    ---   0.00   0.0   ---   24.0   25.9   25.9  1010.8   0.00    0.0    0.000   0.059   28.5    64   21.0   30.7   11.48   1.1392     349     1    100.0   15 
 2/08/26   1:30   23.8   23.9   23.8    91   22.3    0.0    ---   0.00   0.0   ---   23.8   25.7   25.7  1010.6   0.00    0.0    0.000   0.057   28.5    64   21.0   30.7   11.48   1.1390     351     1    100.0   15 
 2/08/26   1:45   23.7   23.8   23.7    91   22.2    0.0      S   0.00   1.6     S   23.7   25.5   25.5  1010.4   0.00    0.0    0.000   0.056   28.5    64   21.0   30.7   11.48   1.1388     350     1    100.0   15 
 2/08/26   2:00   23.6   23.7   23.5    91   22.0    0.0    ---   0.00   0.0   ---   23.6   25.2   25.2  1010.4   0.00    0.0    0.000   0.054   28.5    65   21.3   30.9   11.68   1.1383     352     1    100.0   15 
 2/08/26   2:15   23.6   23.6   23.5    92   22.2    0.0    ---   0.00   0.0   ---   23.6   25.2   25.2  1010.3   0.00    0.0    0.000   0.054   28.5    65   21.3   30.9   11.68   1.1382     351     1    100.0   15 
 2/08/26   2:30   23.6   23.6   23.5    92   22.2    0.0    ---   0.00   0.0   ---   23.6   25.2   25.2  1010.3   0.00    0.0    0.000   0.054   28.4    66   21.5   30.9   11.89   1.1380     351     1    100.0   15 
 2/08/26   2:45   23.4   23.5   23.4    92   22.1    0.0      O   0.00   1.6     O   23.4   25.0   25.0  1010.2   0.00    0.0    0.000   0.053   28.4    67   21.7   31.1   12.09   1.1375     351     1    100.0   15 
 2/08/26   3:00   22.9   23.4   22.6    92   21.6    3.2     NO   0.80   6.4    NO   22.9   24.4   24.4  1010.0   0.00    0.0    0.000   0.048   28.4    67   21.7   30.9   12.09   1.1376     351     1    100.0   15 
 2/08/26   3:15   22.4   22.6   22.3    92   21.0    1.6     NO   0.40   4.8    NO   22.4   23.8   23.8  1010.2   0.00    0.0    0.000   0.042   28.3    66   21.3   30.6   11.89   1.1389     351     1    100.0   15 
 2/08/26   3:30   22.7   22.8   22.3    91   21.1    0.0    ---   0.00   0.0   ---   22.7   24.1   24.1  1010.4   0.00    0.0    0.000   0.045   28.2    65   21.0   30.2   11.70   1.1402     351     1    100.0   15 
 2/08/26   3:45   22.6   22.8   22.5    91   21.1    0.0      S   0.00   1.6     S   22.6   24.0   24.0  1010.5   0.00    0.0    0.000   0.045   28.1    65   20.9   30.1   11.70   1.1406     351     1    100.0   15 
 2/08/26   4:00   22.5   22.5   22.4    92   21.1    0.0    ---   0.00   0.0   ---   22.5   23.9   23.9  1010.6   0.00    0.0    0.000   0.043   28.1    65   20.9   30.1   11.70   1.1407     352     1    100.0   15 
 2/08/26   4:15   22.6   22.7   22.5    92   21.2    0.0    ---   0.00   0.0   ---   22.6   24.1   24.1  1010.7   0.00    0.0    0.000   0.045   28.1    66   21.1   30.2   11.90   1.1407     351     1    100.0   15 
 2/08/26   4:30   22.6   22.7   22.6    92   21.2    0.0    ---   0.00   0.0   ---   22.6   24.1   24.1  1010.6   0.00    0.0    0.000   0.045   28.0    66   21.1   30.1   11.90   1.1409     351     1    100.0   15 
 2/08/26   4:45   22.5   22.6   22.5    93   21.3    0.0      S   0.00   1.6     S   22.5   23.9   23.9  1010.6   0.00    0.0    0.000   0.043   28.0    66   21.1   30.1   11.90   1.1409     351     1    100.0   15 
 2/08/26   5:00   22.4   22.5   22.3    93   21.2    0.0    ---   0.00   0.0   ---   22.4   23.8   23.8  1010.9   0.00    0.0    0.000   0.042   28.0    66   21.1   30.1   11.90   1.1412     350     1    100.0   15 
 2/08/26   5:15   22.3   22.4   22.2    92   20.9    1.6     NO   0.40   3.2    NO   22.3   23.7   23.7  1010.9   0.00    0.0    0.000   0.041   27.9    66   21.0   30.0   11.90   1.1415     352     1    100.0   15 
 2/08/26   5:30   22.2   22.3   22.2    92   20.9    0.0     NO   0.00   3.2    NO   22.2   23.6   23.6  1011.0   0.00    0.0    0.000   0.041   27.9    66   21.0   30.0   11.90   1.1416     350     1    100.0   15 
 2/08/26   5:45   22.3   22.4   22.3    92   21.0    0.0     NO   0.00   3.2    NO   22.3   23.7   23.7  1011.0   0.00    0.0    0.000   0.042   27.9    66   20.9   29.9   11.91   1.1419     351     1    100.0   15 
 2/08/26   6:00   22.6   22.7   22.4    91   21.0    0.0     NO   0.00   3.2    NO   22.6   23.9   23.9  1010.8   0.00    0.0    0.000   0.044   27.9    66   21.0   30.0   11.90   1.1414     351     1    100.0   15 
