                 Temp.  Temp.  Temp.  Hum.   Punt   Vel.   Dir.   Rec.  Vel.  Dir.  Sens.   Índ.   Índ.                  Int. Graus D.Graus D.  Temp.  Hum. Rosada  In.Cal.  EMC     Dens.    Mostr   Tx   Recep.  Int.
  Data    Hora    Ext.   Màx.   Mín.  Ext. Rosada   Vent   Vent   Vent  Màx.  Màx.  Tèrm.  Calor   THW    Bar    Pluja   Pluja  Calor    Fred    Int.  Int.   Int.   Int.    Int.  Int.Aire    Vent   Vent   ISS   Arc.
-------------------------------------------------------------------------------------------------------------------------------------------------------------------------------------------------------------------------
 5/10/26   0:15   17.8   17.9   17.8    92   16.5    0.0    ENE   0.00   3.2   ENE   17.8   18.3   18.3  1021.0   0.00    0.0    0.006   0.000   23.6    68   17.3   24.4   12.55   1.1762     349     1    100.0   15 
 5/10/26   0:30   17.8   17.9   17.8    92   16.5    0.0    ---   0.00   0.0   ---   17.8   18.3   18.3  1020.8   0.00    0.0    0.005   0.000   23.5    68   17.3   24.3   12.55   1.1763     351     1    100.0   15 
 5/10/26   0:45   17.8   17.8   17.8    92   16.5    0.0      E   0.00   3.2     E   17.8   18.3   18.3  1020.6   0.00    0.0    0.006   0.000   23.4    68   17.2   24.3   12.55   1.1764     349     1    100.0   15 
 5/10/26   1:00   17.8   17.9   17.8    92   16.5    0.0    ENE   0.00   8.0     E   17.8   18.3   18.3  1020.6   0.00    0.0    0.005   0.000   23.4    68   17.1   24.2   12.55   1.1767     351     1    100.0   15 
 5/10/26   1:15   17.8   17.9   17.8    92   16.5    1.6    ENE   0.40  11.3   ENE   17.8   18.3   18.3  1020.4   0.00    0.0    0.005   0.000   23.3    68   17.1   24.1   12.55   1.1767     349     1    100.0   15 
 5/10/26   1:30   17.7   17.8   17.7    93   16.6    0.0    ENE   0.00  11.3   ENE   17.7   18.2   18.2  1020.6   0.00    0.0    0.006   0.000   23.2    68   17.0   23.9   12.55   1.1775     352     1    100.0   15 
 5/10/26   1:45   17.6   17.7   17.6    93   16.5    0.0    ENE   0.00   4.8   ENE   17.6   18.1   18.1  1020.5   0.00    0.0    0.008   0.000   23.2    68   16.9   23.9   12.55   1.1778     350     1    100.0   15 
 5/10/26   2:00   17.5   17.6   17.4    93   16.4    0.0    ---   0.00   0.0   ---   17.5   17.9   17.9  1020.7   0.00    0.0    0.009   0.000   23.1    68   16.9   23.8   12.55   1.1782     350     1    100.0   15 
 5/10/26   2:15   17.3   17.4   17.3    93   16.2    0.0    ---   0.00   0.0   ---   17.3   17.8   17.8  1020.6   0.00    0.0    0.010   0.000   23.1    68   16.8   23.7   12.55   1.1784     350     1    100.0   15 
 5/10/26   2:30   17.4   17.4   17.3    93   16.2    0.0    ENE   0.00   6.4   ENE   17.4   17.8   17.8  1020.2   0.00    0.0    0.010   0.000   23.0    68   16.8   23.6   12.55   1.1783     350     1    100.0   15 
 5/10/26   2:45   17.4   17.4   17.3    93   16.2    0.0    ENE   0.00   8.0     E   17.4   17.8   17.8  1020.1   0.00    0.0    0.010   0.000   22.9    68   16.7   23.6   12.55   1.1784     352     1    100.0   15 
 5/10/26   3:00   17.3   17.3   17.2    92   16.0    0.0    ---   0.00   0.0   ---   17.3   17.7   17.7  1020.2   0.00    0.0    0.011   0.000   22.9    68   16.7   23.4   12.55   1.1788     350     1    100.0   15 
 5/10/26   3:15   17.2   17.2   17.1    93   16.0    0.0    ---   0.00   0.0   ---   17.2   17.6   17.6  1020.1   0.00    0.0    0.012   0.000   22.8    68   16.6   23.4   12.55   1.1790     351     1    100.0   15 
 5/10/26   3:30   17.1   17.2   17.0    93   16.0    0.0     NO   0.00   6.4    NO   17.1   17.5   17.5  1019.8   0.00    0.0    0.013   0.000   22.8    68   16.6   23.3   12.55   1.1790     350     1    100.0   15 
 5/10/26   3:45   16.9   17.0   16.9    94   16.0    0.0     NO   0.00   1.6    NO   16.9   17.3   17.3  1019.5   0.00    0.0    0.014   0.000   22.7    68   16.5   23.2   12.55   1.1790     351     1    100.0   15 
 5/10/26   4:00   16.8   16.9   16.8    94   15.9    0.0    ---   0.00   0.0   ---   16.8   17.2   17.2  1019.5   0.00    0.0    0.016   0.000   22.7    68   16.5   23.2   12.55   1.1792     349     1    100.0   15 
 5/10/26   4:15   16.8   16.8   16.8    94   15.8    0.0      E   0.00   1.6    SE   16.8   17.2   17.2  1019.6   0.00    0.0    0.016   0.000   22.6    68   16.4   23.1   12.55   1.1797     351     1    100.0   15 
 5/10/26   4:30   16.8   16.8   16.8    94   15.8    0.0     NO   0.00   3.2    NO   16.8   17.2   17.2  1019.6   0.00    0.0    0.016   0.000   22.6    68   16.4   23.0   12.55   1.1799     351     1    100.0   15 
 5/10/26   4:45   16.8   16.8   16.8    94   15.9    0.0    ---   0.00   0.0   ---   16.8   17.2   17.2  1019.7   0.00    0.0    0.016   0.000   22.6    68   16.4   23.0   12.55   1.1800     352     1    100.0   15 
 5/10/26   5:00   16.8   16.8   16.8    94   15.8    0.0     NE   0.00   3.2   ENE   16.8   17.2   17.2  1020.0   0.00    0.0    0.016   0.000   22.5    68   16.3   22.9   12.55   1.1807     350     1    100.0   15 
 5/10/26   5:15   16.7   16.8   16.7    93   15.6    1.6    ENE   0.40  11.3   ENE   16.7   17.1   17.1  1019.7   0.00    0.0    0.017   0.000   22.4    68   16.2   22.8   12.55   1.1807     350     1    100.0   15 
 5/10/26   5:30   16.8   16.8   16.8    92   15.5    1.6    ENE   0.40   9.7    NE   16.8   17.1   17.1  1020.1   0.00    0.0    0.016   0.000   22.7    68   16.5   23.2   12.55   1.1796     351     1    100.0   15 
 5/10/26   5:45   16.9   16.9   16.8    92   15.6    0.0    ENE   0.00   4.8   ENE   16.9   17.2   17.2  1019.9   0.00    0.0    0.015   0.000   23.2    67   16.8   23.9   12.27   1.1771     349     1    100.0   15 
 5/10/26   6:00   16.9   17.0   16.9    92   15.6    0.0      E   0.00   1.6     E   16.9   17.3   17.3  1019.8   0.00    0.0    0.014   0.000   23.7    66   17.0   24.5   12.06   1.1746     351     1    100.0   15 
 5/10/26   6:15   16.9   17.0   16.7    91   15.4    0.0     NE   0.00   1.6    NE   16.9   17.2   17.2  1019.8   0.00    0.0    0.015   0.000   24.1    65   17.1   24.8   11.84   1.1732     351     1    100.0   15 
 5/10/26   6:30   16.9   17.0   16.7    92   15.6    1.6    ENE   0.40  11.3   ENE   16.9   17.2   17.2  1020.0   0.00    0.0    0.015   0.000   24.3    65   17.3   24.9   11.84   1.1723     351     1    100.0   15 
 5/10/26   6:45   16.9   17.1   16.8    91   15.5    0.0    ENE   0.00   3.2   ENE   16.9   17.3   17.3  1019.9   0.00    0.0    0.014   0.000   24.7    65   17.6   25.3   11.82   1.1701     350     1    100.0   15 
 5/10/26   7:00   16.8   16.8   16.7    92   15.5    1.6      E   0.40   9.7     E   16.8   17.1   17.1  1020.0   0.00    0.0    0.016   0.000   25.1    65   18.0   25.8   11.81   1.1681     351     1    100.0   15 
 5/10/26   7:15   16.9   16.9   16.8    92   15.6    0.0      E   0.00   4.8     E   16.9   17.3   17.3  1019.8   0.20    0.0    0.014   0.000   25.4    64   18.1   26.1   11.60   1.1665     351     1    100.0   15 
 5/10/26   7:30   16.9   16.9   16.8    93   15.7    0.0      E   0.00   8.0     E   16.9   17.3   17.3  1020.4   0.40    2.2    0.015   0.000   25.6    64   18.2   26.3   11.59   1.1662     350     1    100.0   15 
 5/10/26   7:45   16.8   16.8   16.8    94   15.9    0.0    ---   0.00   0.0   ---   16.8   17.2   17.2  1020.4   0.00    0.8    0.016   0.000   25.5    64   18.2   26.2   11.59   1.1665     351     1    100.0   15 
 5/10/26   8:00   16.8   16.8   16.8    94   15.9    0.0     NO   0.00   3.2    NO   16.8   17.2   17.2  1020.2   0.20    0.8    0.016   0.000   25.4    64   18.1   26.1   11.60   1.1669     351     1    100.0   15 
 5/10/26   8:15   16.8   16.8   16.7    95   16.0    0.0    ENE   0.00   3.2   ENE   16.8   17.2   17.2  1020.2   0.00    0.0    0.016   0.000   25.3    64   18.0   26.0   11.60   1.1675     351     1    100.0   15 
 5/10/26   8:30   16.8   16.9   16.8    95   16.0    0.0      E   0.00   8.0     E   16.8   17.2   17.2  1020.5   0.00    0.0    0.016   0.000   25.1    64   17.8   25.8   11.61   1.1687     349     1    100.0   15 
 5/10/26   8:45   16.9   16.9   16.8    95   16.1    0.0    ENE   0.00   3.2   ESE   16.9   17.3   17.3  1020.9   0.20    0.0    0.015   0.000   25.0    64   17.7   25.7   11.61   1.1698     349     1    100.0   15 
 5/10/26   9:00   16.9   17.0   16.9    95   16.1    0.0    ENE   0.00   6.4   ENE   16.9   17.4   17.4  1020.8   0.00    0.0    0.014   0.000   24.9    64   17.7   25.6   11.61   1.1700     350     1    100.0   15 
 5/10/26   9:15   16.9   17.0   16.9    96   16.3    0.0    ENE   0.00   1.6     E   16.9   17.4   17.4  1020.5   0.00    0.0    0.014   0.000   24.8    65   17.8   25.6   11.82   1.1699     350     1    100.0   15 
 5/10/26   9:30   17.1   17.2   17.0    96   16.5    0.0    ONO   0.00   1.6   ONO   17.1   17.6   17.6  1020.4   0.00    0.0    0.013   0.000   24.7    65   17.7   25.4   11.82   1.1704     351     1    100.0   15 
 5/10/26   9:45   17.2   17.2   17.2    96   16.6    3.2      E   0.80  16.1   ENE   17.2   17.7   17.7  1020.5   0.00    0.0    0.012   0.000   24.6    65   17.5   25.2   11.83   1.1713     351     1    100.0   15 
 5/10/26  10:00   17.3   17.5   17.2    96   16.7    3.2    ENE   0.80  17.7   ENE   17.3   17.8   17.8  1020.4   0.00    0.0    0.010   0.000   24.4    65   17.4   25.1   11.83   1.1718     350     1    100.0   15 
 5/10/26  10:15   17.7   17.8   17.5    95   16.9    0.0    ENE   0.00  11.3     E   17.7   18.2   18.2  1020.4   0.00    0.0    0.007   0.000   24.3    65   17.3   25.0   11.83   1.1724     351     1    100.0   15 
 5/10/26  10:30   18.0   18.2   17.8    95   17.2    0.0    ENE   0.00   6.4   ENE   18.0   18.6   18.6  1020.5   0.00    0.0    0.003   0.000   24.3    65   17.3   25.0   11.83   1.1725     350     1    100.0   15 
 5/10/26  10:45   18.2   18.4   18.1    95   17.4    0.0    ESE   0.00   1.6   ESE   18.2   18.9   18.9  1020.5   0.00    0.0    0.001   0.000   24.3    65   17.3   25.0   11.83   1.1725     351     1    100.0   15 
 5/10/26  11:00   18.6   18.9   18.4    95   17.8    0.0    ---   0.00   0.0   ---   18.6   19.3   19.3  1020.3   0.00    0.0    0.000   0.003   24.4    65   17.4   25.1   11.83   1.1717     350     1    100.0   15 
 5/10/26  11:15   19.4   19.7   18.9    92   18.1    0.0    ENE   0.00   1.6   ENE   19.4   20.2   20.2  1020.2   0.00    0.0    0.000   0.011   24.6    65   17.5   25.2   11.83   1.1710     351     1    100.0   15 
 5/10/26  11:30   19.8   20.2   19.4    87   17.6    0.0    ---   0.00   0.0   ---   19.8   20.6   20.6  1020.1   0.00    0.0    0.000   0.015   24.8    65   17.8   25.5   11.82   1.1696     351     1    100.0   15 
 5/10/26  11:45   20.8   21.4   20.3    81   17.5    0.0    ONO   0.00   4.8   ONO   20.8   21.6   21.6  1019.8   0.00    0.0    0.000   0.026   24.9    65   17.9   25.7   11.81   1.1684     350     1    100.0   15 
 5/10/26  12:00   21.9   22.4   21.4    76   17.5    0.0    ENE   0.00   1.6   ONO   21.9   22.5   22.5  1019.6   0.00    0.0    0.000   0.038   25.1    64   17.8   25.7   11.61   1.1681     350     1    100.0   15 
 5/10/26  12:15   22.8   23.0   22.4    74   17.9    0.0      E   0.00   3.2   ENE   22.8   23.6   23.6  1019.6   0.00    0.0    0.000   0.046   25.2    64   17.9   25.9   11.60   1.1671     351     1    100.0   15 
 5/10/26  12:30   23.1   23.2   23.0    74   18.2    0.0      E   0.00   3.2     E   23.1   24.1   24.1  1019.4   0.00    0.0    0.000   0.050   25.3    64   18.0   26.1   11.60   1.1663     350     1    100.0   15 
 5/10/26  12:45   23.2   23.3   23.1    72   17.9    1.6     NE   0.40  11.3   ENE   23.2   24.1   24.1  1019.3   0.00    0.0    0.000   0.051   25.3    64   18.0   26.1   11.60   1.1661     351     1    100.0   15 
 5/10/26  13:00   23.1   23.2   23.1    74   18.2    1.6    ENE   0.40  12.9   ENE   23.1   24.1   24.1  1019.1   0.00    0.0    0.000   0.050   25.4    64   18.1   26.2   11.59   1.1653     351     1    100.0   15 
 5/10/26  13:15   23.5   23.6   23.2    74   18.6    1.6    ENE   0.40  16.1     E   23.5   24.6   24.6  1018.9   0.00    0.0    0.000   0.054   25.6    64   18.2   26.3   11.59   1.1645     351     1    100.0   15 
 5/10/26  13:30   23.4   23.5   23.4    74   18.5    1.6    ENE   0.40  14.5   ENE   23.4   24.5   24.5  1018.9   0.00    0.0    0.000   0.053   25.6    64   18.3   26.3   11.59   1.1642     350     1    100.0   15 
 5/10/26  13:45   23.1   23.4   22.9    77   18.8    1.6    ENE   0.40  17.7   ESE   23.1   24.1   24.1  1018.8   0.00    0.0    0.000   0.049   25.6    64   18.3   26.3   11.59   1.1641     351     1    100.0   15 
 5/10/26  14:00   22.8   22.9   22.8    78   18.7    1.6      E   0.40  16.1   ENE   22.8   23.7   23.7  1018.7   0.00    0.0    0.000   0.046   25.6    64   18.3   26.3   11.59   1.1639     351     1    100.0   15 
 5/10/26  14:15   22.9   23.2   22.8    78   18.9    1.6    ESE   0.40  17.7   ENE   22.9   23.9   23.9  1018.4   0.00    0.0    0.000   0.048   25.7    64   18.3   26.4   11.59   1.1634     351     1    100.0   15 
 5/10/26  14:30   23.2   23.2   23.1    77   18.9    1.6    ENE   0.40  17.7     E   23.2   24.2   24.2  1018.4   0.00    0.0    0.000   0.050   25.8    64   18.5   26.6   11.58   1.1627     351     1    100.0   15 
 5/10/26  14:45   23.3   23.5   23.2    75   18.7    1.6      E   0.40  12.9   ENE   23.3   24.4   24.4  1018.3   0.00    0.0    0.000   0.052   25.9    64   18.6   26.7   11.58   1.1621     350     1    100.0   15 
 5/10/26  15:00   23.5   23.6   23.5    75   18.8    1.6      E   0.40  12.9     E   23.5   24.6   24.6  1018.4   0.00    0.0    0.000   0.054   25.9    63   18.4   26.7   11.38   1.1622     350     1    100.0   15 
 5/10/26  15:15   23.5   23.6   23.4    76   19.0    1.6    ENE   0.40  14.5   ENE   23.5   24.6   24.6  1018.4   0.00    0.0    0.000   0.054   25.9    63   18.4   26.7   11.38   1.1622     351     1    100.0   15 
 5/10/26  15:30   23.4   23.6   23.2    76   18.9    0.0    ENE   0.00   6.4   ENE   23.4   24.4   24.4  1018.4   0.00    0.0    0.000   0.053   25.9    63   18.3   26.7   11.38   1.1625     350     1    100.0   15 
 5/10/26  15:45   23.1   23.2   22.9    75   18.4    0.0      E   0.00  11.3     E   23.1   24.1   24.1  1018.4   0.00    0.0    0.000   0.050   25.8    64   18.5   26.6   11.58   1.1627     352     1    100.0   15 
 5/10/26  16:00   22.7   22.9   22.6    76   18.3    0.0      E   0.00   4.8   ESE   22.7   23.6   23.6  1018.4   0.00    0.0    0.000   0.046   25.6    64   18.3   26.3   11.59   1.1636     350     1    100.0   15 
 5/10/26  16:15   22.3   22.6   21.8    77   18.0    0.0      E   0.00   1.6     E   22.3   22.9   22.9  1018.5   0.00    0.0    0.000   0.041   25.5    64   18.2   26.2   11.59   1.1644     350     1    100.0   15 
 5/10/26  16:30   22.0   22.3   21.8    79   18.2    0.0      E   0.00   3.2     E   22.0   22.7   22.7  1018.6   0.00    0.0    0.000   0.038   25.4    64   18.1   26.2   11.59   1.1648     351     1    100.0   15 
 5/10/26  16:45   22.6   22.7   22.3    77   18.4    0.0      E   0.00   3.2     E   22.6   23.4   23.4  1018.7   0.00    0.0    0.000   0.045   25.4    64   18.1   26.2   11.59   1.1649     352     1    100.0   15 
 5/10/26  17:00   22.6   22.7   22.4    78   18.6    0.0      E   0.00   3.2     E   22.6   23.4   23.4  1018.8   0.00    0.0    0.000   0.045   25.4    65   18.3   26.2   11.80   1.1649     350     1    100.0   15 
 5/10/26  17:15   22.4   22.5   22.3    79   18.6    0.0    ESE   0.00   1.6   ESE   22.4   23.2   23.2  1018.8   0.00    0.0    0.000   0.042   25.4    66   18.6   26.2   12.00   1.1646     350     1    100.0   15 
 5/10/26  17:30   22.3   22.3   22.2    79   18.5    0.0    ---   0.00   0.0   ---   22.3   23.1   23.1  1018.8   0.00    0.0    0.000   0.041   25.3    66   18.5   26.2   12.00   1.1648     351     1    100.0   15 
 5/10/26  17:45   22.0   22.2   21.8    80   18.4    0.0    ---   0.00   0.0   ---   22.0   22.8   22.8  1018.9   0.00    0.0    0.000   0.038   25.3    67   18.8   26.2   12.20   1.1645     351     1    100.0   15 
 5/10/26  18:00   21.6   21.8   21.3    82   18.4    0.0    ---   0.00   0.0   ---   21.6   22.4   22.4  1018.9   0.00    0.0    0.000   0.034   25.3    67   18.8   26.2   12.20   1.1646     352     1    100.0   15 
 5/10/26  18:15   21.1   21.3   20.9    83   18.1    0.0    ---   0.00   0.0   ---   21.1   21.8   21.8  1019.0   0.00    0.0    0.000   0.029   25.3    67   18.7   26.2   12.20   1.1650     351     1    100.0   15 
 5/10/26  18:30   20.8   20.9   20.8    84   18.0    0.0    ---   0.00   0.0   ---   20.8   21.7   21.7  1019.0   0.00    0.0    0.000   0.026   25.2    67   18.7   26.1   12.20   1.1653     351     1    100.0   15 
 5/10/26  18:45   20.7   20.8   20.7    84   17.9    0.0    ---   0.00   0.0   ---   20.7   21.6   21.6  1019.1   0.00    0.0    0.000   0.025   25.2    68   18.9   26.2   12.45   1.1650     350     1    100.0   15 
 5/10/26  19:00   20.6   20.7   20.4    85   17.9    0.0    ---   0.00   0.0   ---   20.6   21.6   21.6  1019.2   0.00    0.0    0.000   0.023   25.2    68   18.8   26.1   12.46   1.1655     351     1    100.0   15 
 5/10/26  19:15   20.4   20.4   20.3    87   18.2    0.0    ---   0.00   0.0   ---   20.4   21.4   21.4  1019.4   0.00    0.0    0.000   0.021   25.1    69   19.0   26.1   12.66   1.1656     351     1    100.0   15 
 5/10/26  19:30   20.3   20.3   20.2    87   18.0    0.0    ---   0.00   0.0   ---   20.3   21.2   21.2  1019.5   0.00    0.0    0.000   0.020   25.0    70   19.1   26.1   12.91   1.1660     350     1    100.0   15 
 5/10/26  19:45   20.1   20.2   19.9    88   18.1    0.0    ---   0.00   0.0   ---   20.1   21.1   21.1  1019.6   0.00    0.0    0.000   0.019   24.9    70   19.0   25.9   12.91   1.1667     350     1    100.0   15 
 5/10/26  20:00   19.9   20.0   19.9    89   18.0    0.0    ---   0.00   0.0   ---   19.9   20.8   20.8  1019.7   0.00    0.0    0.000   0.016   24.8    70   18.9   25.8   12.92   1.1674     351     1    100.0   15 
 5/10/26  20:15   19.8   19.9   19.7    89   18.0    0.0    ---   0.00   0.0   ---   19.8   20.7   20.7  1019.7   0.00    0.0    0.000   0.016   24.6    70   18.8   25.6   12.92   1.1683     349     1    100.0   15 
 5/10/26  20:30   19.7   19.7   19.7    90   18.0    0.0    ---   0.00   0.0   ---   19.7   20.6   20.6  1019.7   0.00    0.0    0.000   0.014   24.5    70   18.7   25.5   12.93   1.1689     350     1    100.0   15 
 5/10/26  20:45   19.7   19.7   19.6    90   18.0    0.0    ---   0.00   0.0   ---   19.7   20.6   20.6  1019.8   0.00    0.0    0.000   0.014   24.4    70   18.6   25.4   12.93   1.1694     351     1    100.0   15 
 5/10/26  21:00   19.6   19.7   19.6    90   17.9    0.0    ---   0.00   0.0   ---   19.6   20.5   20.5  1019.8   0.00    0.0    0.000   0.013   24.4    70   18.6   25.4   12.93   1.1697     349     1    100.0   15 
 5/10/26  21:15   19.6   19.6   19.6    90   17.9    0.0    ---   0.00   0.0   ---   19.6   20.4   20.4  1019.7   0.00    0.0    0.000   0.013   24.3    70   18.5   25.3   12.93   1.1699     350     1    100.0   15 
 5/10/26  21:30   19.6   19.6   19.4    91   18.0    0.0    ---   0.00   0.0   ---   19.6   20.4   20.4  1019.7   0.00    0.0    0.000   0.013   24.3    70   18.5   25.3   12.94   1.1701     350     1    100.0   15 
 5/10/26  21:45   19.4   19.5   19.3    91   17.9    0.0    ---   0.00   0.0   ---   19.4   20.2   20.2  1019.6   0.00    0.0    0.000   0.011   24.2    70   18.4   25.2   12.94   1.1703     351     1    100.0   15 
 5/10/26  22:00   19.3   19.3   19.2    92   17.9    0.0    OSO   0.00   1.6   OSO   19.3   20.1   20.1  1019.7   0.00    0.0    0.000   0.010   24.2    70   18.3   25.2   12.94   1.1707     350     1    100.0   15 
 5/10/26  22:15   19.1   19.2   19.1    92   17.8    0.0     SO   0.00   1.6    SO   19.1   19.9   19.9  1019.6   0.00    0.0    0.000   0.008   24.1    71   18.5   25.1   13.23   1.1706     351     1    100.0   15 
 5/10/26  22:30   18.9   19.1   18.8    92   17.6    0.0      O   0.00   1.6     O   18.9   19.7   19.7  1019.4   0.00    0.0    0.000   0.006   24.1    70   18.3   25.1   12.94   1.1706     351     1    100.0   15 
 5/10/26  22:45   18.7   18.8   18.7    92   17.4    0.0    OSO   0.00   1.6   OSO   18.7   19.4   19.4  1019.4   0.00    0.0    0.000   0.004   24.1    70   18.3   25.1   12.94   1.1706     350     1    100.0   15 
 5/10/26  23:00   18.6   18.7   18.6    92   17.3    0.0    ONO   0.00   1.6   ONO   18.6   19.3   19.3  1019.3   0.00    0.0    0.000   0.003   24.1    70   18.2   25.0   12.94   1.1709     349     1    100.0   15 
 5/10/26  23:15   18.5   18.6   18.5    92   17.2    0.0    ---   0.00   0.0   ---   18.5   19.2   19.2  1019.0   0.00    0.0    0.000   0.002   24.0    70   18.2   24.9   12.95   1.1708     349     1    100.0   15 
 5/10/26  23:30   18.4   18.5   18.4    92   17.1    0.0    ---   0.00   0.0   ---   18.4   19.1   19.1  1019.0   0.00    0.0    0.000   0.001   23.9    70   18.1   24.8   12.95   1.1714     352     1    100.0   15 
 5/10/26  23:45   18.3   18.4   18.3    92   17.0    0.0    ---   0.00   0.0   ---   18.3   18.9   18.9  1019.0   0.00    0.0    0.000   0.000   23.8    70   18.0   24.8   12.95   1.1718     351     1    100.0   15 
 6/10/26  00:00   18.3   18.4   18.3    92   17.0    0.0    ---   0.00   0.0   ---   18.3   18.9   18.9  1019.1   0.00    0.0    0.000   0.000   23.8    70   18.0   24.7   12.96   1.1721     350     1    100.0   15 
 6/10/26   0:15   18.4   18.4   18.4    92   17.1    0.0    ---   0.00   0.0   ---   18.4   19.0   19.0  1019.0   0.00    0.0    0.000   0.001   23.7    70   17.9   24.7   12.96   1.1723     350     1    100.0   15 
 6/10/26   0:30   18.4   18.4   18.3    92   17.1    0.0    ---   0.00   0.0   ---   18.4   19.0   19.0  1018.8   0.00    0.0    0.000   0.001   23.7    70   17.9   24.6   12.97   1.1724     349     1    100.0   15 
 6/10/26   0:45   18.3   18.4   18.3    92   17.0    0.0    ---   0.00   0.0   ---   18.3   18.9   18.9  1018.6   0.00    0.0    0.000   0.000   23.6    70   17.8   24.4   12.97   1.1728     351     1    100.0   15 
 6/10/26   1:00   18.3   18.3   18.2    92   17.0    0.0    ---   0.00   0.0   ---   18.3   18.9   18.9  1018.5   0.00    0.0    0.001   0.000   23.6    70   17.8   24.4   12.97   1.1727     349     1    100.0   15 
 6/10/26   1:15   18.2   18.2   18.1    93   17.0    0.0    ---   0.00   0.0   ---   18.2   18.8   18.8  1018.5   0.00    0.0    0.002   0.000   23.4    70   17.7   24.3   12.98   1.1733     351     1    100.0   15 
 6/10/26   1:30   17.9   18.1   17.7    93   16.7    0.0    ---   0.00   0.0   ---   17.9   18.4   18.4  1018.4   0.00    0.0    0.005   0.000   23.4    70   17.6   24.3   12.99   1.1734     350     1    100.0   15 
 6/10/26   1:45   17.6   17.7   17.5    94   16.6    0.0    ---   0.00   0.0   ---   17.6   18.1   18.1  1018.2   0.00    0.0    0.008   0.000   23.3    70   17.6   24.2   12.99   1.1735     351     1    100.0   15 
 6/10/26   2:00   17.6   17.6   17.5    94   16.6    0.0    ---   0.00   0.0   ---   17.6   18.1   18.1  1017.9   0.00    0.0    0.008   0.000   23.3    70   17.5   24.1   12.99   1.1734     352     1    100.0   15 
 6/10/26   2:15   17.6   17.6   17.6    94   16.6    0.0    ---   0.00   0.0   ---   17.6   18.1   18.1  1017.8   0.00    0.0    0.008   0.000   23.2    70   17.4   24.1   13.00   1.1736     350     1    100.0   15 
 6/10/26   2:30   17.6   17.6   17.5    94   16.6    0.0    ---   0.00   0.0   ---   17.6   18.1   18.1  1017.5   0.00    0.0    0.008   0.000   23.2    70   17.4   23.9   13.00   1.1735     351     1    100.0   15 
 6/10/26   2:45   17.5   17.5   17.4    94   16.5    0.0    ---   0.00   0.0   ---   17.5   18.0   18.0  1017.6   0.00    0.0    0.009   0.000   23.1    70   17.3   23.9   13.01   1.1740     350     1    100.0   15 
 6/10/26   3:00   17.4   17.4   17.4    94   16.5    0.0    ---   0.00   0.0   ---   17.4   17.9   17.9  1017.5   0.00    0.0    0.009   0.000   23.1    70   17.3   23.8   13.01   1.1741     350     1    100.0   15 
 6/10/26   3:15   17.4   17.4   17.4    95   16.6    0.0    ---   0.00   0.0   ---   17.4   17.9   17.9  1017.4   0.00    0.0    0.009   0.000   23.1    70   17.3   23.8   13.01   1.1740     351     1    100.0   15 
 6/10/26   3:30   17.5   17.6   17.4    95   16.7    0.0    ---   0.00   0.0   ---   17.5   18.0   18.0  1017.5   0.00    0.0    0.009   0.000   22.9    70   17.2   23.7   13.02   1.1747     351     1    100.0   15 
 6/10/26   3:45   17.5   17.5   17.4    95   16.7    0.0    ---   0.00   0.0   ---   17.5   18.0   18.0  1017.4   0.00    0.0    0.009   0.000   22.9    70   17.2   23.7   13.02   1.1747     350     1    100.0   15 
 6/10/26   4:00   17.3   17.4   17.2    95   16.5    0.0    ESE   0.00   1.6   ESE   17.3   17.8   17.8  1017.6   0.00    0.0    0.010   0.000   22.9    70   17.1   23.6   13.02   1.1751     352     1    100.0   15 
 6/10/26   4:15   17.2   17.2   17.1    95   16.4    0.0    ---   0.00   0.0   ---   17.2   17.6   17.6  1017.5   0.00    0.0    0.012   0.000   22.8    70   17.1   23.5   13.03   1.1754     351     1    100.0   15 
 6/10/26   4:30   17.1   17.1   17.1    95   16.2    0.0    ---   0.00   0.0   ---   17.1   17.5   17.5  1017.5   0.00    0.0    0.013   0.000   22.8    70   17.1   23.5   13.03   1.1754     351     1    100.0   15 
 6/10/26   4:45   17.0   17.1   17.0    95   16.2    0.0    ---   0.00   0.0   ---   17.0   17.4   17.4  1017.7   0.00    0.0    0.014   0.000   22.8    70   17.0   23.4   13.03   1.1758     351     1    100.0   15 
 6/10/26   5:00   17.0   17.1   17.0    95   16.2    0.0    ---   0.00   0.0   ---   17.0   17.4   17.4  1017.7   0.00    0.0    0.014   0.000   22.7    70   17.0   23.3   13.03   1.1762     351     1    100.0   15 
 6/10/26   5:15   16.7   17.0   16.5    95   15.9    0.0    ---   0.00   0.0   ---   16.7   17.1   17.1  1017.8   0.00    0.0    0.017   0.000   22.7    70   17.0   23.3   13.03   1.1763     351     1    100.0   15 
 6/10/26   5:30   16.6   16.7   16.5    95   15.8    0.0    SSE   0.00   1.6   SSE   16.6   17.0   17.0  1017.8   0.00    0.0    0.018   0.000   22.9    69   17.0   23.6   12.78   1.1754     351     1    100.0   15 
 6/10/26   5:45   16.6   16.7   16.6    96   16.0    0.0    SSE   0.00   1.6   SSE   16.6   17.0   17.0  1017.7   0.00    0.0    0.018   0.000   23.4    68   17.2   24.3   12.55   1.1730     350     1    100.0   15 
 6/10/26   6:00   16.7   16.8   16.7    96   16.1    0.0    ---   0.00   0.0   ---   16.7   17.1   17.1  1017.7   0.00    0.0    0.017   0.000   23.9    67   17.4   24.7   12.25   1.1709     351     1    100.0   15 
 6/10/26   6:15   16.7   16.8   16.7    96   16.1    0.0    ---   0.00   0.0   ---   16.7   17.1   17.1  1017.6   0.00    0.0    0.017   0.000   24.2    67   17.7   24.9   12.24   1.1694     351     1    100.0   15 
 6/10/26   6:30   16.7   16.9   16.6    96   16.1    0.0     NO   0.00   1.6    NO   16.7   17.1   17.1  1017.7   0.00    0.0    0.017   0.000   24.4    66   17.7   25.2   12.03   1.1683     349     1    100.0   15 
 6/10/26   6:45   16.9   17.0   16.8    96   16.3    0.0     NO   0.00   1.6    NO   16.9   17.4   17.4  1017.5   0.00    0.0    0.014   0.000   24.8    66   18.0   25.6   12.02   1.1663     351     1    100.0   15 
 6/10/26   7:00   17.1   17.2   16.8    96   16.4    0.0     NO   0.00   1.6    NO   17.1   17.5   17.5  1017.7   0.00    0.0    0.013   0.000   25.1    66   18.3   25.8   12.01   1.1651     350     1    100.0   15 
 6/10/26   7:15   17.3   17.4   17.2    96   16.7    0.0    ---   0.00   0.0   ---   17.3   17.8   17.8  1017.8   0.00    0.0    0.010   0.000   25.2    66   18.4   26.0   12.00   1.1646     351     1    100.0   15 
 6/10/26   7:30   17.6   17.7   17.4    96   16.9    0.0    ---   0.00   0.0   ---   17.6   18.1   18.1  1017.9   0.00    0.0    0.008   0.000   25.2    66   18.4   26.1   12.00   1.1644     349     1    100.0   15 
 6/10/26   7:45   17.7   17.8   17.7    96   17.0    0.0    ---   0.00   0.0   ---   17.7   18.2   18.2  1018.0   0.00    0.0    0.007   0.000   25.2    66   18.4   26.1   12.00   1.1645     350     1    100.0   15 
 6/10/26   8:00   17.8   17.8   17.7    96   17.1    0.0    ---   0.00   0.0   ---   17.8   18.3   18.3  1018.1   0.00    0.0    0.006   0.000   25.1    66   18.3   25.9   12.01   1.1652     349     1    100.0   15 
 6/10/26   8:15   17.9   17.9   17.8    96   17.2    0.0    ---   0.00   0.0   ---   17.9   18.5   18.5  1018.2   0.00    0.0    0.005   0.000   25.0    66   18.2   25.8   12.01   1.1659     351     1    100.0   15 
 6/10/26   8:30   17.9   18.0   17.9    96   17.3    0.0    ---   0.00   0.0   ---   17.9   18.6   18.6  1018.1   0.00    0.0    0.004   0.000   24.9    67   18.3   25.7   12.21   1.1660     352     1    100.0   15 
 6/10/26   8:45   18.2   18.4   17.9    96   17.5    0.0    ENE   0.00   1.6   ENE   18.2   18.8   18.8  1018.2   0.00    0.0    0.002   0.000   24.8    67   18.3   25.7   12.22   1.1664     347     1    100.0   15 
 6/10/26   9:00   18.5   18.7   18.4    95   17.7    0.0    ---   0.00   0.0   ---   18.5   19.2   19.2  1018.3   0.00    0.0    0.000   0.002   24.8    67   18.3   25.7   12.22   1.1666     351     1    100.0   15 
 6/10/26   9:15   18.7   18.7   18.6    94   17.7    0.0    ENE   0.00   1.6   ENE   18.7   19.4   19.4  1018.4   0.00    0.0    0.000   0.003   24.9    67   18.4   25.8   12.21   1.1661     351     1    100.0   15 
 6/10/26   9:30   18.8   18.9   18.7    94   17.8    0.0    ---   0.00   0.0   ---   18.8   19.6   19.6  1018.3   0.00    0.0    0.000   0.005   24.9    67   18.4   25.8   12.21   1.1660     351     1    100.0   15 
 6/10/26   9:45   19.0   19.2   18.9    93   17.8    0.0    ENE   0.00   1.6   ENE   19.0   19.8   19.8  1018.4   0.00    0.0    0.000   0.007   25.0    66   18.2   25.8   12.01   1.1661     349     1    100.0   15 
 6/10/26  10:00   19.4   19.7   19.2    92   18.1    0.0    ---   0.00   0.0   ---   19.4   20.2   20.2  1018.3   0.00    0.0    0.000   0.011   25.1    66   18.3   25.8   12.01   1.1657     350     1    100.0   15 
 6/10/26  10:15   19.7   19.7   19.6    90   18.0    0.0      E   0.00   1.6     E   19.7   20.6   20.6  1018.2   0.00    0.0    0.000   0.014   25.1    66   18.3   25.8   12.01   1.1657     349     1    100.0   15 
