                 Temp.  Temp.  Temp.  Hum.   Punt   Vel.   Dir.   Rec.  Vel.  Dir.  Sens.   Índ.   Índ.                  Int. Graus D.Graus D.  Temp.  Hum. Rosada  In.Cal.  EMC     Dens.    Mostr   Tx   Recep.  Int.
  Data    Hora    Ext.   Màx.   Mín.  Ext. Rosada   Vent   Vent   Vent  Màx.  Màx.  Tèrm.  Calor   THW    Bar    Pluja   Pluja  Calor    Fred    Int.  Int.   Int.   Int.    Int.  Int.Aire    Vent   Vent   ISS   Arc.
-------------------------------------------------------------------------------------------------------------------------------------------------------------------------------------------------------------------------
 6/10/26   0:15   18.4   18.4   18.4    92   17.1    0.0    ---   0.00   0.0   ---   18.4   19.0   19.0  1019.0   0.00    0.0    0.000   0.001   23.7    70   17.9   24.7   12.96   1.1723     350     1    100.0   15 
 6/10/26   0:30   18.4   18.4   18.3    92   17.1    0.0    ---   0.00   0.0   ---   18.4   19.0   19.0  1018.8   0.00    0.0    0.000   0.001   23.7    70   17.9   24.6   12.97   1.1724     349     1    100.0   15 
 6/10/26   0:45   18.3   18.4   18.3    92   17.0    0.0    ---   0.00   0.0   ---   18.3   18.9   18.9  1018.6   0.00    0.0    0.000   0.000   23.6    70   17.8   24.4   12.97   1.1728     351     1    100.0   15 
 6/10/26   1:00   18.3   18.3   18.2    92   17.0    0.0    ---   0.00   0.0   ---   18.3   18.9   18.9  1018.5   0.00    0.0    0.001   0.000   23.6    70   17.8   24.4   12.97   1.1727     349     1    100.0   15 
 6/10/26   1:15   18.2   18.2   18.1    93   17.0    0.0    ---   0.00   0.0   ---   18.2   18.8   18.8  1018.5   0.00    0.0    0.002   0.000   23.4    70   17.7   24.3   12.98   1.1733     351     1    100.0   15 
 6/10/26   1:30   17.9   18.1   17.7    93   16.7    0.0    ---   0.00   0.0   ---   17.9   18.4   18.4  1018.4   0.00    0.0    0.005   0.000   23.4    70   17.6   24.3   12.99   1.1734     350     1    100.0   15 
 6/10/26   1:45   17.6   17.7   17.5    94   16.6    0.0    ---   0.00   0.0   ---   17.6   18.1   18.1  1018.2   0.00    0.0    0.008   0.000   23.3    70   17.6   24.2   12.99   1.1735     351     1    100.0   15 
 6/10/26   2:00   17.6   17.6   17.5    94   16.6    0.0    ---   0.00   0.0   ---   17.6   18.1   18.1  1017.9   0.00    0.0    0.008   0.000   23.3    70   17.5   24.1   12.99   1.1734     352     1    100.0   15 
 6/10/26   2:15   17.6   17.6   17.6    94   16.6    0.0    ---   0.00   0.0   ---   17.6   18.1   18.1  1017.8   0.00    0.0    0.008   0.000   23.2    70   17.4   24.1   13.00   1.1736     350     1    100.0   15 
 6/10/26   2:30   17.6   17.6   17.5    94   16.6    0.0    ---   0.00   0.0   ---   17.6   18.1   18.1  1017.5   0.00    0.0    0.008   0.000   23.2    70   17.4   23.9   13.00   1.1735     351     1    100.0   15 
 6/10/26   2:45   17.5   17.5   17.4    94   16.5    0.0    ---   0.00   0.0   ---   17.5   18.0   18.0  1017.6   0.00    0.0    0.009   0.000   23.1    70   17.3   23.9   13.01   1.1740     350     1    100.0   15 
 6/10/26   3:00   17.4   17.4   17.4    94   16.5    0.0    ---   0.00   0.0   ---   17.4   17.9   17.9  1017.5   0.00    0.0    0.009   0.000   23.1    70   17.3   23.8   13.01   1.1741     350     1    100.0   15 
 6/10/26   3:15   17.4   17.4   17.4    95   16.6    0.0    ---   0.00   0.0   ---   17.4   17.9   17.9  1017.4   0.00    0.0    0.009   0.000   23.1    70   17.3   23.8   13.01   1.1740     351     1    100.0   15 
 6/10/26   3:30   17.5   17.6   17.4    95   16.7    0.0    ---   0.00   0.0   ---   17.5   18.0   18.0  1017.5   0.00    0.0    0.009   0.000   22.9    70   17.2   23.7   13.02   1.1747     351     1    100.0   15 
 6/10/26   3:45   17.5   17.5   17.4    95   16.7    0.0    ---   0.00   0.0   ---   17.5   18.0   18.0  1017.4   0.00    0.0    0.009   0.000   22.9    70   17.2   23.7   13.02   1.1747     350     1    100.0   15 
 6/10/26   4:00   17.3   17.4   17.2    95   16.5    0.0    ESE   0.00   1.6   ESE   17.3   17.8   17.8  1017.6   0.00    0.0    0.010   0.000   22.9    70   17.1   23.6   13.02   1.1751     352     1    100.0   15 
 6/10/26   4:15   17.2   17.2   17.1    95   16.4    0.0    ---   0.00   0.0   ---   17.2   17.6   17.6  1017.5   0.00    0.0    0.012   0.000   22.8    70   17.1   23.5   13.03   1.1754     351     1    100.0   15 
 6/10/26   4:30   17.1   17.1   17.1    95   16.2    0.0    ---   0.00   0.0   ---   17.1   17.5   17.5  1017.5   0.00    0.0    0.013   0.000   22.8    70   17.1   23.5   13.03   1.1754     351     1    100.0   15 
 6/10/26   4:45   17.0   17.1   17.0    95   16.2    0.0    ---   0.00   0.0   ---   17.0   17.4   17.4  1017.7   0.00    0.0    0.014   0.000   22.8    70   17.0   23.4   13.03   1.1758     351     1    100.0   15 
 6/10/26   5:00   17.0   17.1   17.0    95   16.2    0.0    ---   0.00   0.0   ---   17.0   17.4   17.4  1017.7   0.00    0.0    0.014   0.000   22.7    70   17.0   23.3   13.03   1.1762     351     1    100.0   15 
 6/10/26   5:15   16.7   17.0   16.5    95   15.9    0.0    ---   0.00   0.0   ---   16.7   17.1   17.1  1017.8   0.00    0.0    0.017   0.000   22.7    70   17.0   23.3   13.03   1.1763     351     1    100.0   15 
 6/10/26   5:30   16.6   16.7   16.5    95   15.8    0.0    SSE   0.00   1.6   SSE   16.6   17.0   17.0  1017.8   0.00    0.0    0.018   0.000   22.9    69   17.0   23.6   12.78   1.1754     351     1    100.0   15 
 6/10/26   5:45   16.6   16.7   16.6    96   16.0    0.0    SSE   0.00   1.6   SSE   16.6   17.0   17.0  1017.7   0.00    0.0    0.018   0.000   23.4    68   17.2   24.3   12.55   1.1730     350     1    100.0   15 
 6/10/26   6:00   16.7   16.8   16.7    96   16.1    0.0    ---   0.00   0.0   ---   16.7   17.1   17.1  1017.7   0.00    0.0    0.017   0.000   23.9    67   17.4   24.7   12.25   1.1709     351     1    100.0   15 
 6/10/26   6:15   16.7   16.8   16.7    96   16.1    0.0    ---   0.00   0.0   ---   16.7   17.1   17.1  1017.6   0.00    0.0    0.017   0.000   24.2    67   17.7   24.9   12.24   1.1694     351     1    100.0   15 
 6/10/26   6:30   16.7   16.9   16.6    96   16.1    0.0     NO   0.00   1.6    NO   16.7   17.1   17.1  1017.7   0.00    0.0    0.017   0.000   24.4    66   17.7   25.2   12.03   1.1683     349     1    100.0   15 
 6/10/26   6:45   16.9   17.0   16.8    96   16.3    0.0     NO   0.00   1.6    NO   16.9   17.4   17.4  1017.5   0.00    0.0    0.014   0.000   24.8    66   18.0   25.6   12.02   1.1663     351     1    100.0   15 
 6/10/26   7:00   17.1   17.2   16.8    96   16.4    0.0     NO   0.00   1.6    NO   17.1   17.5   17.5  1017.7   0.00    0.0    0.013   0.000   25.1    66   18.3   25.8   12.01   1.1651     350     1    100.0   15 
 6/10/26   7:15   17.3   17.4   17.2    96   16.7    0.0    ---   0.00   0.0   ---   17.3   17.8   17.8  1017.8   0.00    0.0    0.010   0.000   25.2    66   18.4   26.0   12.00   1.1646     351     1    100.0   15 
 6/10/26   7:30   17.6   17.7   17.4    96   16.9    0.0    ---   0.00   0.0   ---   17.6   18.1   18.1  1017.9   0.00    0.0    0.008   0.000   25.2    66   18.4   26.1   12.00   1.1644     349     1    100.0   15 
 6/10/26   7:45   17.7   17.8   17.7    96   17.0    0.0    ---   0.00   0.0   ---   17.7   18.2   18.2  1018.0   0.00    0.0    0.007   0.000   25.2    66   18.4   26.1   12.00   1.1645     350     1    100.0   15 
 6/10/26   8:00   17.8   17.8   17.7    96   17.1    0.0    ---   0.00   0.0   ---   17.8   18.3   18.3  1018.1   0.00    0.0    0.006   0.000   25.1    66   18.3   25.9   12.01   1.1652     349     1    100.0   15 
 6/10/26   8:15   17.9   17.9   17.8    96   17.2    0.0    ---   0.00   0.0   ---   17.9   18.5   18.5  1018.2   0.00    0.0    0.005   0.000   25.0    66   18.2   25.8   12.01   1.1659     351     1    100.0   15 
 6/10/26   8:30   17.9   18.0   17.9    96   17.3    0.0    ---   0.00   0.0   ---   17.9   18.6   18.6  1018.1   0.00    0.0    0.004   0.000   24.9    67   18.3   25.7   12.21   1.1660     352     1    100.0   15 
 6/10/26   8:45   18.2   18.4   17.9    96   17.5    0.0    ENE   0.00   1.6   ENE   18.2   18.8   18.8  1018.2   0.00    0.0    0.002   0.000   24.8    67   18.3   25.7   12.22   1.1664     347     1    100.0   15 
 6/10/26   9:00   18.5   18.7   18.4    95   17.7    0.0    ---   0.00   0.0   ---   18.5   19.2   19.2  1018.3   0.00    0.0    0.000   0.002   24.8    67   18.3   25.7   12.22   1.1666     351     1    100.0   15 
 6/10/26   9:15   18.7   18.7   18.6    94   17.7    0.0    ENE   0.00   1.6   ENE   18.7   19.4   19.4  1018.4   0.00    0.0    0.000   0.003   24.9    67   18.4   25.8   12.21   1.1661     351     1    100.0   15 
 6/10/26   9:30   18.8   18.9   18.7    94   17.8    0.0    ---   0.00   0.0   ---   18.8   19.6   19.6  1018.3   0.00    0.0    0.000   0.005   24.9    67   18.4   25.8   12.21   1.1660     351     1    100.0   15 
 6/10/26   9:45   19.0   19.2   18.9    93   17.8    0.0    ENE   0.00   1.6   ENE   19.0   19.8   19.8  1018.4   0.00    0.0    0.000   0.007   25.0    66   18.2   25.8   12.01   1.1661     349     1    100.0   15 
 6/10/26  10:00   19.4   19.7   19.2    92   18.1    0.0    ---   0.00   0.0   ---   19.4   20.2   20.2  1018.3   0.00    0.0    0.000   0.011   25.1    66   18.3   25.8   12.01   1.1657     350     1    100.0   15 
 6/10/26  10:15   19.7   19.7   19.6    90   18.0    0.0      E   0.00   1.6     E   19.7   20.6   20.6  1018.2   0.00    0.0    0.000   0.014   25.1    66   18.3   25.8   12.01   1.1657     349     1    100.0   15 
 6/10/26  10:30   19.7   19.8   19.7    89   17.9    0.0    ENE   0.00   1.6   ENE   19.7   20.6   20.6  1018.0   0.00    0.0    0.000   0.014   25.0    66   18.2   25.8   12.01   1.1656     351     1    100.0   15 
 6/10/26  10:45   20.1   20.2   19.8    88   18.0    0.0    ONO   0.00   1.6   ONO   20.1   20.9   20.9  1017.6   0.00    0.0    0.000   0.018   25.1    66   18.3   25.8   12.01   1.1650     350     1    100.0   15 
 6/10/26  11:00   20.3   20.4   20.2    87   18.1    0.0    ENE   0.00   1.6   ENE   20.3   21.3   21.3  1017.2   0.00    0.0    0.000   0.021   25.1    66   18.3   25.8   12.01   1.1645     351     1    100.0   15 
 6/10/26  11:15   20.5   20.6   20.4    88   18.4    0.0    ESE   0.00   1.6   ESE   20.5   21.6   21.6  1017.0   0.00    0.0    0.000   0.023   25.1    66   18.3   25.8   12.01   1.1643     351     1    100.0   15 
 6/10/26  11:30   20.5   20.6   20.4    88   18.4    0.0    ---   0.00   0.0   ---   20.5   21.6   21.6  1016.9   0.00    0.0    0.000   0.023   25.1    66   18.3   25.9   12.01   1.1638     351     1    100.0   15 
 6/10/26  11:45   20.4   20.4   20.4    88   18.4    0.0    ESE   0.00   1.6   ESE   20.4   21.5   21.5  1016.7   0.00    0.0    0.000   0.022   25.1    66   18.3   25.9   12.01   1.1636     352     1    100.0   15 
 6/10/26  12:00   20.4   20.4   20.3    88   18.3    0.0      E   0.00   1.6     E   20.4   21.4   21.4  1016.5   0.00    0.0    0.000   0.021   25.1    66   18.3   25.9   12.01   1.1634     351     1    100.0   15 
 6/10/26  12:15   20.3   20.4   20.2    88   18.2    0.0    ENE   0.00   1.6   ENE   20.3   21.3   21.3  1016.3   0.00    0.0    0.000   0.020   25.1    66   18.3   25.9   12.01   1.1631     351     1    100.0   15 
 6/10/26  12:30   20.1   20.2   20.1    88   18.1    0.0    ---   0.00   0.0   ---   20.1   21.1   21.1  1016.2   0.00    0.0    0.000   0.019   25.1    66   18.3   25.8   12.01   1.1633     350     1    100.0   15 
 6/10/26  12:45   20.1   20.1   20.1    88   18.1    0.0    ---   0.00   0.0   ---   20.1   21.1   21.1  1016.1   0.00    0.0    0.000   0.019   25.0    67   18.4   25.8   12.21   1.1631     351     1    100.0   15 
 6/10/26  13:00   20.2   20.3   20.1    89   18.3    0.0    ---   0.00   0.0   ---   20.2   21.2   21.2  1015.9   0.00    0.0    0.000   0.020   24.9    67   18.4   25.8   12.21   1.1631     348     1    100.0   15 
 6/10/26  13:15   19.9   20.3   19.7    90   18.3    0.0    ESE   0.00   1.6     E   19.9   20.9   20.9  1015.7   0.00    0.0    0.000   0.017   24.9    67   18.3   25.7   12.21   1.1632     351     1    100.0   15 
 6/10/26  13:30   19.9   20.0   19.7    90   18.2    0.0    ESE   0.00   1.6   ESE   19.9   20.8   20.8  1015.6   0.00    0.0    0.000   0.016   24.8    68   18.5   25.7   12.48   1.1630     350     1    100.0   15 
 6/10/26  13:45   20.1   20.3   19.9    90   18.4    0.0    ESE   0.00   1.6   ESE   20.1   21.1   21.1  1015.3   0.00    0.0    0.000   0.019   24.8    68   18.5   25.7   12.49   1.1630     351     1    100.0   15 
 6/10/26  14:00   20.4   20.5   20.3    89   18.6    0.0      E   0.00   1.6     E   20.4   21.5   21.5  1015.2   0.00    0.0    0.000   0.022   24.8    68   18.5   25.7   12.48   1.1626     351     1    100.0   15 
 6/10/26  14:15   20.6   20.7   20.5    88   18.6    0.0      E   0.00   1.6     E   20.6   21.7   21.7  1015.3   0.00    0.0    0.000   0.024   24.9    68   18.6   25.8   12.48   1.1624     351     1    100.0   15 
 6/10/26  14:30   20.7   20.7   20.7    88   18.7    0.0    ---   0.00   0.0   ---   20.7   21.8   21.8  1015.1   0.00    0.0    0.000   0.025   24.9    67   18.4   25.8   12.21   1.1622     350     1    100.0   15 
 6/10/26  14:45   20.9   21.0   20.7    87   18.6    0.0      E   0.00   1.6     E   20.9   21.9   21.9  1014.8   0.00    0.0    0.000   0.027   25.1    67   18.5   25.9   12.21   1.1613     350     1    100.0   15 
 6/10/26  15:00   21.3   21.7   20.9    85   18.7    0.0    ESE   0.00   1.6   ESE   21.3   22.2   22.2  1014.5   0.00    0.0    0.000   0.031   25.2    67   18.6   26.1   12.20   1.1603     351     1    100.0   15 
 6/10/26  15:15   21.9   21.9   21.8    83   18.9    0.0    ESE   0.00   1.6     E   21.9   22.8   22.8  1014.4   0.00    0.0    0.000   0.037   25.2    67   18.6   26.1   12.20   1.1602     351     1    100.0   15 
 6/10/26  15:30   21.7   21.8   21.7    83   18.7    0.0    ESE   0.00   1.6   ESE   21.7   22.6   22.6  1014.3   0.00    0.0    0.000   0.035   25.1    67   18.6   26.0   12.21   1.1604     350     1    100.0   15 
 6/10/26  15:45   21.6   21.7   21.4    84   18.7    0.0    ESE   0.00   1.6   ESE   21.6   22.4   22.4  1014.2   0.00    0.0    0.000   0.034   25.0    67   18.4   25.8   12.21   1.1609     351     1    100.0   15 
 6/10/26  16:00   21.3   21.4   21.2    86   18.8    0.0    ESE   0.00   1.6   ESE   21.3   22.2   22.2  1014.2   0.00    0.0    0.000   0.031   24.9    67   18.3   25.7   12.21   1.1614     352     1    100.0   15 
 6/10/26  16:15   21.1   21.2   20.9    87   18.8    0.0    ---   0.00   0.0   ---   21.1   22.0   22.0  1013.8   0.00    0.0    0.000   0.028   24.8    68   18.5   25.7   12.49   1.1613     350     1    100.0   15 
 6/10/26  16:30   20.8   20.9   20.7    87   18.6    0.0    ---   0.00   0.0   ---   20.8   21.8   21.8  1013.6   0.00    0.0    0.000   0.026   24.7    68   18.4   25.6   12.49   1.1616     351     1    100.0   15 
 6/10/26  16:45   20.7   20.8   20.6    88   18.6    0.0    ---   0.00   0.0   ---   20.7   21.7   21.7  1013.8   0.00    0.0    0.000   0.024   24.6    69   18.5   25.6   12.70   1.1617     351     1    100.0   15 
 6/10/26  17:00   20.5   20.6   20.4    88   18.4    0.0      E   0.00   3.2     E   20.5   21.6   21.6  1013.5   0.00    0.0    0.000   0.023   24.6    69   18.5   25.6   12.70   1.1615     350     1    100.0   15 
 6/10/26  17:15   20.4   20.4   20.3    89   18.5    0.0    ---   0.00   0.0   ---   20.4   21.4   21.4  1014.3   0.00    0.0    0.000   0.021   24.7    68   18.4   25.6   12.49   1.1624     350     1    100.0   15 
 6/10/26  17:30   20.3   20.3   20.3    90   18.6    0.0    ---   0.00   0.0   ---   20.3   21.4   21.4  1013.7   0.00    0.0    0.000   0.021   24.7    68   18.4   25.6   12.49   1.1614     351     1    100.0   15 
 6/10/26  17:45   20.2   20.3   20.2    90   18.5    0.0    ---   0.00   0.0   ---   20.2   21.2   21.2  1013.7   0.00    0.0    0.000   0.020   24.7    68   18.4   25.6   12.49   1.1614     350     1    100.0   15 
 6/10/26  18:00   20.2   20.2   20.1    90   18.5    0.0    ---   0.00   0.0   ---   20.2   21.2   21.2  1013.9   0.00    0.0    0.000   0.019   24.7    68   18.4   25.6   12.49   1.1616     351     1    100.0   15 
 6/10/26  18:15   19.9   20.1   19.9    91   18.4    0.0     NE   0.00   1.6     E   19.9   20.9   20.9  1013.8   0.00    0.0    0.000   0.017   24.7    68   18.4   25.6   12.49   1.1615     351     1    100.0   15 
 6/10/26  18:30   19.8   19.9   19.7    92   18.4    0.0      E   0.00   1.6     E   19.8   20.7   20.7  1013.7   0.20    0.0    0.000   0.015   24.7    68   18.4   25.6   12.49   1.1614     350     1    100.0   15 
 6/10/26  18:45   19.6   19.7   19.6    93   18.4    0.0    ENE   0.00   1.6   ENE   19.6   20.5   20.5  1013.2   0.40    1.4    0.000   0.013   24.7    68   18.4   25.6   12.49   1.1608     350     1    100.0   15 
 6/10/26  19:00   19.5   19.6   19.5    93   18.3    0.0    ENE   0.00  11.3   ENE   19.5   20.4   20.4  1013.4   0.40    1.8    0.000   0.012   24.7    68   18.4   25.6   12.49   1.1614     351     1    100.0   15 
 6/10/26  19:15   19.4   19.5   19.4    94   18.4    3.2    ENE   0.80  11.3    NE   19.4   20.3   20.3  1013.1   0.40    2.0    0.000   0.011   24.7    68   18.4   25.6   12.49   1.1611     351     1    100.0   15 
 6/10/26  19:30   19.3   19.4   19.2    94   18.3    0.0    ENE   0.00   6.4   ENE   19.3   20.2   20.2  1013.7   0.40    2.2    0.000   0.010   24.5    68   18.2   25.4   12.51   1.1626     350     1    100.0   15 
 6/10/26  19:45   19.2   19.3   19.2    95   18.4    1.6    ENE   0.40   8.0   ENE   19.2   20.1   20.1  1013.4   0.20    2.2    0.000   0.009   24.4    69   18.3   25.3   12.71   1.1625     351     1    100.0   15 
 6/10/26  20:00   19.1   19.2   19.1    95   18.3    0.0    ESE   0.00   6.4   ESE   19.1   19.9   19.9  1013.5   0.00    0.0    0.000   0.008   24.3    69   18.3   25.3   12.72   1.1630     349     1    100.0   15 
 6/10/26  20:15   19.2   19.2   19.1    96   18.5    0.0    ENE   0.00   3.2   ENE   19.2   20.0   20.0  1013.6   0.00    0.0    0.000   0.009   24.3    69   18.2   25.2   12.72   1.1634     350     1    100.0   15 
 6/10/26  20:30   19.2   19.2   19.2    96   18.5    0.0    ---   0.00   0.0   ---   19.2   20.0   20.0  1013.5   0.00    0.0    0.000   0.009   24.2    69   18.2   25.2   12.73   1.1636     352     1    100.0   15 
 6/10/26  20:45   19.2   19.2   19.2    96   18.5    0.0    ---   0.00   0.0   ---   19.2   20.0   20.0  1013.9   0.00    0.0    0.000   0.009   24.2    69   18.1   25.1   12.73   1.1643     350     1    100.0   15 
 6/10/26  21:00   19.2   19.2   19.1    96   18.5    0.0    ---   0.00   0.0   ---   19.2   20.0   20.0  1013.8   0.20    0.0    0.000   0.009   24.1    69   18.1   25.0   12.73   1.1645     350     1    100.0   15 
 6/10/26  21:15   19.1   19.1   19.0    96   18.4    0.0    ENE   0.00   8.0     E   19.1   19.9   19.9  1013.4   0.00    0.0    0.000   0.008   24.1    69   18.0   24.9   12.74   1.1643     351     1    100.0   15 
 6/10/26  21:30   18.9   19.0   18.8    96   18.3    0.0      E   0.00   9.7     E   18.9   19.7   19.7  1013.3   0.00    0.0    0.000   0.006   24.0    70   18.2   24.9   12.95   1.1642     352     1    100.0   15 
 6/10/26  21:45   18.8   18.8   18.7    96   18.1    0.0    ---   0.00   0.0   ---   18.8   19.6   19.6  1013.5   0.00    0.0    0.000   0.005   23.9    70   18.1   24.9   12.95   1.1647     350     1    100.0   15 
 6/10/26  22:00   18.7   18.7   18.6    96   18.0    0.0    ---   0.00   0.0   ---   18.7   19.4   19.4  1013.5   0.00    0.0    0.000   0.003   23.9    70   18.1   24.9   12.95   1.1647     351     1    100.0   15 
 6/10/26  22:15   18.6   18.6   18.6    96   17.9    0.0    ---   0.00   0.0   ---   18.6   19.3   19.3  1013.6   0.00    0.0    0.000   0.002   23.9    70   18.1   24.8   12.95   1.1651     351     1    100.0   15 
 6/10/26  22:30   18.6   18.6   18.6    96   17.9    0.0    ---   0.00   0.0   ---   18.6   19.3   19.3  1013.5   0.00    0.0    0.000   0.002   23.9    70   18.1   24.8   12.95   1.1650     349     1    100.0   15 
 6/10/26  22:45   18.4   18.6   18.4    96   17.8    0.0    ---   0.00   0.0   ---   18.4   19.2   19.2  1013.3   0.00    0.0    0.000   0.001   23.8    70   18.0   24.8   12.95   1.1650     352     1    100.0   15 
 6/10/26  23:00   18.3   18.4   18.3    96   17.7    0.0      E   0.00   1.6     E   18.3   19.0   19.0  1013.1   0.00    0.0    0.000   0.000   23.8    70   18.0   24.8   12.95   1.1648     350     1    100.0   15 
 6/10/26  23:15   18.3   18.3   18.2    96   17.6    0.0      N   0.00   1.6     E   18.3   18.9   18.9  1012.8   0.00    0.0    0.001   0.000   23.8    70   18.0   24.7   12.96   1.1648     351     1    100.0   15 
 6/10/26  23:30   18.2   18.2   18.1    96   17.5    0.0    ---   0.00   0.0   ---   18.2   18.8   18.8  1012.8   0.00    0.0    0.002   0.000   23.7    70   17.9   24.7   12.96   1.1650     351     1    100.0   15 
 6/10/26  23:45   17.9   18.1   17.8    96   17.3    0.0    ---   0.00   0.0   ---   17.9   18.6   18.6  1012.9   0.00    0.0    0.004   0.000   23.7    70   17.9   24.6   12.97   1.1655     352     1    100.0   15 
 7/10/26  00:00   17.7   17.8   17.7    97   17.2    0.0      N   0.00   1.6     N   17.7   18.2   18.2  1012.9   0.00    0.0    0.007   0.000   23.6    70   17.8   24.4   12.97   1.1661     350     1    100.0   15 
 7/10/26   0:15   17.7   17.7   17.6    97   17.2    0.0     NO   0.00   1.6    NO   17.7   18.2   18.2  1012.7   0.00    0.0    0.007   0.000   23.4    70   17.7   24.3   12.98   1.1664     349     1    100.0   15 
 7/10/26   0:30   17.6   17.7   17.5    97   17.1    0.0    ---   0.00   0.0   ---   17.6   18.2   18.2  1012.5   0.00    0.0    0.008   0.000   23.4    70   17.6   24.3   12.99   1.1664     351     1    100.0   15 
 7/10/26   0:45   17.4   17.5   17.4    97   17.0    0.0    ---   0.00   0.0   ---   17.4   17.9   17.9  1012.6   0.00    0.0    0.009   0.000   23.3    70   17.5   24.1   12.99   1.1672     351     1    100.0   15 
 7/10/26   1:00   17.3   17.4   17.2    96   16.6    0.0    ---   0.00   0.0   ---   17.3   17.8   17.8  1012.4   0.00    0.0    0.011   0.000   23.2    70   17.4   24.1   13.00   1.1673     351     1    100.0   15 
 7/10/26   1:15   17.1   17.2   17.0    97   16.6    0.0    ---   0.00   0.0   ---   17.1   17.5   17.5  1012.4   0.00    0.0    0.013   0.000   23.2    70   17.4   23.9   13.00   1.1675     350     1    100.0   15 
 7/10/26   1:30   17.0   17.1   16.9    97   16.5    0.0    ---   0.00   0.0   ---   17.0   17.4   17.4  1012.3   0.00    0.0    0.014   0.000   23.1    70   17.3   23.9   13.01   1.1677     351     1    100.0   15 
 7/10/26   1:45   16.9   17.1   16.8    97   16.5    0.0    ---   0.00   0.0   ---   16.9   17.4   17.4  1012.1   0.00    0.0    0.014   0.000   23.0    70   17.2   23.7   13.01   1.1681     349     1    100.0   15 
 7/10/26   2:00   16.8   16.9   16.8    97   16.4    0.0    ---   0.00   0.0   ---   16.8   17.3   17.3  1011.8   0.00    0.0    0.016   0.000   22.9    70   17.2   23.7   13.02   1.1680     351     2    100.0   15 
 7/10/26   2:15   16.9   16.9   16.8    97   16.4    0.0    ---   0.00   0.0   ---   16.9   17.3   17.3  1011.6   0.00    0.0    0.015   0.000   22.9    70   17.1   23.6   13.02   1.1681     351     1    100.0   15 
 7/10/26   2:30   16.7   16.8   16.6    97   16.2    0.0    ---   0.00   0.0   ---   16.7   17.1   17.1  1011.5   0.00    0.0    0.017   0.000   22.8    70   17.1   23.5   13.03   1.1683     351     1    100.0   15 
 7/10/26   2:45   16.6   16.6   16.6    97   16.1    0.0    ---   0.00   0.0   ---   16.6   16.9   16.9  1011.2   0.00    0.0    0.019   0.000   22.7    70   17.0   23.3   13.03   1.1685     351     1    100.0   15 
 7/10/26   3:00   16.6   16.7   16.5    97   16.1    0.0     NO   0.00   1.6    NO   16.6   17.0   17.0  1011.2   0.00    0.0    0.018   0.000   22.7    70   16.9   23.2   13.04   1.1688     351     1    100.0   15 
 7/10/26   3:15   16.6   16.7   16.5    97   16.1    0.0     NO   0.00   1.6    NO   16.6   17.0   17.0  1011.0   0.00    0.0    0.018   0.000   22.6    70   16.9   23.2   13.04   1.1689     350     1    100.0   15 
 7/10/26   3:30   16.4   16.5   16.3    97   15.9    0.0    ---   0.00   0.0   ---   16.4   16.8   16.8  1010.9   0.00    0.0    0.020   0.000   22.6    70   16.9   23.2   13.04   1.1687     350     1    100.0   15 
 7/10/26   3:45   16.3   16.3   16.2    97   15.8    0.0    ---   0.00   0.0   ---   16.3   16.6   16.6  1010.8   0.00    0.0    0.021   0.000   22.6    70   16.8   23.1   13.05   1.1689     350     1    100.0   15 
 7/10/26   4:00   16.2   16.3   16.1    97   15.7    0.0    ---   0.00   0.0   ---   16.2   16.5   16.5  1010.7   0.00    0.0    0.023   0.000   22.5    70   16.8   23.0   13.05   1.1691     351     1    100.0   15 
 7/10/26   4:15   16.1   16.2   16.1    97   15.6    0.0    ---   0.00   0.0   ---   16.1   16.4   16.4  1010.8   0.20    0.0    0.023   0.000   22.4    70   16.7   22.9   13.05   1.1695     351     1    100.0   15 
 7/10/26   4:30   16.2   16.2   16.2    97   15.7    0.0    ---   0.00   0.0   ---   16.2   16.6   16.6  1010.6   0.00    0.0    0.022   0.000   22.4    70   16.6   22.8   13.06   1.1696     351     1    100.0   15 
 7/10/26   4:45   16.3   16.4   16.2    97   15.8    0.0     NO   0.00   3.2    NO   16.3   16.6   16.6  1010.2   0.00    0.0    0.021   0.000   22.3    70   16.6   22.8   13.06   1.1694     350     1    100.0   15 
 7/10/26   5:00   16.4   16.5   16.4    97   16.0    0.0     NO   0.00   3.2    NO   16.4   16.8   16.8  1010.6   0.00    0.0    0.020   0.000   22.3    70   16.5   22.7   13.07   1.1702     351     1    100.0   15 
 7/10/26   5:15   16.3   16.5   16.2    97   15.9    0.0     NO   0.00   1.6    NO   16.3   16.7   16.7  1011.0   0.00    0.0    0.021   0.000   22.3    70   16.5   22.7   13.07   1.1706     351     1    100.0   15 
 7/10/26   5:30   16.1   16.2   15.9    97   15.6    0.0    ---   0.00   0.0   ---   16.1   16.4   16.4  1011.0   0.00    0.0    0.024   0.000   22.5    70   16.8   23.0   13.05   1.1695     352     1    100.0   15 
 7/10/26   5:45   16.1   16.2   16.1    97   15.6    0.0     NO   0.00   3.2    NO   16.1   16.4   16.4  1010.7   0.00    0.0    0.023   0.000   23.0    69   17.0   23.7   12.78   1.1668     351     1    100.0   15 
 7/10/26   6:00   16.2   16.2   16.2    97   15.7    0.0     NO   0.00   3.2    NO   16.2   16.5   16.5  1010.6   0.00    0.0    0.023   0.000   23.4    68   17.2   24.3   12.55   1.1647     351     1    100.0   15 
 7/10/26   6:15   16.2   16.2   15.9    97   15.7    1.6     NO   0.40   6.4    NO   16.2   16.5   16.5  1010.6   0.00    0.0    0.023   0.000   23.8    67   17.3   24.6   12.25   1.1632     351     1    100.0   15 
 7/10/26   6:30   15.9   16.0   15.8    97   15.4    0.0    ---   0.00   0.0   ---   15.9   16.2   16.2  1010.6   0.00    0.0    0.025   0.000   24.0    67   17.5   24.8   12.25   1.1620     352     1    100.0   15 
 7/10/26   6:45   16.1   16.2   16.0    97   15.6    0.0    ---   0.00   0.0   ---   16.1   16.4   16.4  1010.6   0.00    0.0    0.023   0.000   24.3    67   17.8   25.1   12.23   1.1603     351     1    100.0   15 
 7/10/26   7:00   16.2   16.2   16.2    97   15.7    0.0    ---   0.00   0.0   ---   16.2   16.5   16.5  1010.8   0.00    0.0    0.023   0.000   24.5    67   18.0   25.3   12.23   1.1596     351     1    100.0   15 
 7/10/26   7:15   16.3   16.3   16.2    98   16.0    0.0    ---   0.00   0.0   ---   16.3   16.7   16.7  1010.9   0.00    0.0    0.021   0.000   24.6    67   18.1   25.4   12.22   1.1591     347     1    100.0   15 
 7/10/26   7:30   16.4   16.5   16.3    97   15.9    0.0    ---   0.00   0.0   ---   16.4   16.8   16.8  1011.0   0.00    0.0    0.020   0.000   24.7    68   18.4   25.6   12.49   1.1586     349     1    100.0   15 
 7/10/26   7:45   16.7   16.8   16.5    98   16.3    0.0    ---   0.00   0.0   ---   16.7   17.1   17.1  1011.0   0.00    0.0    0.017   0.000   24.7    68   18.4   25.6   12.49   1.1585     350     1    100.0   15 
 7/10/26   8:00   16.8   16.9   16.7    98   16.5    1.6     NO   0.40   4.8    NO   16.8   17.2   17.2  1011.0   0.00    0.0    0.016   0.000   24.7    68   18.4   25.6   12.49   1.1585     351     1    100.0   15 
 7/10/26   8:15   16.7   16.7   16.7    97   16.2    0.0     NO   0.00   3.2    NO   16.7   17.1   17.1  1011.1   0.00    0.0    0.017   0.000   24.7    67   18.1   25.5   12.22   1.1590     351     1    100.0   15 
 7/10/26   8:30   16.6   16.7   16.6    97   16.1    0.0     NO   0.00   4.8   ESE   16.6   17.0   17.0  1011.2   0.00    0.0    0.018   0.000   24.6    67   18.0   25.4   12.23   1.1598     349     1    100.0   15 
 7/10/26   8:45   16.6   16.8   16.6    98   16.3    0.0    ESE   0.00   1.6   ESE   16.6   17.0   17.0  1011.3   0.00    0.0    0.018   0.000   24.5    67   18.0   25.3   12.23   1.1601     351     1    100.0   15 
 7/10/26   9:00   17.1   17.4   16.8    98   16.8    0.0    OSO   0.00   3.2   OSO   17.1   17.6   17.6  1011.4   0.00    0.0    0.013   0.000   24.6    67   18.1   25.4   12.22   1.1597     350     1    100.0   15 
 7/10/26   9:15   17.8   17.9   17.4    98   17.5    0.0    ---   0.00   0.0   ---   17.8   18.4   18.4  1011.4   0.00    0.0    0.006   0.000   24.9    66   18.2   25.7   12.01   1.1582     350     1    100.0   15 
 7/10/26   9:30   18.5   19.1   18.0    98   18.2    0.0    OSO   0.00   1.6   OSO   18.5   19.2   19.2  1011.5   0.00    0.0    0.000   0.002   25.2    66   18.4   26.1   12.00   1.1569     351     1    100.0   15 
 7/10/26   9:45   18.9   19.2   18.7    98   18.6    0.0      E   0.00   4.8     E   18.9   19.7   19.7  1011.5   0.00    0.0    0.000   0.006   25.4    65   18.4   26.2   11.79   1.1561     351     1    100.0   15 
 7/10/26  10:00   19.0   19.3   18.8    98   18.7    0.0      E   0.00   3.2     E   19.0   19.8   19.8  1011.4   0.00    0.0    0.000   0.007   25.6    64   18.3   26.3   11.59   1.1555     352     1    100.0   15 
 7/10/26  10:15   19.7   19.9   19.3    97   19.2    0.0      E   0.00   3.2     E   19.7   20.7   20.7  1011.4   0.00    0.0    0.000   0.014   25.7    64   18.4   26.5   11.58   1.1549     351     1    100.0   15 
