                 Temp.  Temp.  Temp.  Hum.   Punt   Vel.   Dir.   Rec.  Vel.  Dir.  Sens.   Índ.   Índ.                  Int. Graus D.Graus D.  Temp.  Hum. Rosada  In.Cal.  EMC     Dens.    Mostr   Tx   Recep.  Int.
  Data    Hora    Ext.   Màx.   Mín.  Ext. Rosada   Vent   Vent   Vent  Màx.  Màx.  Tèrm.  Calor   THW    Bar    Pluja   Pluja  Calor    Fred    Int.  Int.   Int.   Int.    Int.  Int.Aire    Vent   Vent   ISS   Arc.
-------------------------------------------------------------------------------------------------------------------------------------------------------------------------------------------------------------------------
 2/10/26   0:15   19.4   19.4   19.3    81   16.0    1.6    ENE   0.40  14.5   ENE   19.4   20.0   20.0  1024.5   0.00    0.0    0.000   0.011   24.4    67   17.9   25.2   12.23   1.1759     349     1    100.0   15 
 2/10/26   0:30   19.4   19.4   19.3    81   16.0    1.6    ENE   0.40  12.9     E   19.4   20.0   20.0  1024.7   0.00    0.0    0.000   0.011   24.4    67   17.9   25.2   12.23   1.1761     351     1    100.0   15 
 2/10/26   0:45   19.3   19.4   19.3    81   16.0    1.6    ENE   0.40  11.3   ENE   19.3   19.9   19.9  1025.0   0.00    0.0    0.000   0.010   24.4    67   17.9   25.2   12.23   1.1768     349     1    100.0   15 
 2/10/26   1:00   19.3   19.3   19.3    81   16.0    0.0    ENE   0.00   8.0   ENE   19.3   19.9   19.9  1025.2   0.00    0.0    0.000   0.010   24.3    67   17.8   25.1   12.23   1.1773     351     1    100.0   15 
 2/10/26   1:15   19.3   19.3   19.3    81   16.0    0.0    ENE   0.00   4.8   ENE   19.3   19.9   19.9  1025.3   0.00    0.0    0.000   0.010   24.3    67   17.8   25.1   12.24   1.1777     350     1    100.0   15 
 2/10/26   1:30   19.3   19.3   19.3    81   16.0    0.0    ---   0.00   0.0   ---   19.3   19.9   19.9  1025.3   0.00    0.0    0.000   0.010   24.2    67   17.7   25.0   12.24   1.1781     350     1    100.0   15 
 2/10/26   1:45   19.3   19.3   19.3    82   16.2    0.0    ENE   0.00   1.6   ENE   19.3   19.9   19.9  1025.1   0.00    0.0    0.000   0.010   24.2    67   17.7   24.9   12.24   1.1782     352     1    100.0   15 
 2/10/26   2:00   19.3   19.3   19.2    83   16.3    0.0    ---   0.00   0.0   ---   19.3   19.9   19.9  1025.1   0.00    0.0    0.000   0.010   24.1    67   17.6   24.9   12.24   1.1784     351     1    100.0   15 
 2/10/26   2:15   19.1   19.2   19.1    83   16.2    0.0    ENE   0.00   4.8   ENE   19.1   19.7   19.7  1024.9   0.00    0.0    0.000   0.008   24.1    67   17.6   24.9   12.24   1.1781     351     1    100.0   15 
 2/10/26   2:30   18.9   19.1   18.9    82   15.8    0.0    ENE   0.00  11.3   ENE   18.9   19.5   19.5  1024.6   0.00    0.0    0.000   0.006   24.1    66   17.3   24.8   12.04   1.1785     351     1    100.0   15 
 2/10/26   2:45   18.9   18.9   18.8    82   15.7    3.2    ENE   0.80  12.9   ENE   18.9   19.4   19.4  1024.5   0.00    0.0    0.000   0.006   24.0    66   17.3   24.8   12.05   1.1786     351     1    100.0   15 
 2/10/26   3:00   18.8   18.9   18.8    83   15.9    0.0      E   0.00   4.8   ENE   18.8   19.3   19.3  1024.3   0.00    0.0    0.000   0.005   23.9    66   17.2   24.7   12.05   1.1787     350     1    100.0   15 
 2/10/26   3:15   18.8   18.8   18.7    83   15.8    3.2    ENE   0.80  11.3     E   18.8   19.3   19.3  1024.4   0.00    0.0    0.000   0.005   23.9    66   17.1   24.7   12.05   1.1792     350     1    100.0   15 
 2/10/26   3:30   18.7   18.7   18.7    82   15.6    1.6    ENE   0.40  11.3     E   18.7   19.2   19.2  1024.5   0.00    0.0    0.000   0.004   23.8    66   17.1   24.6   12.05   1.1795     350     1    100.0   15 
 2/10/26   3:45   18.7   18.8   18.7    82   15.6    1.6    ENE   0.40  12.9    NE   18.7   19.2   19.2  1024.6   0.00    0.0    0.000   0.004   23.8    67   17.3   24.6   12.25   1.1796     352     1    100.0   15 
 2/10/26   4:00   18.8   18.8   18.7    82   15.6    1.6    ENE   0.40  11.3   ENE   18.8   19.3   19.3  1024.9   0.00    0.0    0.000   0.005   23.8    66   17.0   24.6   12.05   1.1803     350     1    100.0   15 
 2/10/26   4:15   18.8   18.8   18.8    81   15.4    1.6    ENE   0.40  11.3   ENE   18.8   19.3   19.3  1024.9   0.00    0.0    0.000   0.005   23.7    66   17.0   24.5   12.06   1.1806     350     1    100.0   15 
 2/10/26   4:30   18.8   18.8   18.8    82   15.6    0.0    ENE   0.00   4.8   ENE   18.8   19.3   19.3  1024.8   0.00    0.0    0.000   0.005   23.7    66   16.9   24.4   12.06   1.1808     351     1    100.0   15 
 2/10/26   4:45   18.8   18.8   18.8    83   15.8    0.0    ENE   0.00   1.6     E   18.8   19.3   19.3  1024.8   0.00    0.0    0.000   0.005   23.7    66   16.9   24.4   12.06   1.1807     349     1    100.0   15 
 2/10/26   5:00   18.8   18.8   18.7    83   15.8    0.0    ENE   0.00   1.6   NNE   18.8   19.3   19.3  1024.9   0.00    0.0    0.000   0.005   23.6    66   16.9   24.3   12.06   1.1812     351     1    100.0   15 
 2/10/26   5:15   18.8   18.8   18.7    83   15.8    0.0    ENE   0.00   8.0   ENE   18.8   19.3   19.3  1024.8   0.00    0.0    0.000   0.005   23.6    66   16.8   24.3   12.06   1.1814     351     1    100.0   15 
 2/10/26   5:30   18.7   18.7   18.6    83   15.7    3.2    ENE   0.80  12.9   ENE   18.7   19.2   19.2  1025.0   0.00    0.0    0.000   0.003   23.5    66   16.8   24.2   12.06   1.1819     351     1    100.0   15 
 2/10/26   5:45   18.6   18.7   18.6    83   15.7    0.0    ENE   0.00   8.0   ENE   18.6   19.1   19.1  1025.1   0.00    0.0    0.000   0.003   23.5    66   16.8   24.2   12.06   1.1820     351     1    100.0   15 
 2/10/26   6:00   18.7   18.8   18.6    83   15.7    0.0     NE   0.00   8.0   ENE   18.7   19.2   19.2  1025.3   0.00    0.0    0.000   0.003   23.4    66   16.7   24.2   12.07   1.1825     352     1    100.0   15 
 2/10/26   6:15   18.8   18.8   18.7    83   15.8    0.0     NE   0.00  11.3   ENE   18.8   19.3   19.3  1025.3   0.00    0.0    0.000   0.005   23.4    66   16.7   24.1   12.07   1.1829     351     1    100.0   15 
 2/10/26   6:30   18.8   18.8   18.8    83   15.8    0.0     NE   0.00   4.8    NE   18.8   19.3   19.3  1025.4   0.00    0.0    0.000   0.005   23.4    67   16.9   24.2   12.27   1.1827     351     1    100.0   15 
 2/10/26   6:45   18.8   18.8   18.8    83   15.8    0.0     NE   0.00   4.8    NE   18.8   19.3   19.3  1025.6   0.00    0.0    0.000   0.005   23.5    68   17.3   24.3   12.55   1.1819     351     1    100.0   15 
 2/10/26   7:00   18.9   18.9   18.8    84   16.1    0.0    ---   0.00   0.0   ---   18.9   19.4   19.4  1025.7   0.00    0.0    0.000   0.006   23.8    68   17.5   24.6   12.55   1.1806     351     1    100.0   15 
 2/10/26   7:15   19.0   19.1   18.9    85   16.4    0.0    ---   0.00   0.0   ---   19.0   19.6   19.6  1025.8   0.00    0.0    0.000   0.007   24.0    68   17.7   24.8   12.54   1.1795     352     1    100.0   15 
 2/10/26   7:30   19.1   19.1   19.0    86   16.7    0.0    ---   0.00   0.0   ---   19.1   19.7   19.7  1026.0   0.00    0.0    0.000   0.008   24.2    68   17.9   25.1   12.53   1.1788     351     1    100.0   15 
 2/10/26   7:45   19.1   19.2   19.1    87   16.9    0.0    ---   0.00   0.0   ---   19.1   19.8   19.8  1026.1   0.00    0.0    0.000   0.008   24.3    67   17.8   25.1   12.24   1.1787     350     1    100.0   15 
 2/10/26   8:00   19.2   19.2   19.1    87   16.9    0.0    NNO   0.00   1.6   NNO   19.2   19.9   19.9  1026.2   0.00    0.0    0.000   0.009   24.4    67   17.9   25.2   12.23   1.1782     351     1    100.0   15 
 2/10/26   8:15   19.3   19.3   19.2    87   17.1    0.0    NNO   0.00   1.6   NNO   19.3   20.0   20.0  1026.2   0.00    0.0    0.000   0.010   24.5    67   18.0   25.3   12.23   1.1776     352     1    100.0   15 
 2/10/26   8:30   19.4   19.5   19.3    86   17.0    0.0    ---   0.00   0.0   ---   19.4   20.1   20.1  1026.2   0.00    0.0    0.000   0.011   24.5    67   18.0   25.3   12.23   1.1777     351     1    100.0   15 
 2/10/26   8:45   19.5   19.6   19.5    85   16.9    0.0    ---   0.00   0.0   ---   19.5   20.2   20.2  1026.4   0.00    0.0    0.000   0.012   24.4    66   17.7   25.2   12.03   1.1784     351     1    100.0   15 
 2/10/26   9:00   19.7   19.7   19.6    85   17.1    0.0    ---   0.00   0.0   ---   19.7   20.4   20.4  1026.5   0.00    0.0    0.000   0.014   24.4    66   17.7   25.2   12.03   1.1786     350     1    100.0   15 
 2/10/26   9:15   19.6   19.7   19.6    84   16.8    0.0    ENE   0.00   6.4   ENE   19.6   20.3   20.3  1026.5   0.00    0.0    0.000   0.013   24.4    66   17.6   25.1   12.03   1.1789     351     1    100.0   15 
 2/10/26   9:30   19.6   19.6   19.5    85   17.0    0.0     NE   0.00   1.6    NE   19.6   20.3   20.3  1026.5   0.00    0.0    0.000   0.013   24.4    67   17.9   25.2   12.23   1.1786     350     1    100.0   15 
 2/10/26   9:45   19.5   19.6   19.4    86   17.1    0.0    ENE   0.00   1.6   ENE   19.5   20.3   20.3  1026.5   0.00    0.0    0.000   0.012   24.4    66   17.6   25.1   12.03   1.1789     351     1    100.0   15 
 2/10/26  10:00   19.3   19.4   19.2    88   17.3    0.0    ---   0.00   0.0   ---   19.3   20.1   20.1  1026.5   0.60    3.2    0.000   0.010   24.4    67   17.9   25.2   12.23   1.1785     350     1    100.0   15 
 2/10/26  10:15   19.1   19.2   18.9    89   17.2    0.0    ENE   0.00   1.6   ENE   19.1   19.8   19.8  1026.7   0.60    3.2    0.000   0.008   24.3    67   17.8   25.1   12.23   1.1791     350     1    100.0   15 
 2/10/26  10:30   18.8   18.9   18.8    91   17.3    0.0    ---   0.00   0.0   ---   18.8   19.6   19.6  1026.6   0.60    3.2    0.000   0.005   24.4    67   17.9   25.2   12.23   1.1786     351     1    100.0   15 
 2/10/26  10:45   18.8   18.8   18.7    91   17.3    0.0    ---   0.00   0.0   ---   18.8   19.5   19.5  1026.6   0.40    2.6    0.000   0.005   24.4    67   17.9   25.2   12.23   1.1784     351     1    100.0   15 
 2/10/26  11:00   18.6   18.7   18.5    92   17.3    0.0    ---   0.00   0.0   ---   18.6   19.3   19.3  1026.7   0.60    3.0    0.000   0.003   24.4    67   17.9   25.2   12.23   1.1784     351     1    100.0   15 
 2/10/26  11:15   18.5   18.6   18.4    92   17.2    0.0    ---   0.00   0.0   ---   18.5   19.2   19.2  1026.6   2.20   17.8    0.000   0.002   24.5    67   18.0   25.3   12.23   1.1781     351     1    100.0   15 
 2/10/26  11:30   18.4   18.4   18.3    93   17.2    0.0    ---   0.00   0.0   ---   18.4   19.0   19.0  1026.4   2.20   17.2    0.000   0.001   24.6    67   18.0   25.4   12.23   1.1775     352     1    100.0   15 
 2/10/26  11:45   18.4   18.5   18.4    94   17.5    0.0    ---   0.00   0.0   ---   18.4   19.1   19.1  1026.3   1.20    5.6    0.000   0.001   24.6    67   18.0   25.4   12.23   1.1774     351     1    100.0   15 
 2/10/26  12:00   18.4   18.5   18.3    94   17.4    0.0    ENE   0.00   1.6   ENE   18.4   19.1   19.1  1026.0   0.80    5.6    0.000   0.001   24.6    68   18.3   25.4   12.50   1.1767     349     1    100.0   15 
 2/10/26  12:15   18.3   18.3   18.3    94   17.3    0.0    ENE   0.00   1.6   ENE   18.3   18.9   18.9  1026.1   0.60    3.4    0.001   0.000   24.4    68   18.2   25.3   12.51   1.1774     349     1    100.0   15 
 2/10/26  12:30   18.3   18.3   18.3    94   17.4    0.0    ---   0.00   0.0   ---   18.3   19.0   19.0  1026.0   0.60    3.2    0.000   0.000   24.4    68   18.1   25.3   12.51   1.1776     350     1    100.0   15 
 2/10/26  12:45   18.3   18.3   18.3    95   17.5    0.0    ENE   0.00   1.6   ENE   18.3   18.9   18.9  1025.8   0.20    3.0    0.001   0.000   24.3    68   18.0   25.2   12.52   1.1777     351     1    100.0   15 
 2/10/26  13:00   18.2   18.3   17.9    94   17.2    0.0    ENE   0.00   1.6   ENE   18.2   18.8   18.8  1025.5   0.20    1.4    0.001   0.000   24.3    69   18.3   25.3   12.72   1.1770     351     1    100.0   15 
 2/10/26  13:15   17.9   18.1   17.8    95   17.1    0.0    ENE   0.00   1.6   ENE   17.9   18.4   18.4  1025.2   0.20    0.8    0.005   0.000   24.4    68   18.1   25.3   12.51   1.1767     351     1    100.0   15 
 2/10/26  13:30   18.2   18.3   18.1    96   17.6    0.0    ENE   0.00   1.6   ENE   18.2   18.9   18.9  1025.1   0.20    0.8    0.001   0.000   24.5    68   18.2   25.4   12.51   1.1760     351     1    100.0   15 
 2/10/26  13:45   18.4   18.6   18.3    96   17.8    0.0    ---   0.00   0.0   ---   18.4   19.2   19.2  1025.0   0.00    0.0    0.000   0.001   24.6    68   18.3   25.5   12.50   1.1752     351     1    100.0   15 
 2/10/26  14:00   18.6   18.7   18.6    96   18.0    0.0    ---   0.00   0.0   ---   18.6   19.3   19.3  1024.7   0.00    0.0    0.000   0.003   24.7    68   18.4   25.6   12.49   1.1746     350     1    100.0   15 
 2/10/26  14:15   18.7   18.7   18.7    96   18.1    0.0    ENE   0.00   1.6   ENE   18.7   19.5   19.5  1024.7   0.20    0.0    0.000   0.004   24.7    67   18.2   25.6   12.22   1.1746     351     1    100.0   15 
 2/10/26  14:30   18.8   18.9   18.7    96   18.1    0.0    ---   0.00   0.0   ---   18.8   19.6   19.6  1024.7   0.00    0.0    0.000   0.005   24.8    67   18.2   25.6   12.22   1.1744     350     1    100.0   15 
 2/10/26  14:45   18.9   19.1   18.8    96   18.3    0.0    ---   0.00   0.0   ---   18.9   19.7   19.7  1024.7   0.00    0.0    0.000   0.006   24.9    67   18.3   25.7   12.21   1.1737     351     1    100.0   15 
 2/10/26  15:00   19.0   19.1   18.9    95   18.2    0.0    ---   0.00   0.0   ---   19.0   19.8   19.8  1024.7   0.00    0.0    0.000   0.007   24.9    67   18.3   25.7   12.21   1.1737     351     1    100.0   15 
 2/10/26  15:15   19.0   19.1   18.9    96   18.3    0.0    ---   0.00   0.0   ---   19.0   19.8   19.8  1024.6   0.00    0.0    0.000   0.007   24.9    67   18.3   25.7   12.21   1.1736     351     1    100.0   15 
 2/10/26  15:30   19.1   19.2   19.1    96   18.5    0.0    ---   0.00   0.0   ---   19.1   19.9   19.9  1024.5   0.00    0.0    0.000   0.008   24.8    67   18.2   25.6   12.22   1.1741     348     1    100.0   15 
 2/10/26  15:45   19.2   19.2   19.1    96   18.5    0.0    ---   0.00   0.0   ---   19.2   20.0   20.0  1024.6   0.00    0.0    0.000   0.009   24.7    67   18.1   25.5   12.22   1.1749     350     1    100.0   15 
 2/10/26  16:00   19.1   19.1   18.9    95   18.2    0.0    ---   0.00   0.0   ---   19.1   19.9   19.9  1024.6   0.00    0.0    0.000   0.008   24.6    67   18.1   25.4   12.22   1.1751     351     1    100.0   15 
 2/10/26  16:15   18.9   19.0   18.9    95   18.1    0.0    ---   0.00   0.0   ---   18.9   19.7   19.7  1024.5   0.00    0.0    0.000   0.006   24.6    67   18.1   25.4   12.22   1.1750     351     1    100.0   15 
 2/10/26  16:30   19.0   19.1   19.0    95   18.2    0.0    ---   0.00   0.0   ---   19.0   19.8   19.8  1024.6   0.00    0.0    0.000   0.007   24.6    67   18.0   25.4   12.23   1.1754     350     1    100.0   15 
 2/10/26  16:45   18.9   19.0   18.9    95   18.1    0.0    ---   0.00   0.0   ---   18.9   19.7   19.7  1024.5   0.00    0.0    0.000   0.006   24.6    67   18.1   25.4   12.22   1.1750     351     1    100.0   15 
 2/10/26  17:00   18.9   18.9   18.9    96   18.3    0.0    ---   0.00   0.0   ---   18.9   19.7   19.7  1024.7   0.00    0.0    0.000   0.006   24.6    67   18.1   25.4   12.22   1.1753     350     1    100.0   15 
 2/10/26  17:15   18.9   18.9   18.8    96   18.2    0.0    ---   0.00   0.0   ---   18.9   19.7   19.7  1024.7   0.00    0.0    0.000   0.006   24.7    67   18.1   25.5   12.22   1.1749     351     1    100.0   15 
 2/10/26  17:30   18.8   18.8   18.7    96   18.1    0.0    ---   0.00   0.0   ---   18.8   19.6   19.6  1024.6   0.00    0.0    0.000   0.005   24.7    67   18.2   25.6   12.22   1.1745     351     1    100.0   15 
 2/10/26  17:45   18.6   18.7   18.4    96   17.9    0.0    ---   0.00   0.0   ---   18.6   19.3   19.3  1024.5   0.00    0.0    0.000   0.002   24.7    67   18.2   25.6   12.22   1.1744     350     1    100.0   15 
 2/10/26  18:00   18.5   18.6   18.4    96   17.9    0.0    ---   0.00   0.0   ---   18.5   19.2   19.2  1024.6   0.00    0.0    0.000   0.002   24.7    67   18.2   25.6   12.22   1.1745     352     1    100.0   15 
 2/10/26  18:15   18.6   18.6   18.6    96   18.0    0.0    ENE   0.00   1.6   ENE   18.6   19.3   19.3  1024.7   0.00    0.0    0.000   0.003   24.6    67   18.1   25.4   12.22   1.1752     351     1    100.0   15 
 2/10/26  18:30   18.6   18.6   18.6    96   17.9    0.0    ---   0.00   0.0   ---   18.6   19.3   19.3  1024.8   0.00    0.0    0.000   0.002   24.6    67   18.1   25.4   12.22   1.1754     351     1    100.0   15 
 2/10/26  18:45   18.6   18.6   18.5    96   17.9    0.0    ---   0.00   0.0   ---   18.6   19.3   19.3  1024.9   0.00    0.0    0.000   0.002   24.6    67   18.1   25.4   12.22   1.1755     351     1    100.0   15 
 2/10/26  19:00   18.5   18.5   18.4    96   17.9    0.0    ---   0.00   0.0   ---   18.5   19.2   19.2  1025.0   0.00    0.0    0.000   0.002   24.6    67   18.1   25.4   12.22   1.1756     350     1    100.0   15 
 2/10/26  19:15   18.4   18.5   18.4    96   17.8    0.0    ---   0.00   0.0   ---   18.4   19.2   19.2  1025.0   0.00    0.0    0.000   0.001   24.6    67   18.0   25.4   12.23   1.1759     352     1    100.0   15 
 2/10/26  19:30   18.3   18.4   18.3    96   17.7    0.0    ---   0.00   0.0   ---   18.3   19.0   19.0  1025.0   0.00    0.0    0.000   0.000   24.6    67   18.1   25.4   12.22   1.1756     350     1    100.0   15 
 2/10/26  19:45   18.3   18.3   18.3    96   17.6    0.0    ---   0.00   0.0   ---   18.3   18.9   18.9  1025.0   0.00    0.0    0.001   0.000   24.6    67   18.1   25.4   12.22   1.1756     351     1    100.0   15 
 2/10/26  20:00   18.3   18.3   18.3    96   17.6    0.0    ---   0.00   0.0   ---   18.3   18.9   18.9  1025.0   0.00    0.0    0.001   0.000   24.6    67   18.1   25.4   12.22   1.1756     351     1    100.0   15 
 2/10/26  20:15   18.3   18.3   18.3    96   17.6    0.0    ENE   0.00   1.6   ENE   18.3   18.9   18.9  1024.9   0.00    0.0    0.001   0.000   24.4    67   17.9   25.2   12.23   1.1764     350     1    100.0   15 
 2/10/26  20:30   18.3   18.4   18.3    96   17.7    0.0     NO   0.00   1.6   ENE   18.3   19.0   19.0  1025.0   0.00    0.0    0.000   0.000   24.3    67   17.8   25.1   12.24   1.1774     350     1    100.0   15 
 2/10/26  20:45   18.3   18.4   18.3    96   17.7    0.0     NO   0.00   1.6    NO   18.3   19.0   19.0  1024.9   0.00    0.0    0.000   0.000   24.1    67   17.6   24.9   12.24   1.1782     350     1    100.0   15 
 2/10/26  21:00   18.3   18.4   18.3    96   17.7    0.0     NO   0.00   1.6    NO   18.3   19.0   19.0  1024.9   0.00    0.0    0.000   0.000   23.9    68   17.7   24.8   12.55   1.1787     351     1    100.0   15 
 2/10/26  21:15   18.3   18.3   18.2    96   17.6    0.0     NO   0.00   1.6    NO   18.3   18.9   18.9  1024.8   0.00    0.0    0.001   0.000   23.8    68   17.6   24.7   12.55   1.1792     350     1    100.0   15 
 2/10/26  21:30   18.2   18.2   18.1    96   17.5    0.0    ---   0.00   0.0   ---   18.2   18.8   18.8  1024.9   0.00    0.0    0.002   0.000   23.7    68   17.5   24.6   12.55   1.1799     351     1    100.0   15 
 2/10/26  21:45   18.0   18.1   17.9    96   17.4    0.0     NO   0.00   1.6    NO   18.0   18.6   18.6  1024.9   0.00    0.0    0.003   0.000   23.7    68   17.4   24.5   12.55   1.1803     351     1    100.0   15 
 2/10/26  22:00   17.9   17.9   17.8    96   17.2    0.0     NO   0.00   1.6    NO   17.9   18.5   18.5  1025.1   0.00    0.0    0.005   0.000   23.6    68   17.3   24.4   12.55   1.1811     351     1    100.0   15 
 2/10/26  22:15   17.9   17.9   17.8    96   17.2    0.0    ENE   0.00   3.2   ENE   17.9   18.5   18.5  1025.2   0.00    0.0    0.005   0.000   23.4    68   17.2   24.3   12.55   1.1818     351     1    100.0   15 
 2/10/26  22:30   17.8   17.9   17.8    97   17.4    0.0    ---   0.00   0.0   ---   17.8   18.4   18.4  1025.3   0.00    0.0    0.005   0.000   23.4    68   17.1   24.2   12.55   1.1822     352     1    100.0   15 
 2/10/26  22:45   17.8   17.8   17.7    96   17.1    0.0    ENE   0.00   1.6   ENE   17.8   18.3   18.3  1025.1   0.00    0.0    0.006   0.000   23.3    68   17.1   24.1   12.55   1.1823     349     1    100.0   15 
 2/10/26  23:00   17.6   17.7   17.5    96   17.0    0.0    ---   0.00   0.0   ---   17.6   18.2   18.2  1025.0   0.00    0.0    0.008   0.000   23.2    68   17.0   23.9   12.55   1.1828     350     1    100.0   15 
 2/10/26  23:15   17.4   17.5   17.3    96   16.7    0.0    ENE   0.00   1.6   ENE   17.4   17.9   17.9  1025.1   0.00    0.0    0.010   0.000   23.2    68   17.0   23.9   12.55   1.1828     351     1    100.0   15 
 2/10/26  23:30   17.2   17.3   17.1    96   16.5    0.0    ENE   0.00   3.2   ENE   17.2   17.6   17.6  1024.9   0.00    0.0    0.012   0.000   23.1    68   16.9   23.8   12.55   1.1832     352     1    100.0   15 
 2/10/26  23:45   17.1   17.1   17.0    97   16.6    0.0    ENE   0.00   1.6   ENE   17.1   17.5   17.5  1024.9   0.00    0.0    0.013   0.000   23.1    68   16.8   23.7   12.55   1.1835     351     1    100.0   15 
 3/10/26  00:00   17.1   17.2   17.1    97   16.6    0.0    ENE   0.00   1.6   ENE   17.1   17.6   17.6  1025.0   0.00    0.0    0.013   0.000   23.0    68   16.8   23.6   12.55   1.1839     351     1    100.0   15 
 3/10/26   0:15   17.1   17.1   17.1    97   16.6    0.0    ---   0.00   0.0   ---   17.1   17.5   17.5  1024.7   0.00    0.0    0.013   0.000   22.9    68   16.7   23.6   12.55   1.1839     347     1    100.0   15 
 3/10/26   0:30   16.9   17.1   16.8    96   16.3    0.0    ENE   0.00   1.6   ENE   16.9   17.4   17.4  1024.8   0.00    0.0    0.014   0.000   22.9    68   16.7   23.4   12.55   1.1842     350     1    100.0   15 
 3/10/26   0:45   16.8   16.9   16.8    97   16.4    0.0    ENE   0.00   1.6   ENE   16.8   17.3   17.3  1024.8   0.00    0.0    0.016   0.000   22.8    68   16.6   23.4   12.55   1.1846     350     1    100.0   15 
 3/10/26   1:00   17.0   17.1   16.9    97   16.5    0.0     NO   0.00   3.2    NO   17.0   17.4   17.4  1024.7   0.00    0.0    0.014   0.000   22.8    68   16.6   23.3   12.55   1.1847     352     1    100.0   15 
 3/10/26   1:15   17.2   17.3   17.1    97   16.7    0.0     NO   0.00   4.8    NO   17.2   17.7   17.7  1024.5   0.00    0.0    0.012   0.000   22.7    68   16.5   23.2   12.55   1.1848     351     1    100.0   15 
 3/10/26   1:30   17.3   17.3   17.2    97   16.8    0.0     NO   0.00   6.4    NO   17.3   17.8   17.8  1024.3   0.00    0.0    0.011   0.000   22.7    69   16.7   23.2   12.79   1.1845     351     1    100.0   15 
 3/10/26   1:45   17.1   17.3   16.9    97   16.6    1.6     NO   0.40   6.4    NO   17.1   17.6   17.6  1024.1   0.00    0.0    0.013   0.000   22.6    69   16.6   23.1   12.80   1.1846     351     1    100.0   15 
 3/10/26   2:00   16.9   16.9   16.7    97   16.4    1.6     NO   0.40   6.4    NO   16.9   17.3   17.3  1023.9   0.00    0.0    0.015   0.000   22.6    69   16.6   23.1   12.80   1.1844     352     1    100.0   15 
 3/10/26   2:15   16.6   16.7   16.5    97   16.1    0.0     NO   0.00   1.6    NO   16.6   16.9   16.9  1023.8   0.00    0.0    0.019   0.000   22.6    69   16.6   23.1   12.80   1.1845     351     1    100.0   15 
 3/10/26   2:30   16.7   16.7   16.6    97   16.2    0.0     NO   0.00   1.6    NO   16.7   17.1   17.1  1023.8   0.00    0.0    0.017   0.000   22.5    69   16.5   22.9   12.80   1.1848     351     1    100.0   15 
 3/10/26   2:45   16.8   16.9   16.7    97   16.4    0.0     NO   0.00   4.8    NO   16.8   17.3   17.3  1023.7   0.00    0.0    0.016   0.000   22.4    69   16.5   22.9   12.80   1.1851     350     1    100.0   15 
 3/10/26   3:00   16.8   16.9   16.8    97   16.4    0.0     NO   0.00   4.8    NO   16.8   17.3   17.3  1023.7   0.00    0.0    0.016   0.000   22.4    69   16.5   22.9   12.80   1.1851     350     1    100.0   15 
 3/10/26   3:15   16.8   16.8   16.7    97   16.3    0.0     NO   0.00   3.2    NO   16.8   17.2   17.2  1023.6   0.00    0.0    0.016   0.000   22.4    69   16.4   22.8   12.80   1.1852     350     1    100.0   15 
 3/10/26   3:30   16.7   16.7   16.6    97   16.2    0.0    ---   0.00   0.0   ---   16.7   17.1   17.1  1023.4   0.00    0.0    0.017   0.000   22.3    69   16.4   22.7   12.81   1.1852     351     1    100.0   15 
 3/10/26   3:45   16.6   16.6   16.5    97   16.1    0.0    ---   0.00   0.0   ---   16.6   16.9   16.9  1023.3   0.00    0.0    0.019   0.000   22.3    69   16.3   22.7   12.81   1.1855     351     1    100.0   15 
 3/10/26   4:00   16.6   16.6   16.5    97   16.1    0.0     NO   0.00   4.8    NO   16.6   16.9   16.9  1023.3   0.00    0.0    0.019   0.000   22.2    69   16.3   22.6   12.81   1.1858     351     1    100.0   15 
 3/10/26   4:15   16.6   16.6   16.5    97   16.1    1.6     NO   0.40   4.8    NO   16.6   16.9   16.9  1023.3   0.00    0.0    0.019   0.000   22.2    69   16.2   22.5   12.81   1.1860     352     1    100.0   15 
 3/10/26   4:30   16.4   16.6   16.3    97   16.0    3.2     NO   0.80   6.4    NO   16.4   16.8   16.8  1023.2   0.00    0.0    0.020   0.000   22.2    69   16.3   22.6   12.81   1.1856     351     1    100.0   15 
 3/10/26   4:45   16.2   16.3   16.2    97   15.7    1.6     NO   0.40   4.8    NO   16.2   16.6   16.6  1023.2   0.00    0.0    0.022   0.000   22.2    69   16.3   22.6   12.81   1.1856     350     1    100.0   15 
 3/10/26   5:00   16.2   16.3   16.2    97   15.7    0.0     NO   0.00   3.2    NO   16.2   16.6   16.6  1023.1   0.00    0.0    0.022   0.000   22.2    69   16.2   22.5   12.81   1.1858     350     1    100.0   15 
 3/10/26   5:15   16.3   16.3   16.3    97   15.8    0.0     NO   0.00   3.2    NO   16.3   16.6   16.6  1023.0   0.00    0.0    0.021   0.000   22.1    69   16.1   22.3   12.82   1.1863     351     1    100.0   15 
 3/10/26   5:30   16.3   16.3   16.3    97   15.9    1.6     NO   0.40   6.4    NO   16.3   16.7   16.7  1022.9   0.00    0.0    0.021   0.000   22.0    69   16.0   22.3   12.82   1.1865     351     1    100.0   15 
 3/10/26   5:45   16.1   16.3   16.1    97   15.6    0.0     NO   0.00   4.8    NO   16.1   16.4   16.4  1023.0   0.00    0.0    0.023   0.000   21.9    69   16.0   22.2   12.82   1.1869     351     1    100.0   15 
 3/10/26   6:00   16.3   16.4   16.2    97   15.8    0.0     NO   0.00   4.8    NO   16.3   16.6   16.6  1023.2   0.00    0.0    0.021   0.000   21.9    69   15.9   22.1   12.82   1.1875     351     1    100.0   15 
 3/10/26   6:15   16.5   16.6   16.4    97   16.0    0.0      E   0.00   3.2     E   16.5   16.9   16.9  1023.4   0.00    0.0    0.019   0.000   21.9    69   15.9   22.1   12.82   1.1877     350     1    100.0   15 
 3/10/26   6:30   16.6   16.7   16.6    97   16.1    1.6    ENE   0.40  11.3     E   16.6   17.0   17.0  1023.7   0.00    0.0    0.018   0.000   21.8    69   15.9   22.1   12.82   1.1883     351     1    100.0   15 
 3/10/26   6:45   16.9   17.0   16.7    97   16.4    1.6    ENE   0.40   6.4   ENE   16.9   17.3   17.3  1023.8   0.00    0.0    0.015   0.000   22.0    69   16.0   22.3   12.82   1.1876     351     1    100.0   15 
 3/10/26   7:00   16.7   17.0   16.4    97   16.2    3.2     NO   0.80   6.4    NO   16.7   17.1   17.1  1023.8   0.00    0.0    0.017   0.000   22.2    68   16.0   22.5   12.55   1.1867     350     1    100.0   15 
 3/10/26   7:15   16.4   16.6   16.3    97   15.9    1.6     NO   0.40   4.8    NO   16.4   16.8   16.8  1023.9   0.00    0.0    0.020   0.000   22.4    69   16.5   22.9   12.80   1.1853     351     1    100.0   15 
 3/10/26   7:30   16.8   17.1   16.6    98   16.5    0.0     NO   0.00   3.2    NO   16.8   17.3   17.3  1024.0   0.00    0.0    0.016   0.000   22.8    69   16.8   23.4   12.79   1.1833     352     1    100.0   15 
 3/10/26   7:45   17.3   17.4   17.1    98   17.0    0.0    ---   0.00   0.0   ---   17.3   17.8   17.8  1024.3   0.00    0.0    0.011   0.000   23.1    68   16.9   23.8   12.55   1.1825     351     1    100.0   15 
 3/10/26   8:00   17.6   17.7   17.4    97   17.1    0.0      E   0.00   1.6    NO   17.6   18.1   18.1  1024.2   0.00    0.0    0.008   0.000   23.3    68   17.0   24.1   12.55   1.1815     350     1    100.0   15 
 3/10/26   8:15   17.9   18.3   17.7    98   17.6    0.0      E   0.00   1.6     E   17.9   18.6   18.6  1024.2   0.00    0.0    0.004   0.000   23.5    67   17.0   24.3   12.26   1.1806     350     1    100.0   15 
 3/10/26   8:30   18.4   18.6   18.3    97   18.0    0.0     NO   0.00   3.2   ENE   18.4   19.2   19.2  1024.4   0.00    0.0    0.000   0.001   23.8    67   17.3   24.6   12.25   1.1791     351     1    100.0   15 
 3/10/26   8:45   18.4   18.5   18.3    97   18.0    0.0    ENE   0.00   4.8   ENE   18.4   19.2   19.2  1024.3   0.00    0.0    0.000   0.001   23.9    66   17.2   24.7   12.05   1.1787     351     1    100.0   15 
 3/10/26   9:00   18.4   18.5   18.4    97   18.0    0.0    ENE   0.00   1.6   ENE   18.4   19.2   19.2  1024.3   0.00    0.0    0.000   0.001   23.9    66   17.2   24.7   12.05   1.1787     350     1    100.0   15 
