                 Temp.  Temp.  Temp.  Hum.   Punt   Vel.   Dir.   Rec.  Vel.  Dir.  Sens.   Índ.   Índ.                  Int. Graus D.Graus D.  Temp.  Hum. Rosada  In.Cal.  EMC     Dens.    Mostr   Tx   Recep.  Int.
  Data    Hora    Ext.   Màx.   Mín.  Ext. Rosada   Vent   Vent   Vent  Màx.  Màx.  Tèrm.  Calor   THW    Bar    Pluja   Pluja  Calor    Fred    Int.  Int.   Int.   Int.    Int.  Int.Aire    Vent   Vent   ISS   Arc.
-------------------------------------------------------------------------------------------------------------------------------------------------------------------------------------------------------------------------
 3/10/26   0:15   17.1   17.1   17.1    97   16.6    0.0    ---   0.00   0.0   ---   17.1   17.5   17.5  1024.7   0.00    0.0    0.013   0.000   22.9    68   16.7   23.6   12.55   1.1839     347     1    100.0   15 
 3/10/26   0:30   16.9   17.1   16.8    96   16.3    0.0    ENE   0.00   1.6   ENE   16.9   17.4   17.4  1024.8   0.00    0.0    0.014   0.000   22.9    68   16.7   23.4   12.55   1.1842     350     1    100.0   15 
 3/10/26   0:45   16.8   16.9   16.8    97   16.4    0.0    ENE   0.00   1.6   ENE   16.8   17.3   17.3  1024.8   0.00    0.0    0.016   0.000   22.8    68   16.6   23.4   12.55   1.1846     350     1    100.0   15 
 3/10/26   1:00   17.0   17.1   16.9    97   16.5    0.0     NO   0.00   3.2    NO   17.0   17.4   17.4  1024.7   0.00    0.0    0.014   0.000   22.8    68   16.6   23.3   12.55   1.1847     352     1    100.0   15 
 3/10/26   1:15   17.2   17.3   17.1    97   16.7    0.0     NO   0.00   4.8    NO   17.2   17.7   17.7  1024.5   0.00    0.0    0.012   0.000   22.7    68   16.5   23.2   12.55   1.1848     351     1    100.0   15 
 3/10/26   1:30   17.3   17.3   17.2    97   16.8    0.0     NO   0.00   6.4    NO   17.3   17.8   17.8  1024.3   0.00    0.0    0.011   0.000   22.7    69   16.7   23.2   12.79   1.1845     351     1    100.0   15 
 3/10/26   1:45   17.1   17.3   16.9    97   16.6    1.6     NO   0.40   6.4    NO   17.1   17.6   17.6  1024.1   0.00    0.0    0.013   0.000   22.6    69   16.6   23.1   12.80   1.1846     351     1    100.0   15 
 3/10/26   2:00   16.9   16.9   16.7    97   16.4    1.6     NO   0.40   6.4    NO   16.9   17.3   17.3  1023.9   0.00    0.0    0.015   0.000   22.6    69   16.6   23.1   12.80   1.1844     352     1    100.0   15 
 3/10/26   2:15   16.6   16.7   16.5    97   16.1    0.0     NO   0.00   1.6    NO   16.6   16.9   16.9  1023.8   0.00    0.0    0.019   0.000   22.6    69   16.6   23.1   12.80   1.1845     351     1    100.0   15 
 3/10/26   2:30   16.7   16.7   16.6    97   16.2    0.0     NO   0.00   1.6    NO   16.7   17.1   17.1  1023.8   0.00    0.0    0.017   0.000   22.5    69   16.5   22.9   12.80   1.1848     351     1    100.0   15 
 3/10/26   2:45   16.8   16.9   16.7    97   16.4    0.0     NO   0.00   4.8    NO   16.8   17.3   17.3  1023.7   0.00    0.0    0.016   0.000   22.4    69   16.5   22.9   12.80   1.1851     350     1    100.0   15 
 3/10/26   3:00   16.8   16.9   16.8    97   16.4    0.0     NO   0.00   4.8    NO   16.8   17.3   17.3  1023.7   0.00    0.0    0.016   0.000   22.4    69   16.5   22.9   12.80   1.1851     350     1    100.0   15 
 3/10/26   3:15   16.8   16.8   16.7    97   16.3    0.0     NO   0.00   3.2    NO   16.8   17.2   17.2  1023.6   0.00    0.0    0.016   0.000   22.4    69   16.4   22.8   12.80   1.1852     350     1    100.0   15 
 3/10/26   3:30   16.7   16.7   16.6    97   16.2    0.0    ---   0.00   0.0   ---   16.7   17.1   17.1  1023.4   0.00    0.0    0.017   0.000   22.3    69   16.4   22.7   12.81   1.1852     351     1    100.0   15 
 3/10/26   3:45   16.6   16.6   16.5    97   16.1    0.0    ---   0.00   0.0   ---   16.6   16.9   16.9  1023.3   0.00    0.0    0.019   0.000   22.3    69   16.3   22.7   12.81   1.1855     351     1    100.0   15 
 3/10/26   4:00   16.6   16.6   16.5    97   16.1    0.0     NO   0.00   4.8    NO   16.6   16.9   16.9  1023.3   0.00    0.0    0.019   0.000   22.2    69   16.3   22.6   12.81   1.1858     351     1    100.0   15 
 3/10/26   4:15   16.6   16.6   16.5    97   16.1    1.6     NO   0.40   4.8    NO   16.6   16.9   16.9  1023.3   0.00    0.0    0.019   0.000   22.2    69   16.2   22.5   12.81   1.1860     352     1    100.0   15 
 3/10/26   4:30   16.4   16.6   16.3    97   16.0    3.2     NO   0.80   6.4    NO   16.4   16.8   16.8  1023.2   0.00    0.0    0.020   0.000   22.2    69   16.3   22.6   12.81   1.1856     351     1    100.0   15 
 3/10/26   4:45   16.2   16.3   16.2    97   15.7    1.6     NO   0.40   4.8    NO   16.2   16.6   16.6  1023.2   0.00    0.0    0.022   0.000   22.2    69   16.3   22.6   12.81   1.1856     350     1    100.0   15 
 3/10/26   5:00   16.2   16.3   16.2    97   15.7    0.0     NO   0.00   3.2    NO   16.2   16.6   16.6  1023.1   0.00    0.0    0.022   0.000   22.2    69   16.2   22.5   12.81   1.1858     350     1    100.0   15 
 3/10/26   5:15   16.3   16.3   16.3    97   15.8    0.0     NO   0.00   3.2    NO   16.3   16.6   16.6  1023.0   0.00    0.0    0.021   0.000   22.1    69   16.1   22.3   12.82   1.1863     351     1    100.0   15 
 3/10/26   5:30   16.3   16.3   16.3    97   15.9    1.6     NO   0.40   6.4    NO   16.3   16.7   16.7  1022.9   0.00    0.0    0.021   0.000   22.0    69   16.0   22.3   12.82   1.1865     351     1    100.0   15 
 3/10/26   5:45   16.1   16.3   16.1    97   15.6    0.0     NO   0.00   4.8    NO   16.1   16.4   16.4  1023.0   0.00    0.0    0.023   0.000   21.9    69   16.0   22.2   12.82   1.1869     351     1    100.0   15 
 3/10/26   6:00   16.3   16.4   16.2    97   15.8    0.0     NO   0.00   4.8    NO   16.3   16.6   16.6  1023.2   0.00    0.0    0.021   0.000   21.9    69   15.9   22.1   12.82   1.1875     351     1    100.0   15 
 3/10/26   6:15   16.5   16.6   16.4    97   16.0    0.0      E   0.00   3.2     E   16.5   16.9   16.9  1023.4   0.00    0.0    0.019   0.000   21.9    69   15.9   22.1   12.82   1.1877     350     1    100.0   15 
 3/10/26   6:30   16.6   16.7   16.6    97   16.1    1.6    ENE   0.40  11.3     E   16.6   17.0   17.0  1023.7   0.00    0.0    0.018   0.000   21.8    69   15.9   22.1   12.82   1.1883     351     1    100.0   15 
 3/10/26   6:45   16.9   17.0   16.7    97   16.4    1.6    ENE   0.40   6.4   ENE   16.9   17.3   17.3  1023.8   0.00    0.0    0.015   0.000   22.0    69   16.0   22.3   12.82   1.1876     351     1    100.0   15 
 3/10/26   7:00   16.7   17.0   16.4    97   16.2    3.2     NO   0.80   6.4    NO   16.7   17.1   17.1  1023.8   0.00    0.0    0.017   0.000   22.2    68   16.0   22.5   12.55   1.1867     350     1    100.0   15 
 3/10/26   7:15   16.4   16.6   16.3    97   15.9    1.6     NO   0.40   4.8    NO   16.4   16.8   16.8  1023.9   0.00    0.0    0.020   0.000   22.4    69   16.5   22.9   12.80   1.1853     351     1    100.0   15 
 3/10/26   7:30   16.8   17.1   16.6    98   16.5    0.0     NO   0.00   3.2    NO   16.8   17.3   17.3  1024.0   0.00    0.0    0.016   0.000   22.8    69   16.8   23.4   12.79   1.1833     352     1    100.0   15 
 3/10/26   7:45   17.3   17.4   17.1    98   17.0    0.0    ---   0.00   0.0   ---   17.3   17.8   17.8  1024.3   0.00    0.0    0.011   0.000   23.1    68   16.9   23.8   12.55   1.1825     351     1    100.0   15 
 3/10/26   8:00   17.6   17.7   17.4    97   17.1    0.0      E   0.00   1.6    NO   17.6   18.1   18.1  1024.2   0.00    0.0    0.008   0.000   23.3    68   17.0   24.1   12.55   1.1815     350     1    100.0   15 
 3/10/26   8:15   17.9   18.3   17.7    98   17.6    0.0      E   0.00   1.6     E   17.9   18.6   18.6  1024.2   0.00    0.0    0.004   0.000   23.5    67   17.0   24.3   12.26   1.1806     350     1    100.0   15 
 3/10/26   8:30   18.4   18.6   18.3    97   18.0    0.0     NO   0.00   3.2   ENE   18.4   19.2   19.2  1024.4   0.00    0.0    0.000   0.001   23.8    67   17.3   24.6   12.25   1.1791     351     1    100.0   15 
 3/10/26   8:45   18.4   18.5   18.3    97   18.0    0.0    ENE   0.00   4.8   ENE   18.4   19.2   19.2  1024.3   0.00    0.0    0.000   0.001   23.9    66   17.2   24.7   12.05   1.1787     351     1    100.0   15 
 3/10/26   9:00   18.4   18.5   18.4    97   18.0    0.0    ENE   0.00   1.6   ENE   18.4   19.2   19.2  1024.3   0.00    0.0    0.000   0.001   23.9    66   17.2   24.7   12.05   1.1787     350     1    100.0   15 
 3/10/26   9:15   18.6   18.7   18.5    96   18.0    0.0    ENE   0.00   1.6   ENE   18.6   19.3   19.3  1024.4   0.00    0.0    0.000   0.003   23.9    66   17.2   24.7   12.05   1.1788     349     1    100.0   15 
 3/10/26   9:30   18.7   18.9   18.6    96   18.1    0.0    NNE   0.00   3.2   ONO   18.7   19.5   19.5  1024.3   0.00    0.0    0.000   0.004   23.9    66   17.2   24.7   12.05   1.1787     351     1    100.0   15 
 3/10/26   9:45   19.0   19.1   18.9    95   18.2    0.0    ESE   0.00   1.6    NO   19.0   19.8   19.8  1024.4   0.00    0.0    0.000   0.007   23.9    66   17.2   24.7   12.05   1.1788     351     1    100.0   15 
 3/10/26  10:00   19.3   19.4   19.1    95   18.5    0.0    ---   0.00   0.0   ---   19.3   20.1   20.1  1024.4   0.00    0.0    0.000   0.010   23.9    66   17.2   24.7   12.05   1.1788     351     1    100.0   15 
 3/10/26  10:15   19.6   19.7   19.4    94   18.6    0.0    ESE   0.00   1.6   ESE   19.6   20.4   20.4  1024.3   0.00    0.0    0.000   0.013   24.0    65   17.0   24.7   11.85   1.1788     350     1    100.0   15 
 3/10/26  10:30   19.7   19.8   19.7    92   18.4    0.0     NO   0.00   3.2    NO   19.7   20.7   20.7  1024.2   0.00    0.0    0.000   0.014   24.0    65   17.0   24.7   11.85   1.1786     351     1    100.0   15 
 3/10/26  10:45   19.8   19.9   19.8    91   18.3    0.0    ---   0.00   0.0   ---   19.8   20.8   20.8  1024.5   0.00    0.0    0.000   0.016   24.0    65   17.0   24.7   11.85   1.1790     352     1    100.0   15 
 3/10/26  11:00   19.8   19.9   19.8    90   18.1    0.0      E   0.00   1.6     E   19.8   20.7   20.7  1024.5   0.00    0.0    0.000   0.015   24.0    65   17.0   24.7   11.85   1.1790     350     1    100.0   15 
 3/10/26  11:15   19.8   19.8   19.7    91   18.3    0.0    ESE   0.00  11.3   ESE   19.8   20.7   20.7  1024.9   0.40    5.4    0.000   0.015   23.9    65   17.0   24.7   11.85   1.1798     350     1    100.0   15 
 3/10/26  11:30   18.7   19.7   17.9    92   17.3    4.8      E   1.21  16.1   ENE   18.7   19.3   19.3  1024.7   7.20   87.2    0.000   0.003   23.8    65   16.9   24.6   11.85   1.1802     350     1    100.0   15 
 3/10/26  11:45   17.8   17.9   17.7    94   16.8    1.6      E   0.40  14.5   ENE   17.8   18.3   18.3  1024.7   0.80    6.6    0.006   0.000   23.7    66   17.0   24.5   12.06   1.1803     352     1    100.0   15 
 3/10/26  12:00   17.7   17.7   17.6    95   16.9    1.6      E   0.40   8.0     E   17.7   18.2   18.2  1024.5   1.20    6.8    0.007   0.000   23.6    66   16.9   24.3   12.06   1.1808     350     1    100.0   15 
 3/10/26  12:15   17.6   17.6   17.6    95   16.8    0.0    ENE   0.00   3.2   ENE   17.6   18.1   18.1  1024.5   1.60    7.8    0.008   0.000   23.4    66   16.7   24.2   12.07   1.1816     351     1    100.0   15 
 3/10/26  12:30   17.5   17.6   17.4    95   16.7    0.0      E   0.00   1.6   ENE   17.5   18.0   18.0  1024.4   1.20    6.4    0.009   0.000   23.4    66   16.7   24.1   12.07   1.1818     350     1    100.0   15 
 3/10/26  12:45   17.4   17.5   17.4    96   16.8    1.6    ENE   0.40   6.4   ENE   17.4   17.9   17.9  1024.2   1.00    5.2    0.009   0.000   23.3    67   16.9   24.1   12.27   1.1815     351     1    100.0   15 
 3/10/26  13:00   17.4   17.4   17.3    96   16.7    0.0    ENE   0.00   6.4   ENE   17.4   17.9   17.9  1024.0   1.20    4.8    0.010   0.000   23.3    67   16.8   24.0   12.27   1.1816     349     1    100.0   15 
 3/10/26  13:15   17.6   17.6   17.4    96   16.9    0.0     NO   0.00   3.2   ENE   17.6   18.1   18.1  1024.0   0.80    4.2    0.008   0.000   23.2    67   16.8   23.9   12.27   1.1819     351     1    100.0   15 
 3/10/26  13:30   17.6   17.6   17.6    96   17.0    0.0     NO   0.00   4.8    NO   17.6   18.2   18.2  1023.8   0.40    3.0    0.008   0.000   23.2    67   16.8   23.9   12.27   1.1817     350     1    100.0   15 
 3/10/26  13:45   17.6   17.7   17.6    96   17.0    0.0     NO   0.00   4.8    NO   17.6   18.2   18.2  1023.6   0.20    1.4    0.008   0.000   23.2    67   16.8   23.9   12.27   1.1814     350     1    100.0   15 
 3/10/26  14:00   17.7   17.7   17.6    96   17.0    1.6     NO   0.40   6.4    NO   17.7   18.2   18.2  1023.3   0.00    0.0    0.007   0.000   23.2    68   17.0   23.9   12.55   1.1807     352     1    100.0   15 
 3/10/26  14:15   17.5   17.7   17.3    96   16.9    0.0     NO   0.00   4.8    NO   17.5   18.0   18.0  1023.5   0.20    0.0    0.009   0.000   23.2    68   17.0   23.9   12.55   1.1809     351     1    100.0   15 
 3/10/26  14:30   17.1   17.3   16.8    96   16.5    0.0     NO   0.00   3.2    NO   17.1   17.6   17.6  1023.3   0.20    0.0    0.013   0.000   23.2    68   17.0   23.9   12.55   1.1808     351     1    100.0   15 
 3/10/26  14:45   16.4   16.8   15.9    95   15.6    0.0     NO   0.00   4.8     E   16.4   16.7   16.7  1023.2   0.00    0.0    0.020   0.000   23.2    68   16.9   23.9   12.55   1.1809     350     1    100.0   15 
 3/10/26  15:00   15.8   15.9   15.7    96   15.1    0.0      E   0.00  11.3     E   15.8   16.1   16.1  1023.1   0.20    0.0    0.027   0.000   23.2    68   16.9   23.9   12.55   1.1808     349     1    100.0   15 
 3/10/26  15:15   15.9   16.1   15.7    96   15.3    1.6      E   0.40  11.3     E   15.9   16.2   16.2  1022.9   0.20    1.0    0.025   0.000   23.2    68   16.9   23.9   12.55   1.1805     352     1    100.0   15 
 3/10/26  15:30   16.2   16.3   16.1    95   15.4    0.0      E   0.00   4.8   ESE   16.2   16.5   16.5  1022.7   0.20    1.0    0.022   0.000   23.1    67   16.6   23.8   12.28   1.1809     351     1    100.0   15 
 3/10/26  15:45   16.3   16.4   16.3    95   15.5    0.0    ENE   0.00   8.0     E   16.3   16.7   16.7  1022.8   0.00    0.0    0.021   0.000   23.1    67   16.6   23.7   12.28   1.1813     351     1    100.0   15 
 3/10/26  16:00   16.3   16.4   16.3    95   15.5    0.0    ENE   0.00   9.7     E   16.3   16.7   16.7  1022.6   0.00    0.0    0.021   0.000   23.1    67   16.6   23.8   12.28   1.1808     350     1    100.0   15 
 3/10/26  16:15   16.6   16.9   16.4    96   16.0    1.6    ENE   0.40  12.9   ENE   16.6   17.0   17.0  1022.4   0.00    0.0    0.018   0.000   23.4    67   17.0   24.2   12.27   1.1788     350     1    100.0   15 
 3/10/26  16:30   17.1   17.3   16.9    96   16.5    3.2    ENE   0.80  12.9   ESE   17.1   17.6   17.6  1022.4   0.00    0.0    0.013   0.000   23.9    66   17.1   24.7   12.05   1.1768     351     1    100.0   15 
 3/10/26  16:45   17.4   17.5   17.3    95   16.6    0.0    ENE   0.00  12.9   ENE   17.4   17.9   17.9  1022.2   0.00    0.0    0.010   0.000   24.2    65   17.2   24.9   11.84   1.1751     349     1    100.0   15 
 3/10/26  17:00   17.4   17.5   17.3    95   16.6    0.0    NNE   0.00   4.8   NNE   17.4   17.9   17.9  1022.3   0.00    0.0    0.010   0.000   24.4    65   17.4   25.1   11.83   1.1740     351     1    100.0   15 
 3/10/26  17:15   17.4   17.4   17.3    95   16.6    0.0    ENE   0.00   3.2     E   17.4   17.9   17.9  1022.4   0.00    0.0    0.010   0.000   24.7    64   17.4   25.3   11.62   1.1733     351     1    100.0   15 
 3/10/26  17:30   17.4   17.4   17.4    95   16.6    0.0    ESE   0.00   1.6   ONO   17.4   17.9   17.9  1022.4   0.20    0.0    0.009   0.000   24.7    64   17.5   25.4   11.62   1.1730     349     1    100.0   15 
 3/10/26  17:45   17.4   17.4   17.4    95   16.6    0.0     NO   0.00   1.6   ONO   17.4   17.9   17.9  1022.3   0.00    0.0    0.010   0.000   24.7    64   17.4   25.3   11.62   1.1732     350     1    100.0   15 
 3/10/26  18:00   17.3   17.4   17.3    96   16.7    0.0    ENE   0.00   3.2   ENE   17.3   17.8   17.8  1022.4   0.20    0.0    0.010   0.000   24.5    64   17.2   25.1   11.63   1.1742     350     1    100.0   15 
 3/10/26  18:15   17.3   17.4   17.3    95   16.5    1.6      E   0.40   9.7     E   17.3   17.8   17.8  1022.7   0.00    0.0    0.010   0.000   24.4    64   17.1   25.0   11.63   1.1752     350     1    100.0   15 
 3/10/26  18:30   17.3   17.4   17.3    95   16.5    0.0    ONO   0.00   3.2    NE   17.3   17.8   17.8  1022.3   0.20    0.0    0.010   0.000   24.3    65   17.3   24.9   11.84   1.1749     351     1    100.0   15 
 3/10/26  18:45   17.3   17.3   17.3    95   16.5    0.0    ENE   0.00   8.0    NE   17.3   17.8   17.8  1022.8   0.40    1.0    0.010   0.000   24.3    65   17.3   25.0   11.83   1.1752     351     1    100.0   15 
 3/10/26  19:00   17.3   17.4   17.3    95   16.5    0.0     NO   0.00   1.6     E   17.3   17.8   17.8  1022.6   0.20    1.2    0.010   0.000   24.4    65   17.4   25.1   11.83   1.1747     350     1    100.0   15 
 3/10/26  19:15   17.4   17.4   17.4    96   16.7    0.0      E   0.00   6.4   ENE   17.4   17.9   17.9  1022.7   0.80    3.8    0.010   0.000   24.4    65   17.4   25.1   11.83   1.1749     350     1    100.0   15 
 3/10/26  19:30   17.4   17.5   17.4    96   16.8    0.0    ENE   0.00   3.2   ENE   17.4   17.9   17.9  1022.9   1.20    6.0    0.009   0.000   24.4    65   17.4   25.1   11.83   1.1751     351     1    100.0   15 
 3/10/26  19:45   17.6   17.6   17.4    96   16.9    3.2    ENE   0.80   9.7     E   17.6   18.1   18.1  1022.9   2.00    9.2    0.008   0.000   24.4    65   17.4   25.1   11.83   1.1751     351     1    100.0   15 
 3/10/26  20:00   17.6   17.6   17.6    96   17.0    1.6    ENE   0.40  11.3   ENE   17.6   18.2   18.2  1022.8   1.60    8.2    0.008   0.000   24.3    65   17.3   25.0   11.83   1.1752     351     1    100.0   15 
 3/10/26  20:15   17.6   17.6   17.6    96   17.0    1.6      E   0.40  11.3     E   17.6   18.2   18.2  1022.9   1.20    8.0    0.008   0.000   24.3    65   17.3   24.9   11.84   1.1757     351     1    100.0   15 
 3/10/26  20:30   17.5   17.6   17.4    96   16.9    4.8    ENE   1.21  14.5   ENE   17.5   18.0   18.0  1022.9   1.80   15.8    0.009   0.000   24.2    65   17.2   24.9   11.84   1.1760     351     1    100.0   15 
 3/10/26  20:45   17.3   17.5   17.1    96   16.7    6.4    ENE   1.61  17.7   ENE   17.3   17.8   17.8  1023.0   2.00   11.8    0.010   0.000   24.1    65   17.1   24.8   11.84   1.1766     350     1    100.0   15 
 3/10/26  21:00   17.1   17.1   17.0    96   16.4    3.2    ENE   0.80  12.9   ENE   17.1   17.5   17.5  1022.9   1.60    8.2    0.013   0.000   24.0    66   17.3   24.8   12.05   1.1768     350     1    100.0   15 
 3/10/26  21:15   17.1   17.1   17.0    97   16.6    0.0    ENE   0.00   3.2   ENE   17.1   17.5   17.5  1022.8   2.00    9.8    0.013   0.000   23.9    66   17.1   24.7   12.05   1.1773     349     1    100.0   15 
 3/10/26  21:30   17.1   17.1   17.0    97   16.6    0.0     NO   0.00   4.8   ONO   17.1   17.5   17.5  1022.7   1.80   11.4    0.013   0.000   23.8    66   17.1   24.6   12.05   1.1774     351     1    100.0   15 
 3/10/26  21:45   17.1   17.2   17.1    97   16.6    0.0     NO   0.00   1.6    NO   17.1   17.6   17.6  1022.6   1.20    5.8    0.013   0.000   23.8    66   17.1   24.6   12.05   1.1773     351     1    100.0   15 
 3/10/26  22:00   17.1   17.2   17.1    97   16.6    0.0     NO   0.00   3.2    NO   17.1   17.6   17.6  1022.4   0.80    5.8    0.013   0.000   23.9    66   17.1   24.7   12.05   1.1768     350     1    100.0   15 
 3/10/26  22:15   17.2   17.2   17.2    97   16.7    0.0     NO   0.00   4.8    NO   17.2   17.7   17.7  1022.3   0.60    3.2    0.012   0.000   23.8    66   17.1   24.6   12.05   1.1769     350     1    100.0   15 
 3/10/26  22:30   17.2   17.2   17.1    97   16.7    0.0    ENE   0.00   8.0     E   17.2   17.7   17.7  1022.3   0.80    3.0    0.012   0.000   23.8    66   17.1   24.6   12.05   1.1770     351     1    100.0   15 
 3/10/26  22:45   17.2   17.2   17.2    97   16.7    1.6    ENE   0.40   9.7    NE   17.2   17.7   17.7  1022.4   1.60   10.8    0.012   0.000   23.8    66   17.0   24.6   12.05   1.1773     352     1    100.0   15 
 3/10/26  23:00   17.2   17.2   17.2    97   16.7    1.6      E   0.40  12.9     E   17.2   17.7   17.7  1022.3   1.80   13.4    0.012   0.000   23.7    66   17.0   24.5   12.06   1.1775     351     1    100.0   15 
 3/10/26  23:15   17.2   17.2   17.2    97   16.7    0.0    ENE   0.00   6.4   ENE   17.2   17.7   17.7  1022.0   0.40    4.2    0.012   0.000   23.5    66   16.8   24.2   12.06   1.1784     350     1    100.0   15 
 3/10/26  23:30   17.1   17.2   17.1    97   16.6    1.6    ENE   0.40   8.0   ENE   17.1   17.6   17.6  1022.0   0.40    2.0    0.013   0.000   23.2    66   16.5   23.9   12.07   1.1798     350     1    100.0   15 
 3/10/26  23:45   17.1   17.1   17.1    97   16.6    3.2    ENE   0.80  11.3   ENE   17.1   17.5   17.5  1021.9   0.00    0.0    0.013   0.000   23.1    67   16.6   23.7   12.28   1.1803     351     1    100.0   15 
 4/10/26  00:00   17.0   17.1   17.0    97   16.5    3.2    ENE   0.80  14.5     E   17.0   17.4   17.4  1021.6   0.00    0.0    0.014   0.000   22.9    67   16.4   23.4   12.29   1.1809     352     1    100.0   15 
 4/10/26   0:15   17.0   17.0   16.9    97   16.5    3.2    ENE   0.80  14.5   ENE   17.0   17.4   17.4  1021.3   0.40    2.4    0.014   0.000   22.7    67   16.3   23.2   12.29   1.1813     350     1    100.0   15 
 4/10/26   0:30   16.9   17.0   16.9    97   16.5    3.2     NO   0.80   9.7   NNO   16.9   17.4   17.4  1021.1   0.60    3.4    0.014   0.000   22.6    67   16.2   23.0   12.30   1.1818     349     1    100.0   15 
 4/10/26   0:45   16.9   16.9   16.8    97   16.4    1.6     NO   0.40   8.0    NO   16.9   17.3   17.3  1021.0   0.80    3.6    0.015   0.000   22.5    67   16.1   22.9   12.30   1.1822     351     1    100.0   15 
 4/10/26   1:00   16.8   16.8   16.8    97   16.4    1.6     NO   0.40   6.4    NO   16.8   17.3   17.3  1020.9   0.60    3.0    0.016   0.000   22.4    67   16.0   22.7   12.30   1.1826     351     1    100.0   15 
 4/10/26   1:15   16.8   16.8   16.8    97   16.4    0.0     NO   0.00   4.8    NO   16.8   17.3   17.3  1020.6   0.20    1.6    0.016   0.000   22.3    68   16.1   22.7   12.55   1.1823     351     1    100.0   15 
 4/10/26   1:30   16.8   16.8   16.7    97   16.3    1.6     NO   0.40  11.3     E   16.8   17.2   17.2  1020.4   0.40    1.6    0.016   0.000   22.2    68   16.0   22.5   12.55   1.1827     351     1    100.0   15 
 4/10/26   1:45   16.7   16.7   16.7    97   16.2    0.0    NNO   0.00   4.8    NO   16.7   17.1   17.1  1020.2   0.20    1.6    0.017   0.000   22.2    68   16.0   22.4   12.55   1.1827     351     1    100.0   15 
 4/10/26   2:00   16.7   16.7   16.7    97   16.2    0.0      O   0.00   9.7    NO   16.7   17.1   17.1  1020.0   0.00    0.0    0.017   0.000   22.1    68   15.9   22.4   12.55   1.1827     351     1    100.0   15 
 4/10/26   2:15   16.7   16.7   16.7    97   16.2    1.6     NO   0.40   8.0    NO   16.7   17.2   17.2  1019.6   0.20    0.0    0.017   0.000   22.1    68   15.9   22.3   12.55   1.1826     350     1    100.0   15 
 4/10/26   2:30   16.7   16.7   16.6    97   16.2    3.2     NO   0.80  12.9    NO   16.7   17.1   17.1  1019.7   0.00    0.0    0.017   0.000   22.0    68   15.8   22.2   12.55   1.1831     351     1    100.0   15 
 4/10/26   2:45   16.6   16.6   16.6    97   16.1    3.2      E   0.80  16.1     E   16.6   16.9   16.9  1019.9   0.00    0.0    0.019   0.000   21.9    68   15.8   22.2   12.55   1.1835     351     1    100.0   15 
 4/10/26   3:00   16.5   16.6   16.4    97   16.0    3.2      E   0.80  14.5     E   16.5   16.9   16.9  1019.9   0.00    0.0    0.019   0.000   21.9    68   15.7   22.1   12.55   1.1839     351     1    100.0   15 
 4/10/26   3:15   16.4   16.4   16.4    97   16.0    4.8    ENE   1.21  14.5     E   16.4   16.8   16.8  1020.1   0.00    0.0    0.020   0.000   21.8    68   15.7   22.0   12.55   1.1843     351     1    100.0   15 
 4/10/26   3:30   16.4   16.4   16.4    97   16.0    3.2    ENE   0.80  16.1   ENE   16.4   16.8   16.8  1019.9   0.00    0.0    0.020   0.000   21.8    68   15.6   21.9   12.55   1.1845     352     1    100.0   15 
 4/10/26   3:45   16.4   16.4   16.4    97   16.0    1.6    ENE   0.40  11.3     E   16.4   16.8   16.8  1020.1   0.00    0.0    0.020   0.000   21.7    68   15.6   21.8   12.55   1.1849     351     1    100.0   15 
 4/10/26   4:00   16.4   16.4   16.4    97   16.0    1.6      E   0.40  11.3   ESE   16.4   16.8   16.8  1020.2   0.00    0.0    0.020   0.000   21.7    68   15.5   21.8   12.55   1.1854     351     1    100.0   15 
 4/10/26   4:15   16.3   16.4   16.3    97   15.9    1.6     NE   0.40  11.3   ENE   16.3   16.7   16.7  1020.1   0.00    0.0    0.021   0.000   21.6    68   15.4   21.7   12.55   1.1855     351     1    100.0   15 
 4/10/26   4:30   16.3   16.3   16.3    97   15.9    1.6    ENE   0.40  12.9   ENE   16.3   16.7   16.7  1020.0   0.00    0.0    0.021   0.000   21.6    68   15.4   21.7   12.55   1.1854     351     1    100.0   15 
 4/10/26   4:45   16.3   16.3   16.3    97   15.8    1.6    ENE   0.40  12.9     E   16.3   16.6   16.6  1020.1   0.00    0.0    0.021   0.000   21.6    68   15.4   21.6   12.55   1.1858     351     1    100.0   15 
 4/10/26   5:00   16.3   16.3   16.3    97   15.8    1.6    ENE   0.40   9.7     E   16.3   16.6   16.6  1020.0   0.20    0.0    0.021   0.000   21.5    68   15.3   21.6   12.55   1.1860     351     1    100.0   15 
 4/10/26   5:15   16.1   16.3   15.9    96   15.5    0.0     NO   0.00   4.8   NNO   16.1   16.4   16.4  1020.1   0.00    0.0    0.023   0.000   21.5    68   15.3   21.6   12.55   1.1861     351     1    100.0   15 
 4/10/26   5:30   16.2   16.3   15.9    96   15.5    1.6     NO   0.40   6.4    NO   16.2   16.5   16.5  1020.1   0.00    0.0    0.023   0.000   21.4    68   15.3   21.5   12.55   1.1864     351     1    100.0   15 
 4/10/26   5:45   16.3   16.3   16.3    96   15.6    0.0     NO   0.00   6.4    NO   16.3   16.6   16.6  1020.2   0.00    0.0    0.021   0.000   21.4    68   15.2   21.4   12.55   1.1868     352     1    100.0   15 
 4/10/26   6:00   16.3   16.3   16.3    96   15.6    0.0     NO   0.00   4.8    NO   16.3   16.6   16.6  1020.3   0.00    0.0    0.021   0.000   21.4    68   15.2   21.4   12.55   1.1869     351     1    100.0   15 
 4/10/26   6:15   16.3   16.3   16.2    96   15.6    1.6     NO   0.40   6.4   NNO   16.3   16.6   16.6  1020.3   0.00    0.0    0.021   0.000   21.3    68   15.2   21.3   12.55   1.1873     351     1    100.0   15 
 4/10/26   6:30   16.3   16.3   16.2    96   15.6    0.0    NNO   0.00   4.8   ONO   16.3   16.6   16.6  1020.4   0.00    0.0    0.021   0.000   21.3    68   15.2   21.3   12.55   1.1873     351     1    100.0   15 
 4/10/26   6:45   16.3   16.4   16.3    96   15.7    0.0      O   0.00   3.2     O   16.3   16.7   16.7  1020.5   0.00    0.0    0.021   0.000   21.3    69   15.4   21.3   12.84   1.1875     352     1    100.0   15 
 4/10/26   7:00   16.4   16.4   16.4    96   15.8    0.0      O   0.00   3.2     O   16.4   16.8   16.8  1020.8   0.00    0.0    0.020   0.000   21.5    70   15.8   21.7   13.12   1.1863     351     1    100.0   15 
 4/10/26   7:15   16.5   16.6   16.4    97   16.0    0.0      O   0.00   1.6     O   16.5   16.9   16.9  1020.8   0.00    0.0    0.019   0.000   21.7    70   16.0   21.9   13.11   1.1852     351     1    100.0   15 
 4/10/26   7:30   16.6   16.7   16.6    96   16.0    0.0     NO   0.00   4.8    NO   16.6   17.0   17.0  1020.8   0.00    0.0    0.018   0.000   21.9    69   16.0   22.2   12.82   1.1843     351     1    100.0   15 
 4/10/26   7:45   16.4   16.6   16.3    96   15.7    0.0     NO   0.00   3.2    NO   16.4   16.7   16.7  1021.0   0.00    0.0    0.020   0.000   22.3    68   16.1   22.6   12.55   1.1831     352     1    100.0   15 
 4/10/26   8:00   16.4   16.6   16.3    97   16.0    0.0     NO   0.00   3.2    NO   16.4   16.8   16.8  1021.1   0.00    0.0    0.020   0.000   22.9    67   16.4   23.4   12.29   1.1802     351     1    100.0   15 
 4/10/26   8:15   16.7   16.9   16.6    96   16.1    0.0    ENE   0.00   4.8    SE   16.7   17.1   17.1  1021.1   0.00    0.0    0.017   0.000   23.6    66   16.8   24.3   12.06   1.1770     350     1    100.0   15 
 4/10/26   8:30   17.1   17.3   16.9    96   16.5    0.0    ENE   0.00   1.6   ENE   17.1   17.6   17.6  1021.2   0.00    0.0    0.013   0.000   24.1    65   17.1   24.8   11.84   1.1748     351     1    100.0   15 
 4/10/26   8:45   17.3   17.4   17.2    96   16.6    0.0     NE   0.00   3.2   ENE   17.3   17.8   17.8  1021.2   0.00    0.0    0.011   0.000   24.4    64   17.2   25.1   11.63   1.1732     351     1    100.0   15 
 4/10/26   9:00   17.8   18.1   17.5    96   17.1    0.0    ENE   0.00   3.2   ENE   17.8   18.3   18.3  1021.4   0.00    0.0    0.006   0.000   24.8    63   17.3   25.4   11.42   1.1720     350     1    100.0   15 
 4/10/26   9:15   18.3   18.7   18.1    95   17.5    0.0    ENE   0.00   3.2   ENE   18.3   19.0   19.0  1021.4   0.00    0.0    0.000   0.000   24.9    63   17.4   25.6   11.41   1.1711     351     1    100.0   15 
 4/10/26   9:30   18.9   19.3   18.7    92   17.6    0.0    ENE   0.00   4.8     E   18.9   19.7   19.7  1021.6   0.00    0.0    0.000   0.006   25.1    63   17.5   25.7   11.41   1.1707     327     1     95.6   15 
