                 Temp.  Temp.  Temp.  Hum.   Punt   Vel.   Dir.   Rec.  Vel.  Dir.  Sens.   Índ.   Índ.                  Int. Graus D.Graus D.  Temp.  Hum. Rosada  In.Cal.  EMC     Dens.    Mostr   Tx   Recep.  Int.
  Data    Hora    Ext.   Màx.   Mín.  Ext. Rosada   Vent   Vent   Vent  Màx.  Màx.  Tèrm.  Calor   THW    Bar    Pluja   Pluja  Calor    Fred    Int.  Int.   Int.   Int.    Int.  Int.Aire    Vent   Vent   ISS   Arc.
-------------------------------------------------------------------------------------------------------------------------------------------------------------------------------------------------------------------------
 7/10/26   0:15   17.7   17.7   17.6    97   17.2    0.0     NO   0.00   1.6    NO   17.7   18.2   18.2  1012.7   0.00    0.0    0.007   0.000   23.4    70   17.7   24.3   12.98   1.1664     349     1    100.0   15 
 7/10/26   0:30   17.6   17.7   17.5    97   17.1    0.0    ---   0.00   0.0   ---   17.6   18.2   18.2  1012.5   0.00    0.0    0.008   0.000   23.4    70   17.6   24.3   12.99   1.1664     351     1    100.0   15 
 7/10/26   0:45   17.4   17.5   17.4    97   17.0    0.0    ---   0.00   0.0   ---   17.4   17.9   17.9  1012.6   0.00    0.0    0.009   0.000   23.3    70   17.5   24.1   12.99   1.1672     351     1    100.0   15 
 7/10/26   1:00   17.3   17.4   17.2    96   16.6    0.0    ---   0.00   0.0   ---   17.3   17.8   17.8  1012.4   0.00    0.0    0.011   0.000   23.2    70   17.4   24.1   13.00   1.1673     351     1    100.0   15 
 7/10/26   1:15   17.1   17.2   17.0    97   16.6    0.0    ---   0.00   0.0   ---   17.1   17.5   17.5  1012.4   0.00    0.0    0.013   0.000   23.2    70   17.4   23.9   13.00   1.1675     350     1    100.0   15 
 7/10/26   1:30   17.0   17.1   16.9    97   16.5    0.0    ---   0.00   0.0   ---   17.0   17.4   17.4  1012.3   0.00    0.0    0.014   0.000   23.1    70   17.3   23.9   13.01   1.1677     351     1    100.0   15 
 7/10/26   1:45   16.9   17.1   16.8    97   16.5    0.0    ---   0.00   0.0   ---   16.9   17.4   17.4  1012.1   0.00    0.0    0.014   0.000   23.0    70   17.2   23.7   13.01   1.1681     349     1    100.0   15 
 7/10/26   2:00   16.8   16.9   16.8    97   16.4    0.0    ---   0.00   0.0   ---   16.8   17.3   17.3  1011.8   0.00    0.0    0.016   0.000   22.9    70   17.2   23.7   13.02   1.1680     351     2    100.0   15 
 7/10/26   2:15   16.9   16.9   16.8    97   16.4    0.0    ---   0.00   0.0   ---   16.9   17.3   17.3  1011.6   0.00    0.0    0.015   0.000   22.9    70   17.1   23.6   13.02   1.1681     351     1    100.0   15 
 7/10/26   2:30   16.7   16.8   16.6    97   16.2    0.0    ---   0.00   0.0   ---   16.7   17.1   17.1  1011.5   0.00    0.0    0.017   0.000   22.8    70   17.1   23.5   13.03   1.1683     351     1    100.0   15 
 7/10/26   2:45   16.6   16.6   16.6    97   16.1    0.0    ---   0.00   0.0   ---   16.6   16.9   16.9  1011.2   0.00    0.0    0.019   0.000   22.7    70   17.0   23.3   13.03   1.1685     351     1    100.0   15 
 7/10/26   3:00   16.6   16.7   16.5    97   16.1    0.0     NO   0.00   1.6    NO   16.6   17.0   17.0  1011.2   0.00    0.0    0.018   0.000   22.7    70   16.9   23.2   13.04   1.1688     351     1    100.0   15 
 7/10/26   3:15   16.6   16.7   16.5    97   16.1    0.0     NO   0.00   1.6    NO   16.6   17.0   17.0  1011.0   0.00    0.0    0.018   0.000   22.6    70   16.9   23.2   13.04   1.1689     350     1    100.0   15 
 7/10/26   3:30   16.4   16.5   16.3    97   15.9    0.0    ---   0.00   0.0   ---   16.4   16.8   16.8  1010.9   0.00    0.0    0.020   0.000   22.6    70   16.9   23.2   13.04   1.1687     350     1    100.0   15 
 7/10/26   3:45   16.3   16.3   16.2    97   15.8    0.0    ---   0.00   0.0   ---   16.3   16.6   16.6  1010.8   0.00    0.0    0.021   0.000   22.6    70   16.8   23.1   13.05   1.1689     350     1    100.0   15 
 7/10/26   4:00   16.2   16.3   16.1    97   15.7    0.0    ---   0.00   0.0   ---   16.2   16.5   16.5  1010.7   0.00    0.0    0.023   0.000   22.5    70   16.8   23.0   13.05   1.1691     351     1    100.0   15 
 7/10/26   4:15   16.1   16.2   16.1    97   15.6    0.0    ---   0.00   0.0   ---   16.1   16.4   16.4  1010.8   0.20    0.0    0.023   0.000   22.4    70   16.7   22.9   13.05   1.1695     351     1    100.0   15 
 7/10/26   4:30   16.2   16.2   16.2    97   15.7    0.0    ---   0.00   0.0   ---   16.2   16.6   16.6  1010.6   0.00    0.0    0.022   0.000   22.4    70   16.6   22.8   13.06   1.1696     351     1    100.0   15 
 7/10/26   4:45   16.3   16.4   16.2    97   15.8    0.0     NO   0.00   3.2    NO   16.3   16.6   16.6  1010.2   0.00    0.0    0.021   0.000   22.3    70   16.6   22.8   13.06   1.1694     350     1    100.0   15 
 7/10/26   5:00   16.4   16.5   16.4    97   16.0    0.0     NO   0.00   3.2    NO   16.4   16.8   16.8  1010.6   0.00    0.0    0.020   0.000   22.3    70   16.5   22.7   13.07   1.1702     351     1    100.0   15 
 7/10/26   5:15   16.3   16.5   16.2    97   15.9    0.0     NO   0.00   1.6    NO   16.3   16.7   16.7  1011.0   0.00    0.0    0.021   0.000   22.3    70   16.5   22.7   13.07   1.1706     351     1    100.0   15 
 7/10/26   5:30   16.1   16.2   15.9    97   15.6    0.0    ---   0.00   0.0   ---   16.1   16.4   16.4  1011.0   0.00    0.0    0.024   0.000   22.5    70   16.8   23.0   13.05   1.1695     352     1    100.0   15 
 7/10/26   5:45   16.1   16.2   16.1    97   15.6    0.0     NO   0.00   3.2    NO   16.1   16.4   16.4  1010.7   0.00    0.0    0.023   0.000   23.0    69   17.0   23.7   12.78   1.1668     351     1    100.0   15 
 7/10/26   6:00   16.2   16.2   16.2    97   15.7    0.0     NO   0.00   3.2    NO   16.2   16.5   16.5  1010.6   0.00    0.0    0.023   0.000   23.4    68   17.2   24.3   12.55   1.1647     351     1    100.0   15 
 7/10/26   6:15   16.2   16.2   15.9    97   15.7    1.6     NO   0.40   6.4    NO   16.2   16.5   16.5  1010.6   0.00    0.0    0.023   0.000   23.8    67   17.3   24.6   12.25   1.1632     351     1    100.0   15 
 7/10/26   6:30   15.9   16.0   15.8    97   15.4    0.0    ---   0.00   0.0   ---   15.9   16.2   16.2  1010.6   0.00    0.0    0.025   0.000   24.0    67   17.5   24.8   12.25   1.1620     352     1    100.0   15 
 7/10/26   6:45   16.1   16.2   16.0    97   15.6    0.0    ---   0.00   0.0   ---   16.1   16.4   16.4  1010.6   0.00    0.0    0.023   0.000   24.3    67   17.8   25.1   12.23   1.1603     351     1    100.0   15 
 7/10/26   7:00   16.2   16.2   16.2    97   15.7    0.0    ---   0.00   0.0   ---   16.2   16.5   16.5  1010.8   0.00    0.0    0.023   0.000   24.5    67   18.0   25.3   12.23   1.1596     351     1    100.0   15 
 7/10/26   7:15   16.3   16.3   16.2    98   16.0    0.0    ---   0.00   0.0   ---   16.3   16.7   16.7  1010.9   0.00    0.0    0.021   0.000   24.6    67   18.1   25.4   12.22   1.1591     347     1    100.0   15 
 7/10/26   7:30   16.4   16.5   16.3    97   15.9    0.0    ---   0.00   0.0   ---   16.4   16.8   16.8  1011.0   0.00    0.0    0.020   0.000   24.7    68   18.4   25.6   12.49   1.1586     349     1    100.0   15 
 7/10/26   7:45   16.7   16.8   16.5    98   16.3    0.0    ---   0.00   0.0   ---   16.7   17.1   17.1  1011.0   0.00    0.0    0.017   0.000   24.7    68   18.4   25.6   12.49   1.1585     350     1    100.0   15 
 7/10/26   8:00   16.8   16.9   16.7    98   16.5    1.6     NO   0.40   4.8    NO   16.8   17.2   17.2  1011.0   0.00    0.0    0.016   0.000   24.7    68   18.4   25.6   12.49   1.1585     351     1    100.0   15 
 7/10/26   8:15   16.7   16.7   16.7    97   16.2    0.0     NO   0.00   3.2    NO   16.7   17.1   17.1  1011.1   0.00    0.0    0.017   0.000   24.7    67   18.1   25.5   12.22   1.1590     351     1    100.0   15 
 7/10/26   8:30   16.6   16.7   16.6    97   16.1    0.0     NO   0.00   4.8   ESE   16.6   17.0   17.0  1011.2   0.00    0.0    0.018   0.000   24.6    67   18.0   25.4   12.23   1.1598     349     1    100.0   15 
 7/10/26   8:45   16.6   16.8   16.6    98   16.3    0.0    ESE   0.00   1.6   ESE   16.6   17.0   17.0  1011.3   0.00    0.0    0.018   0.000   24.5    67   18.0   25.3   12.23   1.1601     351     1    100.0   15 
 7/10/26   9:00   17.1   17.4   16.8    98   16.8    0.0    OSO   0.00   3.2   OSO   17.1   17.6   17.6  1011.4   0.00    0.0    0.013   0.000   24.6    67   18.1   25.4   12.22   1.1597     350     1    100.0   15 
 7/10/26   9:15   17.8   17.9   17.4    98   17.5    0.0    ---   0.00   0.0   ---   17.8   18.4   18.4  1011.4   0.00    0.0    0.006   0.000   24.9    66   18.2   25.7   12.01   1.1582     350     1    100.0   15 
 7/10/26   9:30   18.5   19.1   18.0    98   18.2    0.0    OSO   0.00   1.6   OSO   18.5   19.2   19.2  1011.5   0.00    0.0    0.000   0.002   25.2    66   18.4   26.1   12.00   1.1569     351     1    100.0   15 
 7/10/26   9:45   18.9   19.2   18.7    98   18.6    0.0      E   0.00   4.8     E   18.9   19.7   19.7  1011.5   0.00    0.0    0.000   0.006   25.4    65   18.4   26.2   11.79   1.1561     351     1    100.0   15 
 7/10/26  10:00   19.0   19.3   18.8    98   18.7    0.0      E   0.00   3.2     E   19.0   19.8   19.8  1011.4   0.00    0.0    0.000   0.007   25.6    64   18.3   26.3   11.59   1.1555     352     1    100.0   15 
 7/10/26  10:15   19.7   19.9   19.3    97   19.2    0.0      E   0.00   3.2     E   19.7   20.7   20.7  1011.4   0.00    0.0    0.000   0.014   25.7    64   18.4   26.5   11.58   1.1549     351     1    100.0   15 
 7/10/26  10:30   20.1   20.6   19.9    96   19.5    0.0    ENE   0.00   4.8    NO   20.1   21.2   21.2  1011.3   0.00    0.0    0.000   0.019   25.9    64   18.6   26.7   11.58   1.1538     351     1    100.0   15 
 7/10/26  10:45   21.0   21.6   20.6    81   17.6    0.0    NNO   0.00  16.1   SSO   21.0   21.7   21.7  1011.3   0.00    0.0    0.000   0.028   26.0    64   18.7   26.8   11.57   1.1533     351     1    100.0   15 
 7/10/26  11:00   22.3   22.7   21.7    72   17.0    0.0    SSO   0.00   6.4    NO   22.3   22.8   22.8  1011.2   0.00    0.0    0.000   0.041   26.2    63   18.6   27.0   11.37   1.1527     351     1    100.0   15 
 7/10/26  11:15   22.8   23.1   22.7    69   16.8    0.0    OSO   0.00   8.0    SO   22.8   23.4   23.4  1011.1   0.00    0.0    0.000   0.047   26.3    63   18.7   27.1   11.36   1.1519     351     1    100.0   15 
 7/10/26  11:30   23.3   23.8   23.1    65   16.4    0.0    NNO   0.00   6.4   ONO   23.3   24.0   24.0  1010.9   0.00    0.0    0.000   0.052   26.3    63   18.7   27.2   11.36   1.1514     351     1    100.0   15 
 7/10/26  11:45   24.2   24.4   23.8    62   16.4    0.0     NO   0.00   8.0   NNO   24.2   24.7   24.7  1010.7   0.00    0.0    0.000   0.061   26.3    63   18.7   27.2   11.36   1.1512     351     1    100.0   15 
 7/10/26  12:00   24.2   24.3   24.1    61   16.2    1.6     NO   0.40  14.5   NNO   24.2   24.7   24.7  1010.3   0.00    0.0    0.000   0.061   26.3    62   18.5   27.1   11.16   1.1512     352     1    100.0   15 
 7/10/26  12:15   24.1   24.2   24.0    62   16.4    1.6    ONO   0.40  11.3    NO   24.1   24.7   24.7  1010.2   0.00    0.0    0.000   0.060   26.4    62   18.5   27.2   11.16   1.1507     349     1    100.0   15 
 7/10/26  12:30   24.4   24.5   24.2    61   16.4    0.0    NNO   0.00   8.0    NO   24.4   24.8   24.8  1010.0   0.00    0.0    0.000   0.063   26.4    62   18.5   27.2   11.16   1.1505     351     1    100.0   15 
 7/10/26  12:45   24.7   25.0   24.4    61   16.6    0.0    NNO   0.00  11.3   NNO   24.7   25.1   25.1  1010.2   0.00    0.0    0.000   0.066   26.4    62   18.6   27.3   11.16   1.1504     350     1    100.0   15 
 7/10/26  13:00   25.2   25.3   25.0    59   16.6    0.0    OSO   0.00   9.7   OSO   25.2   25.6   25.6  1010.0   0.00    0.0    0.000   0.071   26.5    62   18.6   27.3   11.16   1.1499     349     1    100.0   15 
 7/10/26  13:15   25.3   25.3   25.2    58   16.4    0.0    OSO   0.00   8.0   OSO   25.3   25.7   25.7  1009.9   0.00    0.0    0.000   0.072   26.5    61   18.4   27.3   10.96   1.1502     352     1    100.0   15 
 7/10/26  13:30   24.6   25.3   24.2    61   16.6    0.0    NNO   0.00   9.7    SO   24.6   25.1   25.1  1009.8   0.00    0.0    0.000   0.065   26.4    61   18.3   27.2   10.96   1.1504     350     1    100.0   15 
 7/10/26  13:45   24.1   24.2   24.0    63   16.6    0.0    ---   0.00   0.0   ---   24.1   24.7   24.7  1009.7   0.00    0.0    0.000   0.060   26.3    61   18.2   27.0   10.96   1.1512     350     1    100.0   15 
 7/10/26  14:00   23.9   24.1   23.8    66   17.2    0.0     NO   0.00   3.2    NO   23.9   24.7   24.7  1009.5   0.00    0.0    0.000   0.058   26.2    62   18.4   27.0   11.17   1.1508     349     1    100.0   15 
 7/10/26  14:15   23.2   23.8   22.1    74   18.3    0.0    NNO   0.00   1.6    NO   23.2   24.1   24.1  1009.5   0.80   16.8    0.000   0.050   26.2    62   18.3   26.9   11.17   1.1511     351     1    100.0   15 
 7/10/26  14:30   21.3   22.1   20.9    79   17.5    0.0    ONO   0.00   1.6    NO   21.3   21.9   21.9  1009.3   0.60    8.8    0.000   0.031   26.1    62   18.3   26.8   11.17   1.1512     351     1    100.0   15 
 7/10/26  14:45   21.1   21.8   20.8    84   18.3    0.0    ---   0.00   0.0   ---   21.1   21.9   21.9  1009.1   0.00    0.0    0.000   0.029   26.1    62   18.2   26.8   11.17   1.1512     351     1    100.0   15 
 7/10/26  15:00   22.2   22.4   21.9    74   17.4    0.0      O   0.00   1.6     O   22.2   22.7   22.7  1009.1   0.00    0.0    0.000   0.041   26.1    62   18.3   26.8   11.17   1.1509     351     1    100.0   15 
 7/10/26  15:15   22.3   22.8   22.1    71   16.8    0.0    NNO   0.00   4.8   NNO   22.3   22.8   22.8  1009.1   0.00    0.0    0.000   0.042   26.1    62   18.2   26.8   11.17   1.1513     351     1    100.0   15 
 7/10/26  15:30   23.3   24.1   22.8    63   15.8    0.0      O   0.00   8.0   NNO   23.3   23.8   23.8  1008.9   0.00    0.0    0.000   0.052   26.1    62   18.2   26.8   11.17   1.1510     351     1    100.0   15 
 7/10/26  15:45   24.4   24.6   24.1    59   15.9    0.0    OSO   0.00   6.4   NNO   24.4   24.8   24.8  1008.9   0.00    0.0    0.000   0.064   26.0    62   18.2   26.7   11.17   1.1512     351     1    100.0   15 
 7/10/26  16:00   24.6   24.6   24.5    59   16.0    1.6     NO   0.40  11.3    NO   24.6   24.9   24.9  1009.0   0.00    0.0    0.000   0.065   26.0    62   18.2   26.7   11.17   1.1514     352     1    100.0   15 
 7/10/26  16:15   24.3   24.6   24.1    57   15.3    1.6     NO   0.40  11.3   OSO   24.3   24.6   24.6  1009.0   0.00    0.0    0.000   0.063   26.0    62   18.2   26.7   11.17   1.1514     349     1    100.0   15 
 7/10/26  16:30   23.9   24.1   23.7    57   14.9    1.6    NNO   0.40  14.5   NNO   23.9   24.3   24.3  1009.3   0.00    0.0    0.000   0.058   25.9    62   18.1   26.7   11.18   1.1520     352     1    100.0   15 
 7/10/26  16:45   23.5   23.7   23.3    56   14.2    1.6     NO   0.40  11.3   NNO   23.5   23.7   23.7  1009.6   0.00    0.0    0.000   0.054   25.9    61   17.8   26.6   10.98   1.1528     351     1    100.0   15 
 7/10/26  17:00   23.0   23.3   22.8    59   14.6    0.0    OSO   0.00  12.9     N   23.0   23.2   23.2  1010.0   0.00    0.0    0.000   0.049   25.9    62   18.0   26.6   11.18   1.1531     350     1    100.0   15 
 7/10/26  17:15   22.7   22.8   22.3    60   14.5    0.0     NO   0.00   6.4     O   22.7   22.8   22.8  1010.1   0.00    0.0    0.000   0.045   25.8    63   18.2   26.5   11.38   1.1535     351     1    100.0   15 
 7/10/26  17:30   21.9   22.3   21.7    62   14.3    0.0    OSO   0.00   8.0   SSO   21.9   21.9   21.9  1010.3   0.00    0.0    0.000   0.038   25.7    63   18.1   26.4   11.39   1.1543     351     1    100.0   15 
 7/10/26  17:45   21.4   21.7   21.1    65   14.5    0.0    ---   0.00   0.0   ---   21.4   21.3   21.3  1010.6   0.00    0.0    0.000   0.032   25.6    63   18.0   26.2   11.39   1.1552     351     1    100.0   15 
 7/10/26  18:00   20.8   21.1   20.5    67   14.4    0.0     NO   0.00   6.4   OSO   20.8   20.8   20.8  1010.8   0.00    0.0    0.000   0.025   25.4    64   18.1   26.2   11.59   1.1556     350     1    100.0   15 
 7/10/26  18:15   20.3   20.5   20.3    67   14.0    0.0    NNO   0.00   6.4     O   20.3   20.4   20.4  1011.0   0.00    0.0    0.000   0.021   25.3    64   18.0   26.1   11.60   1.1564     351     1    100.0   15 
 7/10/26  18:30   20.3   20.3   20.2    68   14.2    0.0    NNO   0.00   3.2     N   20.3   20.4   20.4  1011.1   0.00    0.0    0.000   0.020   25.3    64   18.0   26.0   11.60   1.1569     352     1    100.0   15 
 7/10/26  18:45   20.0   20.2   19.8    69   14.1    0.0    OSO   0.00   1.6   OSO   20.0   20.3   20.3  1011.2   0.00    0.0    0.000   0.017   25.3    64   18.0   26.0   11.60   1.1570     350     1    100.0   15 
 7/10/26  19:00   19.5   19.8   19.3    72   14.3    0.0     NO   0.00   1.6    NO   19.5   19.8   19.8  1011.4   0.00    0.0    0.000   0.012   25.3    64   18.0   26.0   11.60   1.1572     350     1    100.0   15 
 7/10/26  19:15   19.1   19.3   19.0    72   13.9    0.0     NO   0.00   1.6    NO   19.1   19.3   19.3  1011.5   0.00    0.0    0.000   0.008   25.3    64   18.0   26.0   11.60   1.1574     350     1    100.0   15 
 7/10/26  19:30   19.1   19.1   19.0    71   13.7    0.0    ONO   0.00   4.8   OSO   19.1   19.2   19.2  1011.8   0.00    0.0    0.000   0.008   25.3    64   18.0   26.0   11.60   1.1577     349     1    100.0   15 
 7/10/26  19:45   18.9   19.1   18.8    72   13.7    0.0     NO   0.00   3.2     N   18.9   19.1   19.1  1011.8   0.00    0.0    0.000   0.006   25.2    65   18.1   25.9   11.80   1.1579     352     1    100.0   15 
 7/10/26  20:00   18.7   18.8   18.7    72   13.6    0.0     NO   0.00   4.8    NO   18.7   18.9   18.9  1011.9   0.00    0.0    0.000   0.004   25.1    65   18.0   25.8   11.81   1.1587     351     1    100.0   15 
 7/10/26  20:15   18.6   18.7   18.6    72   13.5    0.0    ---   0.00   0.0   ---   18.6   18.7   18.7  1011.9   0.00    0.0    0.000   0.003   24.9    65   17.9   25.7   11.81   1.1592     351     1    100.0   15 
 7/10/26  20:30   18.4   18.6   18.3    73   13.5    0.0    NNO   0.00   1.6   NNO   18.4   18.6   18.6  1012.0   0.00    0.0    0.000   0.001   24.8    65   17.8   25.6   11.82   1.1600     351     1    100.0   15 
 7/10/26  20:45   18.1   18.3   18.0    74   13.4    0.0     NO   0.00   1.6    NO   18.1   18.2   18.2  1012.1   0.00    0.0    0.002   0.000   24.7    66   17.9   25.5   12.02   1.1603     351     1    100.0   15 
 7/10/26  21:00   17.9   18.0   17.8    75   13.4    0.0     NO   0.00   1.6   NNO   17.9   17.9   17.9  1012.2   0.00    0.0    0.005   0.000   24.6    66   17.8   25.4   12.02   1.1609     350     1    100.0   15 
 7/10/26  21:15   17.7   17.8   17.6    75   13.2    0.0    ONO   0.00   3.2   ONO   17.7   17.7   17.7  1012.3   0.00    0.0    0.007   0.000   24.5    66   17.7   25.2   12.03   1.1617     351     1    100.0   15 
 7/10/26  21:30   17.8   17.8   17.7    74   13.1    0.0    OSO   0.00   1.6    NO   17.8   17.8   17.8  1012.3   0.00    0.0    0.006   0.000   24.4    66   17.6   25.1   12.03   1.1623     351     1    100.0   15 
 7/10/26  21:45   17.8   17.8   17.7    74   13.1    0.0    ---   0.00   0.0   ---   17.8   17.8   17.8  1012.2   0.00    0.0    0.006   0.000   24.3    66   17.5   25.0   12.04   1.1628     352     1    100.0   15 
 7/10/26  22:00   17.7   17.7   17.7    74   13.0    0.0    ONO   0.00   3.2   ONO   17.7   17.7   17.7  1012.2   0.00    0.0    0.006   0.000   24.2    66   17.5   24.9   12.04   1.1630     351     1    100.0   15 
 7/10/26  22:15   17.7   17.7   17.7    74   13.0    0.0    ---   0.00   0.0   ---   17.7   17.7   17.7  1012.3   0.00    0.0    0.006   0.000   24.2    67   17.7   24.9   12.24   1.1631     349     1    100.0   15 
 7/10/26  22:30   17.7   17.7   17.7    74   13.0    0.0     NO   0.00   1.6    NO   17.7   17.7   17.7  1012.5   0.00    0.0    0.007   0.000   24.1    67   17.5   24.9   12.24   1.1640     351     1    100.0   15 
 7/10/26  22:45   17.7   17.8   17.7    74   13.0    0.0    OSO   0.00   1.6   OSO   17.7   17.7   17.7  1012.6   0.00    0.0    0.006   0.000   23.9    67   17.4   24.8   12.25   1.1647     351     1    100.0   15 
 7/10/26  23:00   17.6   17.8   17.4    76   13.3    0.0    ---   0.00   0.0   ---   17.6   17.7   17.7  1012.8   0.00    0.0    0.008   0.000   23.9    67   17.4   24.7   12.25   1.1652     351     1    100.0   15 
 7/10/26  23:15   17.3   17.4   17.2    77   13.2    0.0    ---   0.00   0.0   ---   17.3   17.3   17.3  1013.0   0.00    0.0    0.011   0.000   23.8    67   17.3   24.6   12.25   1.1657     350     1    100.0   15 
 7/10/26  23:30   17.5   17.6   17.3    77   13.4    0.0      O   0.00   1.6   NNO   17.5   17.6   17.6  1013.2   0.00    0.0    0.009   0.000   23.8    67   17.3   24.6   12.25   1.1662     350     1    100.0   15 
 7/10/26  23:45   17.2   17.4   17.0    79   13.5    0.0    NNO   0.00   3.2   NNO   17.2   17.3   17.3  1012.9   0.00    0.0    0.012   0.000   23.7    67   17.2   24.4   12.26   1.1664     350     1    100.0   15 
 8/10/26  00:00   17.2   17.5   17.0    78   13.4    0.0     SO   0.00  14.5    SO   17.2   17.3   17.3  1013.0   0.00    0.0    0.012   0.000   23.6    67   17.1   24.4   12.26   1.1669     352     1    100.0   15 
 8/10/26   0:15   17.6   17.6   17.4    78   13.7    6.4     NO   1.61  16.1   OSO   17.6   17.7   17.7  1012.8   0.00    0.0    0.008   0.000   23.6    67   17.1   24.3   12.26   1.1670     348     1    100.0   15 
 8/10/26   0:30   17.3   17.4   17.2    79   13.7    3.2     NO   0.80  16.1   OSO   17.3   17.5   17.5  1013.2   0.00    0.0    0.010   0.000   23.5    67   17.0   24.3   12.26   1.1677     350     1    100.0   15 
 8/10/26   0:45   17.1   17.3   17.0    80   13.6    1.6     NO   0.40  12.9    SO   17.1   17.3   17.3  1013.0   0.00    0.0    0.013   0.000   23.4    67   17.0   24.2   12.27   1.1677     349     1    100.0   15 
 8/10/26   1:00   16.9   17.0   16.8    81   13.6    0.0    ONO   0.00   6.4    NO   16.9   17.1   17.1  1013.0   0.00    0.0    0.015   0.000   23.3    67   16.9   24.1   12.27   1.1684     350     1    100.0   15 
 8/10/26   1:15   16.6   16.8   16.4    82   13.5    0.0     NO   0.00   1.6   OSO   16.6   16.7   16.7  1012.7   0.00    0.0    0.019   0.000   23.3    67   16.8   24.0   12.27   1.1683     351     1    100.0   15 
 8/10/26   1:30   16.3   16.4   16.2    84   13.6    0.0    OSO   0.00   6.4   OSO   16.3   16.4   16.4  1012.8   0.00    0.0    0.021   0.000   23.2    68   17.0   23.9   12.55   1.1683     352     1    100.0   15 
 8/10/26   1:45   16.3   16.4   16.2    84   13.6    1.6    ONO   0.40  12.9    SO   16.3   16.4   16.4  1012.8   0.00    0.0    0.021   0.000   23.1    68   16.9   23.8   12.55   1.1689     351     1    100.0   15 
 8/10/26   2:00   16.4   16.4   16.3    84   13.7    1.6     NO   0.40  11.3    NO   16.4   16.5   16.5  1012.6   0.00    0.0    0.020   0.000   23.1    68   16.8   23.7   12.55   1.1690     351     1    100.0   15 
 8/10/26   2:15   16.3   16.4   16.3    84   13.6    0.0     SO   0.00   6.4    SO   16.3   16.4   16.4  1012.8   0.00    0.0    0.021   0.000   22.9    68   16.7   23.6   12.55   1.1699     350     1    100.0   15 
 8/10/26   2:30   16.5   16.6   16.4    84   13.8    1.6     NO   0.40   8.0   NNO   16.5   16.6   16.6  1012.5   0.00    0.0    0.019   0.000   22.9    68   16.7   23.4   12.55   1.1698     352     1    100.0   15 
 8/10/26   2:45   16.6   16.6   16.6    84   13.8    1.6     NO   0.40  12.9    NO   16.6   16.7   16.7  1012.4   0.00    0.0    0.019   0.000   22.9    68   16.7   23.4   12.55   1.1696     351     1    100.0   15 
 8/10/26   3:00   16.5   16.6   16.5    84   13.8    0.0    ONO   0.00   1.6   ONO   16.5   16.6   16.6  1012.5   0.00    0.0    0.019   0.000   22.8    68   16.6   23.3   12.55   1.1704     350     1    100.0   15 
 8/10/26   3:15   16.5   16.6   16.5    85   14.0    0.0    NNO   0.00   1.6   NNO   16.5   16.7   16.7  1012.4   0.00    0.0    0.019   0.000   22.8    68   16.6   23.3   12.55   1.1702     349     1    100.0   15 
 8/10/26   3:30   16.5   16.6   16.5    84   13.8    0.0     NO   0.00   3.2    NO   16.5   16.6   16.6  1012.5   0.00    0.0    0.019   0.000   22.7    68   16.5   23.2   12.55   1.1706     350     1    100.0   15 
 8/10/26   3:45   16.6   16.6   16.5    84   13.8    0.0    OSO   0.00   3.2   ONO   16.6   16.7   16.7  1012.5   0.00    0.0    0.019   0.000   22.7    68   16.5   23.2   12.55   1.1710     352     1    100.0   15 
 8/10/26   4:00   16.4   16.6   16.3    84   13.7    0.0     NO   0.00   1.6   OSO   16.4   16.6   16.6  1012.4   0.00    0.0    0.020   0.000   22.6    68   16.4   23.1   12.55   1.1711     350     1    100.0   15 
 8/10/26   4:15   16.3   16.3   16.2    85   13.8    0.0    NNO   0.00   4.8   NNO   16.3   16.4   16.4  1012.5   0.00    0.0    0.021   0.000   22.6    68   16.4   23.0   12.55   1.1716     349     1    100.0   15 
 8/10/26   4:30   16.2   16.2   16.2    85   13.6    0.0     NO   0.00  14.5   ONO   16.2   16.3   16.3  1012.6   0.00    0.0    0.023   0.000   22.5    68   16.3   22.9   12.55   1.1719     350     1    100.0   15 
 8/10/26   4:45   16.2   16.3   16.2    84   13.5    0.0     NO   0.00  12.9   NNO   16.2   16.3   16.3  1012.8   0.00    0.0    0.022   0.000   22.4    68   16.2   22.8   12.55   1.1725     352     1    100.0   15 
 8/10/26   5:00   16.3   16.3   16.2    84   13.6    0.0    OSO   0.00   4.8   OSO   16.3   16.4   16.4  1012.9   0.00    0.0    0.021   0.000   22.4    68   16.2   22.8   12.55   1.1729     350     1    100.0   15 
 8/10/26   5:15   16.2   16.2   16.1    84   13.5    1.6    OSO   0.40  12.9     O   16.2   16.3   16.3  1013.1   0.00    0.0    0.023   0.000   22.4    68   16.2   22.8   12.55   1.1731     350     1    100.0   15 
 8/10/26   5:30   16.1   16.2   16.1    84   13.4    1.6     NO   0.40  14.5   ONO   16.1   16.2   16.2  1013.1   0.00    0.0    0.023   0.000   22.6    67   16.1   22.9   12.30   1.1726     350     1    100.0   15 
 8/10/26   5:45   16.1   16.1   16.0    85   13.5    0.0     NO   0.00  12.9   OSO   16.1   16.2   16.2  1013.4   0.00    0.0    0.024   0.000   23.1    67   16.6   23.7   12.28   1.1703     352     1    100.0   15 
 8/10/26   6:00   16.0   16.0   15.9    84   13.3    1.6     NO   0.40  12.9     O   16.0   16.1   16.1  1013.3   0.00    0.0    0.024   0.000   23.5    66   16.8   24.2   12.06   1.1682     351     1    100.0   15 
 8/10/26   6:15   15.9   16.0   15.9    84   13.2    0.0    ONO   0.00   6.4    NO   15.9   16.0   16.0  1013.5   0.00    0.0    0.025   0.000   23.8    65   16.9   24.6   11.85   1.1670     350     1    100.0   15 
 8/10/26   6:30   16.0   16.1   15.9    84   13.3    0.0    NNO   0.00   4.8   OSO   16.0   16.1   16.1  1013.8   0.00    0.0    0.024   0.000   24.0    65   17.0   24.7   11.85   1.1664     351     1    100.0   15 
 8/10/26   6:45   16.3   16.4   16.1    83   13.4    0.0    NNO   0.00   9.7    NO   16.3   16.4   16.4  1014.0   0.00    0.0    0.021   0.000   24.2    66   17.4   24.9   12.04   1.1654     351     1    100.0   15 
 8/10/26   7:00   16.4   16.4   16.3    81   13.1    1.6     NO   0.40  14.5    NO   16.4   16.4   16.4  1014.2   0.00    0.0    0.020   0.000   24.3    66   17.6   25.1   12.03   1.1648     351     1    100.0   15 
 8/10/26   7:15   16.1   16.3   16.0    81   12.8    3.2     NO   0.80  12.9    SO   16.1   16.1   16.1  1014.5   0.00    0.0    0.023   0.000   24.4    66   17.7   25.2   12.03   1.1646     351     1    100.0   15 
 8/10/26   7:30   16.1   16.2   16.0    80   12.7    3.2     NO   0.80  14.5   NNO   16.1   16.1   16.1  1014.6   0.00    0.0    0.023   0.000   24.6    66   17.8   25.3   12.03   1.1641     351     1    100.0   15 
 8/10/26   7:45   16.4   16.8   16.2    78   12.6    3.2     NO   0.80  11.3    NO   16.4   16.4   16.4  1014.7   0.00    0.0    0.020   0.000   24.6    66   17.8   25.3   12.03   1.1642     351     1    100.0   15 
 8/10/26   8:00   16.6   16.8   16.6    77   12.6    3.2     NO   0.80  12.9   OSO   16.6   16.6   16.6  1014.9   0.00    0.0    0.018   0.000   24.6    66   17.8   25.3   12.03   1.1644     352     1    100.0   15 
 8/10/26   8:15   16.8   17.1   16.6    75   12.4    3.2     NO   0.80  16.1    NO   16.8   16.7   16.7  1015.1   0.00    0.0    0.016   0.000   24.6    65   17.6   25.3   11.82   1.1648     350     1    100.0   15 
 8/10/26   8:30   17.3   17.6   17.1    73   12.4    1.6      O   0.40  14.5     O   17.3   17.3   17.3  1015.3   0.00    0.0    0.010   0.000   24.8    65   17.8   25.5   11.82   1.1641     350     1    100.0   15 
 8/10/26   8:45   17.7   17.8   17.6    70   12.2    0.0     SO   0.00   8.0   ONO   17.7   17.6   17.6  1015.3   0.00    0.0    0.006   0.000   24.9    64   17.6   25.6   11.61   1.1639     351     1    100.0   15 
 8/10/26   9:00   18.2   18.4   17.9    69   12.4    1.6    ONO   0.40  11.3   ONO   18.2   18.2   18.2  1015.4   0.00    0.0    0.001   0.000   25.0    64   17.7   25.7   11.61   1.1634     351     1    100.0   15 
 8/10/26   9:15   18.7   18.7   18.4    67   12.4    0.0     NO   0.00  11.3   OSO   18.7   18.6   18.6  1015.5   0.00    0.0    0.000   0.003   25.2    64   17.9   25.8   11.60   1.1627     349     1    100.0   15 
 8/10/26   9:30   18.8   18.8   18.7    67   12.5    0.0     NO   0.00   6.4    NO   18.8   18.7   18.7  1015.6   0.00    0.0    0.000   0.005   25.3    63   17.7   25.9   11.40   1.1625     350     1    100.0   15 
 8/10/26   9:45   18.8   19.1   18.7    67   12.6    0.0    NNO   0.00   9.7   NNO   18.8   18.8   18.8  1015.6   0.00    0.0    0.000   0.005   25.3    63   17.8   26.0   11.40   1.1622     351     1    100.0   15 
 8/10/26  10:00   19.4   19.8   19.1    63   12.2    0.0     NO   0.00   6.4    SO   19.4   19.3   19.3  1015.6   0.00    0.0    0.000   0.012   25.4    63   17.8   26.1   11.40   1.1619     351     1    100.0   15 
 8/10/26  10:15   19.7   19.8   19.6    64   12.7    0.0    OSO   0.00   8.0   ONO   19.7   19.7   19.7  1015.6   0.00    0.0    0.000   0.014   25.4    63   17.8   26.1   11.40   1.1620     352     1    100.0   15 
 8/10/26  10:30   19.4   19.6   19.4    63   12.2    0.0     SO   0.00   8.0     O   19.4   19.3   19.3  1015.6   0.00    0.0    0.000   0.012   25.4    63   17.8   26.1   11.40   1.1619     351     1    100.0   15 
