                 Temp.  Temp.  Temp.  Hum.   Punt   Vel.   Dir.   Rec.  Vel.  Dir.  Sens.   Índ.   Índ.                  Int. Graus D.Graus D.  Temp.  Hum. Rosada  In.Cal.  EMC     Dens.    Mostr   Tx   Recep.  Int.
  Data    Hora    Ext.   Màx.   Mín.  Ext. Rosada   Vent   Vent   Vent  Màx.  Màx.  Tèrm.  Calor   THW    Bar    Pluja   Pluja  Calor    Fred    Int.  Int.   Int.   Int.    Int.  Int.Aire    Vent   Vent   ISS   Arc.
-------------------------------------------------------------------------------------------------------------------------------------------------------------------------------------------------------------------------
 1/10/26   0:15   20.7   20.7   20.7    96   20.0    0.0    ---   0.00   0.0   ---   20.7   22.1   22.1  1018.9   0.00    0.0    0.000   0.024   25.4    72   20.0   26.6   13.39   1.1623     348     1    100.0   15 
 1/10/26   0:30   20.7   20.7   20.7    96   20.1    0.0    ---   0.00   0.0   ---   20.7   22.1   22.1  1018.8   0.00    0.0    0.000   0.025   25.3    72   19.9   26.6   13.39   1.1625     351     1    100.0   15 
 1/10/26   0:45   20.7   20.7   20.6    96   20.0    0.0    ---   0.00   0.0   ---   20.7   22.1   22.1  1018.7   0.00    0.0    0.000   0.024   25.3    71   19.6   26.4   13.15   1.1631     351     1    100.0   15 
 1/10/26   1:00   20.6   20.7   20.6    96   20.0    0.0    ONO   0.00   3.2   ONO   20.6   21.9   21.9  1018.5   0.00    0.0    0.000   0.024   25.3    71   19.6   26.4   13.15   1.1629     349     1    100.0   15 
 1/10/26   1:15   20.7   20.7   20.5    95   19.8    0.0    ENE   0.00   3.2   ENE   20.7   21.9   21.9  1018.4   0.00    0.0    0.000   0.024   25.2    71   19.6   26.4   13.15   1.1630     351     1    100.0   15 
 1/10/26   1:30   20.3   20.6   20.2    95   19.5    0.0    ENE   0.00   1.6   ENE   20.3   21.5   21.5  1018.2   0.00    0.0    0.000   0.021   25.2    71   19.5   26.3   13.16   1.1632     352     1    100.0   15 
 1/10/26   1:45   20.1   20.2   19.9    95   19.2    0.0    NNE   0.00   1.6   NNE   20.1   21.1   21.1  1018.3   0.00    0.0    0.000   0.018   25.2    71   19.5   26.3   13.16   1.1633     351     1    100.0   15 
 1/10/26   2:00   19.8   19.9   19.8    96   19.2    0.0    ---   0.00   0.0   ---   19.8   20.8   20.8  1018.3   0.00    0.0    0.000   0.016   25.1    71   19.4   26.2   13.17   1.1639     351     1    100.0   15 
 1/10/26   2:15   19.7   19.8   19.6    95   18.9    0.0    NNE   0.00   1.6   NNE   19.7   20.7   20.7  1018.5   0.00    0.0    0.000   0.014   25.1    71   19.4   26.2   13.17   1.1642     351     1    100.0   15 
 1/10/26   2:30   19.7   19.7   19.6    96   19.0    0.0    NNE   0.00   1.6   NNE   19.7   20.7   20.7  1018.4   0.20    0.0    0.000   0.014   25.0    71   19.4   26.1   13.17   1.1643     352     1    100.0   15 
 1/10/26   2:45   19.8   19.8   19.7    96   19.1    0.0      O   0.00   1.6   NNE   19.8   20.8   20.8  1018.5   0.00    0.0    0.000   0.015   24.9    71   19.3   26.1   13.17   1.1647     351     1    100.0   15 
 1/10/26   3:00   19.8   19.9   19.8    96   19.2    0.0      O   0.00   1.6     O   19.8   20.8   20.8  1018.3   0.00    0.0    0.000   0.016   24.9    71   19.3   26.1   13.17   1.1644     351     1    100.0   15 
 1/10/26   3:15   19.9   19.9   19.8    96   19.2    0.0      O   0.00   3.2     O   19.9   20.9   20.9  1018.1   0.00    0.0    0.000   0.016   24.9    71   19.3   26.0   13.18   1.1645     351     1    100.0   15 
 1/10/26   3:30   19.7   19.9   19.5    96   19.1    0.0      O   0.00   3.2     O   19.7   20.7   20.7  1017.9   0.00    0.0    0.000   0.014   24.8    71   19.2   25.9   13.18   1.1646     351     1    100.0   15 
 1/10/26   3:45   19.3   19.5   19.2    96   18.6    0.0      O   0.00   3.2     O   19.3   20.2   20.2  1018.1   0.00    0.0    0.000   0.010   24.8    71   19.2   25.9   13.18   1.1649     351     1    100.0   15 
 1/10/26   4:00   19.2   19.3   19.2    96   18.6    0.0    ---   0.00   0.0   ---   19.2   20.1   20.1  1018.3   0.00    0.0    0.000   0.009   24.8    71   19.2   25.9   13.19   1.1654     351     1    100.0   15 
 1/10/26   4:15   19.3   19.4   19.3    96   18.7    0.0    ---   0.00   0.0   ---   19.3   20.2   20.2  1018.4   0.00    0.0    0.000   0.010   24.8    71   19.2   25.9   13.19   1.1655     351     1    100.0   15 
 1/10/26   4:30   19.3   19.3   19.2    96   18.6    0.0      O   0.00   1.6     O   19.3   20.2   20.2  1018.5   0.00    0.0    0.000   0.010   24.7    70   18.9   25.8   12.92   1.1663     350     1    100.0   15 
 1/10/26   4:45   19.2   19.2   19.1    96   18.5    0.0      O   0.00   1.6     O   19.2   20.0   20.0  1018.5   0.00    0.0    0.000   0.009   24.7    70   18.8   25.7   12.92   1.1666     352     1    100.0   15 
 1/10/26   5:00   19.2   19.2   19.1    96   18.5    0.0    ---   0.00   0.0   ---   19.2   20.0   20.0  1018.6   0.00    0.0    0.000   0.009   24.7    70   18.8   25.7   12.92   1.1667     350     1    100.0   15 
 1/10/26   5:15   19.1   19.1   19.0    96   18.4    0.0      O   0.00   1.6     O   19.1   19.9   19.9  1018.7   0.00    0.0    0.000   0.008   24.6    70   18.8   25.6   12.92   1.1672     350     1    100.0   15 
 1/10/26   5:30   18.9   19.0   18.9    96   18.3    0.0    ---   0.00   0.0   ---   18.9   19.7   19.7  1019.0   0.00    0.0    0.000   0.006   24.6    70   18.7   25.6   12.93   1.1678     351     1    100.0   15 
 1/10/26   5:45   18.9   19.1   18.9    96   18.3    1.6    ENE   0.40   8.0     E   18.9   19.7   19.7  1019.1   0.00    0.0    0.000   0.006   24.5    70   18.7   25.5   12.93   1.1682     352     1    100.0   15 
 1/10/26   6:00   19.1   19.1   18.9    96   18.4    0.0      E   0.00   3.2     E   19.1   19.9   19.9  1019.4   0.00    0.0    0.000   0.008   24.5    70   18.7   25.5   12.93   1.1685     351     1    100.0   15 
 1/10/26   6:15   18.9   19.0   18.8    97   18.4    0.0      E   0.00   1.6     E   18.9   19.7   19.7  1019.6   0.00    0.0    0.000   0.006   24.5    71   18.9   25.6   13.21   1.1684     351     1    100.0   15 
 1/10/26   6:30   18.9   18.9   18.8    97   18.4    0.0    ---   0.00   0.0   ---   18.9   19.7   19.7  1019.8   0.00    0.0    0.000   0.006   24.6    71   18.9   25.6   13.20   1.1684     350     1    100.0   15 
 1/10/26   6:45   18.9   19.0   18.9    97   18.5    0.0    ---   0.00   0.0   ---   18.9   19.8   19.8  1020.1   0.00    0.0    0.000   0.006   24.8    71   19.2   25.9   13.19   1.1675     351     1    100.0   15 
 1/10/26   7:00   19.0   19.0   18.9    97   18.5    0.0      E   0.00   1.6     E   19.0   19.8   19.8  1020.2   0.00    0.0    0.000   0.007   24.9    70   19.1   26.0   12.91   1.1671     350     1    100.0   15 
 1/10/26   7:15   19.0   19.1   19.0    97   18.5    0.0      E   0.00   1.6     E   19.0   19.8   19.8  1020.5   0.00    0.0    0.000   0.007   25.1    70   19.2   26.1   12.91   1.1668     351     1    100.0   15 
 1/10/26   7:30   18.9   19.1   18.9    97   18.5    0.0    ---   0.00   0.0   ---   18.9   19.8   19.8  1020.7   0.00    0.0    0.000   0.006   25.2    70   19.3   26.2   12.90   1.1665     350     1    100.0   15 
 1/10/26   7:45   19.1   19.2   18.9    97   18.6    0.0      E   0.00   8.0     E   19.1   19.9   19.9  1020.8   0.00    0.0    0.000   0.008   25.3    69   19.2   26.3   12.65   1.1660     351     1    100.0   15 
 1/10/26   8:00   19.3   19.5   19.2    97   18.8    0.0     NO   0.00   1.6   ENE   19.3   20.2   20.2  1020.8   0.00    0.0    0.000   0.010   25.7    68   19.4   26.8   12.42   1.1643     351     1    100.0   15 
 1/10/26   8:15   19.7   20.1   19.4    96   19.1    0.0      E   0.00   4.8     E   19.7   20.7   20.7  1021.1   0.00    0.0    0.000   0.014   26.1    67   19.5   27.2   12.17   1.1629     351     1    100.0   15 
 1/10/26   8:30   20.3   20.6   20.1    94   19.3    0.0      E   0.00   9.7     E   20.3   21.5   21.5  1021.2   0.00    0.0    0.000   0.021   26.3    67   19.7   27.4   12.16   1.1621     351     1    100.0   15 
 1/10/26   8:45   21.1   21.4   20.6    90   19.4    0.0      E   0.00  11.3   ENE   21.1   22.2   22.2  1021.4   0.00    0.0    0.000   0.028   26.4    67   19.8   27.6   12.16   1.1617     349     1    100.0   15 
 1/10/26   9:00   21.6   21.7   21.4    86   19.1    0.0      E   0.00   4.8     E   21.6   22.6   22.6  1021.6   0.00    0.0    0.000   0.034   26.4    66   19.5   27.5   11.96   1.1624     352     1    100.0   15 
 1/10/26   9:15   21.6   21.7   21.6    86   19.2    0.0    ENE   0.00   9.7     E   21.6   22.7   22.7  1021.5   0.00    0.0    0.000   0.034   26.4    66   19.5   27.5   11.96   1.1623     351     1    100.0   15 
 1/10/26   9:30   21.7   21.7   21.6    85   19.0    0.0      E   0.00   9.7     E   21.7   22.7   22.7  1021.6   0.00    0.0    0.000   0.035   26.2    67   19.6   27.3   12.17   1.1629     350     1    100.0   15 
 1/10/26   9:45   21.8   21.9   21.7    84   19.0    0.0    ENE   0.00   3.2     E   21.8   22.8   22.8  1021.7   0.00    0.0    0.000   0.036   26.3    66   19.4   27.3   11.96   1.1631     350     1    100.0   15 
 1/10/26  10:00   21.9   22.0   21.9    84   19.1    0.0      E   0.00   1.6     E   21.9   22.9   22.9  1021.9   0.00    0.0    0.000   0.038   26.3    66   19.5   27.4   11.96   1.1631     351     1    100.0   15 
 1/10/26  10:15   22.0   22.1   22.0    84   19.2    0.0      E   0.00   4.8     E   22.0   22.9   22.9  1021.7   0.00    0.0    0.000   0.038   26.3    66   19.4   27.3   11.96   1.1631     352     1    100.0   15 
 1/10/26  10:30   21.9   22.1   21.9    85   19.3    0.0      E   0.00   1.6     E   21.9   22.9   22.9  1022.0   0.00    0.0    0.000   0.038   26.3    66   19.4   27.3   11.96   1.1634     351     1    100.0   15 
 1/10/26  10:45   22.1   22.1   21.9    84   19.2    0.0    ---   0.00   0.0   ---   22.1   23.0   23.0  1022.0   0.00    0.0    0.000   0.039   26.3    66   19.4   27.3   11.96   1.1635     351     1    100.0   15 
 1/10/26  11:00   21.9   22.1   21.9    85   19.3    0.0    ---   0.00   0.0   ---   21.9   22.9   22.9  1022.3   0.00    0.0    0.000   0.038   26.2    66   19.4   27.3   11.97   1.1641     351     1    100.0   15 
 1/10/26  11:15   21.9   21.9   21.9    84   19.1    0.0    ---   0.00   0.0   ---   21.9   22.9   22.9  1022.6   0.00    0.0    0.000   0.038   26.2    66   19.4   27.3   11.97   1.1644     352     1    100.0   15 
 1/10/26  11:30   21.9   21.9   21.8    83   18.9    0.0    ENE   0.00   3.2    NE   21.9   22.8   22.8  1021.8   0.00    0.0    0.000   0.037   26.2    66   19.4   27.3   11.97   1.1635     351     1    100.0   15 
 1/10/26  11:45   21.8   21.9   21.7    85   19.1    0.0    ESE   0.00   8.0   ESE   21.8   22.8   22.8  1022.0   0.00    0.0    0.000   0.036   26.2    66   19.3   27.2   11.97   1.1641     351     1    100.0   15 
 1/10/26  12:00   21.6   21.7   21.5    85   18.9    0.0    ESE   0.00   6.4   ESE   21.6   22.5   22.5  1021.9   0.00    0.0    0.000   0.034   26.1    66   19.3   27.1   11.97   1.1642     350     1    100.0   15 
 1/10/26  12:15   21.4   21.5   21.4    85   18.8    0.0    ENE   0.00   3.2   ENE   21.4   22.4   22.4  1021.6   0.00    0.0    0.000   0.032   26.0    66   19.2   27.0   11.97   1.1645     352     1    100.0   15 
 1/10/26  12:30   21.4   21.4   21.4    86   18.9    0.0      E   0.00   1.6     E   21.4   22.3   22.3  1021.8   0.00    0.0    0.000   0.032   25.9    66   19.1   26.9   11.98   1.1650     351     1    100.0   15 
 1/10/26  12:45   21.4   21.4   21.3    87   19.1    0.0    ---   0.00   0.0   ---   21.4   22.4   22.4  1021.9   0.00    0.0    0.000   0.032   25.9    67   19.3   26.9   12.18   1.1648     350     1    100.0   15 
 1/10/26  13:00   21.3   21.3   21.1    87   19.0    0.0    ---   0.00   0.0   ---   21.3   22.3   22.3  1022.0   0.00    0.0    0.000   0.031   25.9    67   19.3   26.9   12.18   1.1649     350     1    100.0   15 
 1/10/26  13:15   21.0   21.1   20.9    89   19.1    0.0    OSO   0.00   1.6    NO   21.0   22.1   22.1  1021.8   0.00    0.0    0.000   0.028   25.9    67   19.3   26.9   12.18   1.1647     350     1    100.0   15 
 1/10/26  13:30   21.2   21.4   21.1    89   19.3    0.0    ---   0.00   0.0   ---   21.2   22.3   22.3  1021.4   0.00    0.0    0.000   0.030   25.9    66   19.1   26.9   11.98   1.1646     352     1    100.0   15 
 1/10/26  13:45   21.7   21.9   21.4    88   19.6    0.0    ONO   0.00   1.6   ONO   21.7   22.8   22.8  1021.4   0.00    0.0    0.000   0.035   26.1    66   19.2   27.1   11.97   1.1640     349     1    100.0   15 
 1/10/26  14:00   21.9   21.9   21.8    88   19.8    0.0    ENE   0.00   1.6   ENE   21.9   23.0   23.0  1021.6   0.00    0.0    0.000   0.037   26.1    66   19.3   27.1   11.97   1.1639     349     1    100.0   15 
 1/10/26  14:15   22.1   22.2   21.9    87   19.8    0.0    ---   0.00   0.0   ---   22.1   23.2   23.2  1021.8   0.00    0.0    0.000   0.039   26.2    66   19.3   27.2   11.97   1.1638     350     1    100.0   15 
 1/10/26  14:30   22.4   22.4   22.2    86   19.9    0.0    ---   0.00   0.0   ---   22.4   23.5   23.5  1021.8   0.00    0.0    0.000   0.042   26.2    66   19.4   27.3   11.97   1.1635     352     1    100.0   15 
 1/10/26  14:45   22.3   22.4   22.2    84   19.4    0.0      E   0.00   1.6     E   22.3   23.3   23.3  1021.8   0.00    0.0    0.000   0.041   26.3    66   19.4   27.3   11.96   1.1632     351     1    100.0   15 
 1/10/26  15:00   22.2   22.2   22.2    84   19.3    0.0    ---   0.00   0.0   ---   22.2   23.1   23.1  1021.8   0.00    0.0    0.000   0.040   26.3    66   19.5   27.4   11.96   1.1629     350     1    100.0   15 
 1/10/26  15:15   22.1   22.2   22.1    85   19.5    0.0    ---   0.00   0.0   ---   22.1   23.1   23.1  1021.9   0.00    0.0    0.000   0.039   26.3    66   19.4   27.3   11.96   1.1634     351     1    100.0   15 
 1/10/26  15:30   22.2   22.3   22.2    86   19.8    0.0    ---   0.00   0.0   ---   22.2   23.3   23.3  1022.1   0.00    0.0    0.000   0.041   26.2    66   19.4   27.3   11.97   1.1639     352     1    100.0   15 
 1/10/26  15:45   21.9   22.2   21.7    88   19.9    0.0    ---   0.00   0.0   ---   21.9   23.1   23.1  1022.4   0.00    0.0    0.000   0.038   26.2    66   19.3   27.2   11.97   1.1646     350     1    100.0   15 
 1/10/26  16:00   21.6   21.7   21.4    90   19.8    0.0    ---   0.00   0.0   ---   21.6   22.8   22.8  1022.6   0.00    0.0    0.000   0.034   26.1    67   19.5   27.2   12.17   1.1646     350     1    100.0   15 
 1/10/26  16:15   21.4   21.5   21.3    90   19.7    0.0     NO   0.00   3.2    NO   21.4   22.6   22.6  1022.4   0.00    0.0    0.000   0.032   26.1    67   19.5   27.2   12.17   1.1644     351     1    100.0   15 
 1/10/26  16:30   21.3   21.3   21.3    91   19.8    0.0     NO   0.00   1.6    NO   21.3   22.6   22.6  1022.4   0.00    0.0    0.000   0.031   26.1    67   19.5   27.2   12.17   1.1644     351     1    100.0   15 
 1/10/26  16:45   21.3   21.3   21.3    92   20.0    0.0    ---   0.00   0.0   ---   21.3   22.6   22.6  1022.5   0.00    0.0    0.000   0.031   26.1    68   19.7   27.2   12.39   1.1645     352     1    100.0   15 
 1/10/26  17:00   21.3   21.3   21.2    92   19.9    0.0    ---   0.00   0.0   ---   21.3   22.6   22.6  1022.6   0.00    0.0    0.000   0.031   26.0    67   19.4   27.1   12.17   1.1653     350     1    100.0   15 
 1/10/26  17:15   21.2   21.2   21.2    92   19.9    0.0    ---   0.00   0.0   ---   21.2   22.4   22.4  1022.9   0.00    0.0    0.000   0.030   25.9    67   19.3   26.9   12.18   1.1659     350     1    100.0   15 
 1/10/26  17:30   21.1   21.2   21.1    92   19.8    0.0    ---   0.00   0.0   ---   21.1   22.3   22.3  1023.0   0.00    0.0    0.000   0.029   25.9    67   19.3   26.9   12.18   1.1661     350     1    100.0   15 
 1/10/26  17:45   21.1   21.1   21.1    92   19.7    0.0    ---   0.00   0.0   ---   21.1   22.3   22.3  1023.0   0.00    0.0    0.000   0.028   26.0    67   19.4   27.1   12.17   1.1658     352     1    100.0   15 
 1/10/26  18:00   21.1   21.1   21.1    92   19.7    0.0    ---   0.00   0.0   ---   21.1   22.3   22.3  1023.0   0.00    0.0    0.000   0.028   26.0    66   19.2   27.0   11.97   1.1661     351     1    100.0   15 
 1/10/26  18:15   21.1   21.1   21.1    93   19.9    0.0     NO   0.00   1.6    NO   21.1   22.3   22.3  1023.0   0.00    0.0    0.000   0.028   26.0    66   19.2   27.0   11.97   1.1661     351     1    100.0   15 
 1/10/26  18:30   21.0   21.1   20.9    93   19.8    0.0    ---   0.00   0.0   ---   21.0   22.3   22.3  1023.1   0.00    0.0    0.000   0.028   26.0    66   19.2   27.0   11.97   1.1663     350     1    100.0   15 
 1/10/26  18:45   20.8   20.9   20.6    93   19.6    0.0      E   0.00   1.6     E   20.8   22.0   22.0  1023.2   0.00    0.0    0.000   0.025   26.0    66   19.2   27.0   11.97   1.1663     352     1    100.0   15 
 1/10/26  19:00   20.6   20.6   20.6    93   19.4    0.0    ---   0.00   0.0   ---   20.6   21.8   21.8  1023.5   0.00    0.0    0.000   0.024   26.0    66   19.2   27.0   11.97   1.1668     351     1    100.0   15 
 1/10/26  19:15   20.6   20.6   20.6    93   19.4    0.0      E   0.00   1.6     E   20.6   21.8   21.8  1023.7   0.00    0.0    0.000   0.023   25.9    66   19.1   26.9   11.98   1.1673     350     1    100.0   15 
 1/10/26  19:30   20.6   20.6   20.6    92   19.2    0.0    ENE   0.00   1.6   ENE   20.6   21.7   21.7  1023.8   0.00    0.0    0.000   0.023   25.9    66   19.0   26.8   11.98   1.1677     351     1    100.0   15 
 1/10/26  19:45   20.6   20.6   20.5    92   19.2    0.0    ---   0.00   0.0   ---   20.6   21.7   21.7  1024.0   0.00    0.0    0.000   0.023   25.8    66   18.9   26.7   11.98   1.1685     350     1    100.0   15 
 1/10/26  20:00   20.6   20.6   20.5    92   19.2    0.0    ENE   0.00   1.6   ENE   20.6   21.7   21.7  1024.1   0.00    0.0    0.000   0.023   25.7    66   18.9   26.6   11.98   1.1690     352     1    100.0   15 
 1/10/26  20:15   20.6   20.6   20.4    92   19.2    0.0    ---   0.00   0.0   ---   20.6   21.7   21.7  1024.3   0.00    0.0    0.000   0.023   25.6    66   18.8   26.5   11.99   1.1698     350     1    100.0   15 
 1/10/26  20:30   20.4   20.4   20.2    92   19.0    0.0    ENE   0.00  11.3   ENE   20.4   21.5   21.5  1024.4   0.00    0.0    0.000   0.021   25.5    67   18.9   26.4   12.19   1.1701     351     1    100.0   15 
 1/10/26  20:45   20.1   20.2   20.0    90   18.4    0.0    ENE   0.00   3.2   ENE   20.1   21.0   21.0  1024.5   0.00    0.0    0.000   0.018   25.4    67   18.8   26.3   12.20   1.1708     351     1    100.0   15 
 1/10/26  21:00   20.0   20.0   19.9    90   18.3    0.0      E   0.00   1.6   ENE   20.0   20.9   20.9  1024.5   0.00    0.0    0.000   0.017   25.3    67   18.7   26.2   12.20   1.1714     352     1    100.0   15 
 1/10/26  21:15   19.9   19.9   19.9    89   18.0    0.0    ENE   0.00   6.4   ENE   19.9   20.8   20.8  1024.6   0.00    0.0    0.000   0.016   25.2    67   18.7   26.1   12.20   1.1718     351     1    100.0   15 
 1/10/26  21:30   19.9   19.9   19.8    88   17.8    0.0    ENE   0.00   4.8   ENE   19.9   20.8   20.8  1024.5   0.00    0.0    0.000   0.016   25.1    67   18.6   26.0   12.21   1.1723     351     1    100.0   15 
 1/10/26  21:45   19.9   19.9   19.8    86   17.5    0.0    ENE   0.00  11.3   ENE   19.9   20.7   20.7  1024.4   0.00    0.0    0.000   0.016   25.1    67   18.5   25.9   12.21   1.1725     350     1    100.0   15 
 1/10/26  22:00   19.9   19.9   19.8    86   17.5    1.6    ENE   0.40   9.7     E   19.9   20.7   20.7  1024.3   0.00    0.0    0.000   0.016   25.0    67   18.4   25.8   12.21   1.1726     351     1    100.0   15 
 1/10/26  22:15   19.7   19.8   19.7    85   17.1    3.2    ENE   0.80  12.9   ENE   19.7   20.5   20.5  1024.4   0.00    0.0    0.000   0.014   24.9    67   18.4   25.8   12.21   1.1730     351     1    100.0   15 
 1/10/26  22:30   19.7   19.7   19.7    85   17.1    1.6    ENE   0.40  11.3     E   19.7   20.4   20.4  1024.5   0.00    0.0    0.000   0.014   24.9    67   18.3   25.7   12.21   1.1735     350     1    100.0   15 
 1/10/26  22:45   19.6   19.7   19.6    85   17.0    0.0     NE   0.00   8.0     E   19.6   20.4   20.4  1024.4   0.00    0.0    0.000   0.013   24.8    67   18.3   25.7   12.22   1.1737     351     1    100.0   15 
 1/10/26  23:00   19.6   19.7   19.6    83   16.6    3.2     NE   0.80  17.7   ENE   19.6   20.3   20.3  1024.4   0.00    0.0    0.000   0.013   24.8    67   18.3   25.7   12.22   1.1736     350     1    100.0   15 
 1/10/26  23:15   19.7   19.7   19.7    83   16.8    3.2     NE   0.80  12.9   ESE   19.7   20.4   20.4  1024.5   0.00    0.0    0.000   0.014   24.8    67   18.2   25.6   12.22   1.1741     349     1    100.0   15 
 1/10/26  23:30   19.6   19.7   19.6    83   16.6    1.6    ENE   0.40  11.3   ENE   19.6   20.3   20.3  1024.5   0.00    0.0    0.000   0.013   24.7    67   18.1   25.5   12.22   1.1747     351     1    100.0   15 
 1/10/26  23:45   19.5   19.6   19.5    83   16.5    1.6    ENE   0.40  11.3     E   19.5   20.2   20.2  1024.4   0.00    0.0    0.000   0.012   24.6    67   18.1   25.4   12.22   1.1748     351     1    100.0   15 
 2/10/26  00:00   19.4   19.5   19.4    82   16.2    1.6     NE   0.40   9.7     E   19.4   20.1   20.1  1024.6   0.00    0.0    0.000   0.011   24.6    67   18.0   25.4   12.23   1.1754     351     2    100.0   15 
 2/10/26   0:15   19.4   19.4   19.3    81   16.0    1.6    ENE   0.40  14.5   ENE   19.4   20.0   20.0  1024.5   0.00    0.0    0.000   0.011   24.4    67   17.9   25.2   12.23   1.1759     349     1    100.0   15 
 2/10/26   0:30   19.4   19.4   19.3    81   16.0    1.6    ENE   0.40  12.9     E   19.4   20.0   20.0  1024.7   0.00    0.0    0.000   0.011   24.4    67   17.9   25.2   12.23   1.1761     351     1    100.0   15 
 2/10/26   0:45   19.3   19.4   19.3    81   16.0    1.6    ENE   0.40  11.3   ENE   19.3   19.9   19.9  1025.0   0.00    0.0    0.000   0.010   24.4    67   17.9   25.2   12.23   1.1768     349     1    100.0   15 
 2/10/26   1:00   19.3   19.3   19.3    81   16.0    0.0    ENE   0.00   8.0   ENE   19.3   19.9   19.9  1025.2   0.00    0.0    0.000   0.010   24.3    67   17.8   25.1   12.23   1.1773     351     1    100.0   15 
 2/10/26   1:15   19.3   19.3   19.3    81   16.0    0.0    ENE   0.00   4.8   ENE   19.3   19.9   19.9  1025.3   0.00    0.0    0.000   0.010   24.3    67   17.8   25.1   12.24   1.1777     350     1    100.0   15 
 2/10/26   1:30   19.3   19.3   19.3    81   16.0    0.0    ---   0.00   0.0   ---   19.3   19.9   19.9  1025.3   0.00    0.0    0.000   0.010   24.2    67   17.7   25.0   12.24   1.1781     350     1    100.0   15 
 2/10/26   1:45   19.3   19.3   19.3    82   16.2    0.0    ENE   0.00   1.6   ENE   19.3   19.9   19.9  1025.1   0.00    0.0    0.000   0.010   24.2    67   17.7   24.9   12.24   1.1782     352     1    100.0   15 
 2/10/26   2:00   19.3   19.3   19.2    83   16.3    0.0    ---   0.00   0.0   ---   19.3   19.9   19.9  1025.1   0.00    0.0    0.000   0.010   24.1    67   17.6   24.9   12.24   1.1784     351     1    100.0   15 
 2/10/26   2:15   19.1   19.2   19.1    83   16.2    0.0    ENE   0.00   4.8   ENE   19.1   19.7   19.7  1024.9   0.00    0.0    0.000   0.008   24.1    67   17.6   24.9   12.24   1.1781     351     1    100.0   15 
 2/10/26   2:30   18.9   19.1   18.9    82   15.8    0.0    ENE   0.00  11.3   ENE   18.9   19.5   19.5  1024.6   0.00    0.0    0.000   0.006   24.1    66   17.3   24.8   12.04   1.1785     351     1    100.0   15 
 2/10/26   2:45   18.9   18.9   18.8    82   15.7    3.2    ENE   0.80  12.9   ENE   18.9   19.4   19.4  1024.5   0.00    0.0    0.000   0.006   24.0    66   17.3   24.8   12.05   1.1786     351     1    100.0   15 
 2/10/26   3:00   18.8   18.9   18.8    83   15.9    0.0      E   0.00   4.8   ENE   18.8   19.3   19.3  1024.3   0.00    0.0    0.000   0.005   23.9    66   17.2   24.7   12.05   1.1787     350     1    100.0   15 
 2/10/26   3:15   18.8   18.8   18.7    83   15.8    3.2    ENE   0.80  11.3     E   18.8   19.3   19.3  1024.4   0.00    0.0    0.000   0.005   23.9    66   17.1   24.7   12.05   1.1792     350     1    100.0   15 
 2/10/26   3:30   18.7   18.7   18.7    82   15.6    1.6    ENE   0.40  11.3     E   18.7   19.2   19.2  1024.5   0.00    0.0    0.000   0.004   23.8    66   17.1   24.6   12.05   1.1795     350     1    100.0   15 
 2/10/26   3:45   18.7   18.8   18.7    82   15.6    1.6    ENE   0.40  12.9    NE   18.7   19.2   19.2  1024.6   0.00    0.0    0.000   0.004   23.8    67   17.3   24.6   12.25   1.1796     352     1    100.0   15 
 2/10/26   4:00   18.8   18.8   18.7    82   15.6    1.6    ENE   0.40  11.3   ENE   18.8   19.3   19.3  1024.9   0.00    0.0    0.000   0.005   23.8    66   17.0   24.6   12.05   1.1803     350     1    100.0   15 
 2/10/26   4:15   18.8   18.8   18.8    81   15.4    1.6    ENE   0.40  11.3   ENE   18.8   19.3   19.3  1024.9   0.00    0.0    0.000   0.005   23.7    66   17.0   24.5   12.06   1.1806     350     1    100.0   15 
 2/10/26   4:30   18.8   18.8   18.8    82   15.6    0.0    ENE   0.00   4.8   ENE   18.8   19.3   19.3  1024.8   0.00    0.0    0.000   0.005   23.7    66   16.9   24.4   12.06   1.1808     351     1    100.0   15 
 2/10/26   4:45   18.8   18.8   18.8    83   15.8    0.0    ENE   0.00   1.6     E   18.8   19.3   19.3  1024.8   0.00    0.0    0.000   0.005   23.7    66   16.9   24.4   12.06   1.1807     349     1    100.0   15 
 2/10/26   5:00   18.8   18.8   18.7    83   15.8    0.0    ENE   0.00   1.6   NNE   18.8   19.3   19.3  1024.9   0.00    0.0    0.000   0.005   23.6    66   16.9   24.3   12.06   1.1812     351     1    100.0   15 
 2/10/26   5:15   18.8   18.8   18.7    83   15.8    0.0    ENE   0.00   8.0   ENE   18.8   19.3   19.3  1024.8   0.00    0.0    0.000   0.005   23.6    66   16.8   24.3   12.06   1.1814     351     1    100.0   15 
 2/10/26   5:30   18.7   18.7   18.6    83   15.7    3.2    ENE   0.80  12.9   ENE   18.7   19.2   19.2  1025.0   0.00    0.0    0.000   0.003   23.5    66   16.8   24.2   12.06   1.1819     351     1    100.0   15 
 2/10/26   5:45   18.6   18.7   18.6    83   15.7    0.0    ENE   0.00   8.0   ENE   18.6   19.1   19.1  1025.1   0.00    0.0    0.000   0.003   23.5    66   16.8   24.2   12.06   1.1820     351     1    100.0   15 
 2/10/26   6:00   18.7   18.8   18.6    83   15.7    0.0     NE   0.00   8.0   ENE   18.7   19.2   19.2  1025.3   0.00    0.0    0.000   0.003   23.4    66   16.7   24.2   12.07   1.1825     352     1    100.0   15 
 2/10/26   6:15   18.8   18.8   18.7    83   15.8    0.0     NE   0.00  11.3   ENE   18.8   19.3   19.3  1025.3   0.00    0.0    0.000   0.005   23.4    66   16.7   24.1   12.07   1.1829     351     1    100.0   15 
 2/10/26   6:30   18.8   18.8   18.8    83   15.8    0.0     NE   0.00   4.8    NE   18.8   19.3   19.3  1025.4   0.00    0.0    0.000   0.005   23.4    67   16.9   24.2   12.27   1.1827     351     1    100.0   15 
 2/10/26   6:45   18.8   18.8   18.8    83   15.8    0.0     NE   0.00   4.8    NE   18.8   19.3   19.3  1025.6   0.00    0.0    0.000   0.005   23.5    68   17.3   24.3   12.55   1.1819     351     1    100.0   15 
 2/10/26   7:00   18.9   18.9   18.8    84   16.1    0.0    ---   0.00   0.0   ---   18.9   19.4   19.4  1025.7   0.00    0.0    0.000   0.006   23.8    68   17.5   24.6   12.55   1.1806     351     1    100.0   15 
 2/10/26   7:15   19.0   19.1   18.9    85   16.4    0.0    ---   0.00   0.0   ---   19.0   19.6   19.6  1025.8   0.00    0.0    0.000   0.007   24.0    68   17.7   24.8   12.54   1.1795     352     1    100.0   15 
 2/10/26   7:30   19.1   19.1   19.0    86   16.7    0.0    ---   0.00   0.0   ---   19.1   19.7   19.7  1026.0   0.00    0.0    0.000   0.008   24.2    68   17.9   25.1   12.53   1.1788     351     1    100.0   15 
 2/10/26   7:45   19.1   19.2   19.1    87   16.9    0.0    ---   0.00   0.0   ---   19.1   19.8   19.8  1026.1   0.00    0.0    0.000   0.008   24.3    67   17.8   25.1   12.24   1.1787     350     1    100.0   15 
 2/10/26   8:00   19.2   19.2   19.1    87   16.9    0.0    NNO   0.00   1.6   NNO   19.2   19.9   19.9  1026.2   0.00    0.0    0.000   0.009   24.4    67   17.9   25.2   12.23   1.1782     351     1    100.0   15 
 2/10/26   8:15   19.3   19.3   19.2    87   17.1    0.0    NNO   0.00   1.6   NNO   19.3   20.0   20.0  1026.2   0.00    0.0    0.000   0.010   24.5    67   18.0   25.3   12.23   1.1776     352     1    100.0   15 
 2/10/26   8:30   19.4   19.5   19.3    86   17.0    0.0    ---   0.00   0.0   ---   19.4   20.1   20.1  1026.2   0.00    0.0    0.000   0.011   24.5    67   18.0   25.3   12.23   1.1777     351     1    100.0   15 
 2/10/26   8:45   19.5   19.6   19.5    85   16.9    0.0    ---   0.00   0.0   ---   19.5   20.2   20.2  1026.4   0.00    0.0    0.000   0.012   24.4    66   17.7   25.2   12.03   1.1784     351     1    100.0   15 
 2/10/26   9:00   19.7   19.7   19.6    85   17.1    0.0    ---   0.00   0.0   ---   19.7   20.4   20.4  1026.5   0.00    0.0    0.000   0.014   24.4    66   17.7   25.2   12.03   1.1786     350     1    100.0   15 
 2/10/26   9:15   19.6   19.7   19.6    84   16.8    0.0    ENE   0.00   6.4   ENE   19.6   20.3   20.3  1026.5   0.00    0.0    0.000   0.013   24.4    66   17.6   25.1   12.03   1.1789     351     1    100.0   15 
 2/10/26   9:30   19.6   19.6   19.5    85   17.0    0.0     NE   0.00   1.6    NE   19.6   20.3   20.3  1026.5   0.00    0.0    0.000   0.013   24.4    67   17.9   25.2   12.23   1.1786     350     1    100.0   15 
 2/10/26   9:45   19.5   19.6   19.4    86   17.1    0.0    ENE   0.00   1.6   ENE   19.5   20.3   20.3  1026.5   0.00    0.0    0.000   0.012   24.4    66   17.6   25.1   12.03   1.1789     351     1    100.0   15 
