                 Temp.  Temp.  Temp.  Hum.   Punt   Vel.   Dir.   Rec.  Vel.  Dir.  Sens.   Índ.   Índ.                  Int. Graus D.Graus D.  Temp.  Hum. Rosada  In.Cal.  EMC     Dens.    Mostr   Tx   Recep.  Int.
  Data    Hora    Ext.   Màx.   Mín.  Ext. Rosada   Vent   Vent   Vent  Màx.  Màx.  Tèrm.  Calor   THW    Bar    Pluja   Pluja  Calor    Fred    Int.  Int.   Int.   Int.    Int.  Int.Aire    Vent   Vent   ISS   Arc.
-------------------------------------------------------------------------------------------------------------------------------------------------------------------------------------------------------------------------
 8/10/26   0:15   17.6   17.6   17.4    78   13.7    6.4     NO   1.61  16.1   OSO   17.6   17.7   17.7  1012.8   0.00    0.0    0.008   0.000   23.6    67   17.1   24.3   12.26   1.1670     348     1    100.0   15 
 8/10/26   0:30   17.3   17.4   17.2    79   13.7    3.2     NO   0.80  16.1   OSO   17.3   17.5   17.5  1013.2   0.00    0.0    0.010   0.000   23.5    67   17.0   24.3   12.26   1.1677     350     1    100.0   15 
 8/10/26   0:45   17.1   17.3   17.0    80   13.6    1.6     NO   0.40  12.9    SO   17.1   17.3   17.3  1013.0   0.00    0.0    0.013   0.000   23.4    67   17.0   24.2   12.27   1.1677     349     1    100.0   15 
 8/10/26   1:00   16.9   17.0   16.8    81   13.6    0.0    ONO   0.00   6.4    NO   16.9   17.1   17.1  1013.0   0.00    0.0    0.015   0.000   23.3    67   16.9   24.1   12.27   1.1684     350     1    100.0   15 
 8/10/26   1:15   16.6   16.8   16.4    82   13.5    0.0     NO   0.00   1.6   OSO   16.6   16.7   16.7  1012.7   0.00    0.0    0.019   0.000   23.3    67   16.8   24.0   12.27   1.1683     351     1    100.0   15 
 8/10/26   1:30   16.3   16.4   16.2    84   13.6    0.0    OSO   0.00   6.4   OSO   16.3   16.4   16.4  1012.8   0.00    0.0    0.021   0.000   23.2    68   17.0   23.9   12.55   1.1683     352     1    100.0   15 
 8/10/26   1:45   16.3   16.4   16.2    84   13.6    1.6    ONO   0.40  12.9    SO   16.3   16.4   16.4  1012.8   0.00    0.0    0.021   0.000   23.1    68   16.9   23.8   12.55   1.1689     351     1    100.0   15 
 8/10/26   2:00   16.4   16.4   16.3    84   13.7    1.6     NO   0.40  11.3    NO   16.4   16.5   16.5  1012.6   0.00    0.0    0.020   0.000   23.1    68   16.8   23.7   12.55   1.1690     351     1    100.0   15 
 8/10/26   2:15   16.3   16.4   16.3    84   13.6    0.0     SO   0.00   6.4    SO   16.3   16.4   16.4  1012.8   0.00    0.0    0.021   0.000   22.9    68   16.7   23.6   12.55   1.1699     350     1    100.0   15 
 8/10/26   2:30   16.5   16.6   16.4    84   13.8    1.6     NO   0.40   8.0   NNO   16.5   16.6   16.6  1012.5   0.00    0.0    0.019   0.000   22.9    68   16.7   23.4   12.55   1.1698     352     1    100.0   15 
 8/10/26   2:45   16.6   16.6   16.6    84   13.8    1.6     NO   0.40  12.9    NO   16.6   16.7   16.7  1012.4   0.00    0.0    0.019   0.000   22.9    68   16.7   23.4   12.55   1.1696     351     1    100.0   15 
 8/10/26   3:00   16.5   16.6   16.5    84   13.8    0.0    ONO   0.00   1.6   ONO   16.5   16.6   16.6  1012.5   0.00    0.0    0.019   0.000   22.8    68   16.6   23.3   12.55   1.1704     350     1    100.0   15 
 8/10/26   3:15   16.5   16.6   16.5    85   14.0    0.0    NNO   0.00   1.6   NNO   16.5   16.7   16.7  1012.4   0.00    0.0    0.019   0.000   22.8    68   16.6   23.3   12.55   1.1702     349     1    100.0   15 
 8/10/26   3:30   16.5   16.6   16.5    84   13.8    0.0     NO   0.00   3.2    NO   16.5   16.6   16.6  1012.5   0.00    0.0    0.019   0.000   22.7    68   16.5   23.2   12.55   1.1706     350     1    100.0   15 
 8/10/26   3:45   16.6   16.6   16.5    84   13.8    0.0    OSO   0.00   3.2   ONO   16.6   16.7   16.7  1012.5   0.00    0.0    0.019   0.000   22.7    68   16.5   23.2   12.55   1.1710     352     1    100.0   15 
 8/10/26   4:00   16.4   16.6   16.3    84   13.7    0.0     NO   0.00   1.6   OSO   16.4   16.6   16.6  1012.4   0.00    0.0    0.020   0.000   22.6    68   16.4   23.1   12.55   1.1711     350     1    100.0   15 
 8/10/26   4:15   16.3   16.3   16.2    85   13.8    0.0    NNO   0.00   4.8   NNO   16.3   16.4   16.4  1012.5   0.00    0.0    0.021   0.000   22.6    68   16.4   23.0   12.55   1.1716     349     1    100.0   15 
 8/10/26   4:30   16.2   16.2   16.2    85   13.6    0.0     NO   0.00  14.5   ONO   16.2   16.3   16.3  1012.6   0.00    0.0    0.023   0.000   22.5    68   16.3   22.9   12.55   1.1719     350     1    100.0   15 
 8/10/26   4:45   16.2   16.3   16.2    84   13.5    0.0     NO   0.00  12.9   NNO   16.2   16.3   16.3  1012.8   0.00    0.0    0.022   0.000   22.4    68   16.2   22.8   12.55   1.1725     352     1    100.0   15 
 8/10/26   5:00   16.3   16.3   16.2    84   13.6    0.0    OSO   0.00   4.8   OSO   16.3   16.4   16.4  1012.9   0.00    0.0    0.021   0.000   22.4    68   16.2   22.8   12.55   1.1729     350     1    100.0   15 
 8/10/26   5:15   16.2   16.2   16.1    84   13.5    1.6    OSO   0.40  12.9     O   16.2   16.3   16.3  1013.1   0.00    0.0    0.023   0.000   22.4    68   16.2   22.8   12.55   1.1731     350     1    100.0   15 
 8/10/26   5:30   16.1   16.2   16.1    84   13.4    1.6     NO   0.40  14.5   ONO   16.1   16.2   16.2  1013.1   0.00    0.0    0.023   0.000   22.6    67   16.1   22.9   12.30   1.1726     350     1    100.0   15 
 8/10/26   5:45   16.1   16.1   16.0    85   13.5    0.0     NO   0.00  12.9   OSO   16.1   16.2   16.2  1013.4   0.00    0.0    0.024   0.000   23.1    67   16.6   23.7   12.28   1.1703     352     1    100.0   15 
 8/10/26   6:00   16.0   16.0   15.9    84   13.3    1.6     NO   0.40  12.9     O   16.0   16.1   16.1  1013.3   0.00    0.0    0.024   0.000   23.5    66   16.8   24.2   12.06   1.1682     351     1    100.0   15 
 8/10/26   6:15   15.9   16.0   15.9    84   13.2    0.0    ONO   0.00   6.4    NO   15.9   16.0   16.0  1013.5   0.00    0.0    0.025   0.000   23.8    65   16.9   24.6   11.85   1.1670     350     1    100.0   15 
 8/10/26   6:30   16.0   16.1   15.9    84   13.3    0.0    NNO   0.00   4.8   OSO   16.0   16.1   16.1  1013.8   0.00    0.0    0.024   0.000   24.0    65   17.0   24.7   11.85   1.1664     351     1    100.0   15 
 8/10/26   6:45   16.3   16.4   16.1    83   13.4    0.0    NNO   0.00   9.7    NO   16.3   16.4   16.4  1014.0   0.00    0.0    0.021   0.000   24.2    66   17.4   24.9   12.04   1.1654     351     1    100.0   15 
 8/10/26   7:00   16.4   16.4   16.3    81   13.1    1.6     NO   0.40  14.5    NO   16.4   16.4   16.4  1014.2   0.00    0.0    0.020   0.000   24.3    66   17.6   25.1   12.03   1.1648     351     1    100.0   15 
 8/10/26   7:15   16.1   16.3   16.0    81   12.8    3.2     NO   0.80  12.9    SO   16.1   16.1   16.1  1014.5   0.00    0.0    0.023   0.000   24.4    66   17.7   25.2   12.03   1.1646     351     1    100.0   15 
 8/10/26   7:30   16.1   16.2   16.0    80   12.7    3.2     NO   0.80  14.5   NNO   16.1   16.1   16.1  1014.6   0.00    0.0    0.023   0.000   24.6    66   17.8   25.3   12.03   1.1641     351     1    100.0   15 
 8/10/26   7:45   16.4   16.8   16.2    78   12.6    3.2     NO   0.80  11.3    NO   16.4   16.4   16.4  1014.7   0.00    0.0    0.020   0.000   24.6    66   17.8   25.3   12.03   1.1642     351     1    100.0   15 
 8/10/26   8:00   16.6   16.8   16.6    77   12.6    3.2     NO   0.80  12.9   OSO   16.6   16.6   16.6  1014.9   0.00    0.0    0.018   0.000   24.6    66   17.8   25.3   12.03   1.1644     352     1    100.0   15 
 8/10/26   8:15   16.8   17.1   16.6    75   12.4    3.2     NO   0.80  16.1    NO   16.8   16.7   16.7  1015.1   0.00    0.0    0.016   0.000   24.6    65   17.6   25.3   11.82   1.1648     350     1    100.0   15 
 8/10/26   8:30   17.3   17.6   17.1    73   12.4    1.6      O   0.40  14.5     O   17.3   17.3   17.3  1015.3   0.00    0.0    0.010   0.000   24.8    65   17.8   25.5   11.82   1.1641     350     1    100.0   15 
 8/10/26   8:45   17.7   17.8   17.6    70   12.2    0.0     SO   0.00   8.0   ONO   17.7   17.6   17.6  1015.3   0.00    0.0    0.006   0.000   24.9    64   17.6   25.6   11.61   1.1639     351     1    100.0   15 
 8/10/26   9:00   18.2   18.4   17.9    69   12.4    1.6    ONO   0.40  11.3   ONO   18.2   18.2   18.2  1015.4   0.00    0.0    0.001   0.000   25.0    64   17.7   25.7   11.61   1.1634     351     1    100.0   15 
 8/10/26   9:15   18.7   18.7   18.4    67   12.4    0.0     NO   0.00  11.3   OSO   18.7   18.6   18.6  1015.5   0.00    0.0    0.000   0.003   25.2    64   17.9   25.8   11.60   1.1627     349     1    100.0   15 
 8/10/26   9:30   18.8   18.8   18.7    67   12.5    0.0     NO   0.00   6.4    NO   18.8   18.7   18.7  1015.6   0.00    0.0    0.000   0.005   25.3    63   17.7   25.9   11.40   1.1625     350     1    100.0   15 
 8/10/26   9:45   18.8   19.1   18.7    67   12.6    0.0    NNO   0.00   9.7   NNO   18.8   18.8   18.8  1015.6   0.00    0.0    0.000   0.005   25.3    63   17.8   26.0   11.40   1.1622     351     1    100.0   15 
 8/10/26  10:00   19.4   19.8   19.1    63   12.2    0.0     NO   0.00   6.4    SO   19.4   19.3   19.3  1015.6   0.00    0.0    0.000   0.012   25.4    63   17.8   26.1   11.40   1.1619     351     1    100.0   15 
 8/10/26  10:15   19.7   19.8   19.6    64   12.7    0.0    OSO   0.00   8.0   ONO   19.7   19.7   19.7  1015.6   0.00    0.0    0.000   0.014   25.4    63   17.8   26.1   11.40   1.1620     352     1    100.0   15 
 8/10/26  10:30   19.4   19.6   19.4    63   12.2    0.0     SO   0.00   8.0     O   19.4   19.3   19.3  1015.6   0.00    0.0    0.000   0.012   25.4    63   17.8   26.1   11.40   1.1619     351     1    100.0   15 
 8/10/26  10:45   19.7   20.0   19.5    61   12.0    0.0    OSO   0.00  14.5     O   19.7   19.6   19.6  1015.6   0.00    0.0    0.000   0.014   25.3    63   17.8   26.0   11.40   1.1622     351     1    100.0   15 
 8/10/26  11:00   20.1   20.4   19.9    61   12.4    0.0    ONO   0.00   9.7   OSO   20.1   19.9   19.9  1015.6   0.00    0.0    0.000   0.019   25.3    62   17.5   25.9   11.20   1.1627     351     1    100.0   15 
 8/10/26  11:15   20.4   20.6   20.2    60   12.4    0.0    NNO   0.00   9.7   NNO   20.4   20.2   20.2  1015.7   0.00    0.0    0.000   0.022   25.4    62   17.6   26.0   11.20   1.1624     351     1    100.0   15 
 8/10/26  11:30   20.3   20.8   20.1    61   12.6    0.0    OSO   0.00   6.4    NO   20.3   20.1   20.1  1015.6   0.00    0.0    0.000   0.021   25.4    62   17.6   26.0   11.20   1.1623     351     1    100.0   15 
 8/10/26  11:45   21.2   21.6   20.8    58   12.6    0.0    OSO   0.00   8.0   NNO   21.2   20.7   20.7  1015.6   0.00    0.0    0.000   0.030   25.5    62   17.7   26.1   11.19   1.1617     351     1    100.0   15 
 8/10/26  12:00   21.2   21.6   20.8    59   12.8    0.0     SO   0.00  11.3   NNO   21.2   20.7   20.7  1015.5   0.00    0.0    0.000   0.030   25.6    61   17.5   26.1   10.99   1.1617     351     1    100.0   15 
 8/10/26  12:15   21.2   21.6   20.9    55   11.8    0.0    OSO   0.00   9.7   OSO   21.2   20.4   20.4  1015.4   0.00    0.0    0.000   0.030   25.5    60   17.2   26.0   10.83   1.1623     352     1    100.0   15 
 8/10/26  12:30   21.9   22.1   21.6    53   11.9    0.0    OSO   0.00  12.9   NNO   21.9   21.3   21.3  1015.4   0.00    0.0    0.000   0.037   25.6    60   17.2   26.1   10.83   1.1620     350     1    100.0   15 
 8/10/26  12:45   21.8   21.9   21.7    52   11.5    0.0    OSO   0.00   6.4   OSO   21.8   21.2   21.2  1015.4   0.00    0.0    0.000   0.036   25.6    60   17.3   26.1   10.83   1.1616     351     1    100.0   15 
 8/10/26  13:00   22.2   22.6   21.9    48   10.7    0.0     SO   0.00   9.7    SO   22.2   21.6   21.6  1015.4   0.00    0.0    0.000   0.041   25.7    60   17.3   26.2   10.82   1.1613     350     1    100.0   15 
 8/10/26  13:15   22.7   23.1   22.6    49   11.5    3.2     SO   0.80  11.3    SO   22.7   22.4   22.4  1015.2   0.00    0.0    0.000   0.046   25.7    60   17.4   26.3   10.82   1.1609     349     1    100.0   15 
 8/10/26  13:30   23.6   23.8   23.1    46   11.3    1.6     SO   0.40   9.7    SO   23.6   23.3   23.3  1015.2   0.00    0.0    0.000   0.054   25.8    60   17.4   26.3   10.81   1.1605     352     1    100.0   15 
 8/10/26  13:45   24.3   24.4   23.9    43   10.9    3.2    OSO   0.80  11.3    SO   24.3   23.9   23.9  1015.1   0.00    0.0    0.000   0.062   25.8    61   17.7   26.4   10.98   1.1598     351     1    100.0   15 
 8/10/26  14:00   24.3   24.4   23.8    42   10.5    3.2     SO   0.80  14.5    SO   24.3   23.9   23.9  1015.0   0.00    0.0    0.000   0.062   25.9    61   17.8   26.6   10.98   1.1591     351     1    100.0   15 
 8/10/26  14:15   23.7   23.8   23.4    54   13.8    1.6     SO   0.40   9.7   OSO   23.7   23.8   23.8  1015.1   0.00    0.0    0.000   0.056   26.1    60   17.7   26.7   10.79   1.1590     350     1    100.0   15 
 8/10/26  14:30   22.5   23.4   21.7    63   15.1    0.0    ENE   0.00   8.0    SE   22.5   22.7   22.7  1015.3   0.00    0.0    0.000   0.043   26.1    58   17.1   26.6   10.39   1.1600     352     1    100.0   15 
 8/10/26  14:45   20.7   21.7   20.2    71   15.3    1.6    ENE   0.40  11.3    SE   20.7   20.9   20.9  1015.4   0.00    0.0    0.000   0.025   25.9    60   17.6   26.5   10.80   1.1599     351     1    100.0   15 
 8/10/26  15:00   19.8   20.2   19.6    73   14.9    0.0      E   0.00  14.5   ENE   19.8   20.2   20.2  1015.5   0.00    0.0    0.000   0.016   25.9    60   17.5   26.4   10.81   1.1603     351     1    100.0   15 
 8/10/26  15:15   19.3   19.6   19.2    75   14.8    0.0    ENE   0.00   6.4   ENE   19.3   19.7   19.7  1015.7   0.00    0.0    0.000   0.010   25.8    60   17.5   26.4   10.81   1.1609     351     1    100.0   15 
 8/10/26  15:30   18.9   19.2   18.7    76   14.6    0.0      E   0.00   4.8     E   18.9   19.2   19.2  1015.9   0.00    0.0    0.000   0.006   25.7    61   17.6   26.3   10.98   1.1613     351     1    100.0   15 
 8/10/26  15:45   18.7   18.9   18.6    76   14.4    0.0      E   0.00   4.8   ESE   18.7   19.0   19.0  1016.0   0.00    0.0    0.000   0.004   25.6    61   17.5   26.2   10.99   1.1620     351     1    100.0   15 
 8/10/26  16:00   18.8   18.9   18.6    76   14.5    3.2    ENE   0.80  12.9     E   18.8   19.1   19.1  1016.1   0.00    0.0    0.000   0.005   25.6    62   17.7   26.2   11.19   1.1620     351     1    100.0   15 
 8/10/26  16:15   18.3   18.6   18.1    78   14.4    1.6      E   0.40  16.1     E   18.3   18.6   18.6  1016.3   0.00    0.0    0.001   0.000   25.5    62   17.7   26.1   11.19   1.1625     351     1    100.0   15 
 8/10/26  16:30   18.1   18.1   18.0    79   14.4    0.0    ENE   0.00   3.2     E   18.1   18.3   18.3  1016.7   0.00    0.0    0.003   0.000   25.4    62   17.6   26.1   11.19   1.1633     350     1    100.0   15 
 8/10/26  16:45   17.9   18.0   17.8    80   14.4    0.0    ESE   0.00   6.4    SE   17.9   18.2   18.2  1016.8   0.00    0.0    0.005   0.000   25.4    62   17.6   26.0   11.20   1.1637     351     1    100.0   15 
 8/10/26  17:00   17.7   17.8   17.7    80   14.2    0.0      E   0.00   6.4   ENE   17.7   18.0   18.0  1017.0   0.00    0.0    0.006   0.000   25.3    62   17.5   25.9   11.20   1.1643     351     1    100.0   15 
 8/10/26  17:15   17.7   17.7   17.6    80   14.2    0.0    ---   0.00   0.0   ---   17.7   17.9   17.9  1017.1   0.00    0.0    0.007   0.000   25.3    63   17.8   26.0   11.40   1.1640     351     1    100.0   15 
 8/10/26  17:30   17.8   17.8   17.7    80   14.3    0.0      E   0.00   1.6     E   17.8   18.1   18.1  1017.4   0.00    0.0    0.006   0.000   25.3    63   17.7   25.9   11.40   1.1646     350     1    100.0   15 
 8/10/26  17:45   17.7   17.8   17.7    81   14.4    0.0    ---   0.00   0.0   ---   17.7   18.0   18.0  1017.4   0.00    0.0    0.006   0.000   25.2    63   17.6   25.8   11.40   1.1653     351     1    100.0   15 
 8/10/26  18:00   17.5   17.7   17.3    82   14.4    0.0    ---   0.00   0.0   ---   17.5   17.8   17.8  1017.5   0.00    0.0    0.009   0.000   25.1    63   17.6   25.7   11.41   1.1657     351     1    100.0   15 
 8/10/26  18:15   17.1   17.3   16.8    84   14.3    0.0    ONO   0.00   1.6   ONO   17.1   17.3   17.3  1017.9   0.00    0.0    0.013   0.000   25.1    63   17.5   25.7   11.41   1.1663     350     1    100.0   15 
 8/10/26  18:30   16.8   16.9   16.7    85   14.2    0.0    ONO   0.00   1.6   ONO   16.8   16.9   16.9  1018.1   0.00    0.0    0.016   0.000   25.0    63   17.5   25.6   11.41   1.1669     351     1    100.0   15 
 8/10/26  18:45   16.6   16.7   16.5    85   14.1    0.0    ---   0.00   0.0   ---   16.6   16.8   16.8  1018.3   0.00    0.0    0.018   0.000   24.9    63   17.4   25.6   11.41   1.1674     349     1    100.0   15 
 8/10/26  19:00   16.4   16.5   16.4    85   13.9    0.0      E   0.00   9.7     E   16.4   16.6   16.6  1018.3   0.00    0.0    0.020   0.000   24.9    63   17.4   25.5   11.41   1.1678     352     1    100.0   15 
 8/10/26  19:15   16.4   16.4   16.2    85   13.9    0.0    ENE   0.00   1.6   ENE   16.4   16.6   16.6  1018.5   0.00    0.0    0.020   0.000   24.8    64   17.6   25.5   11.62   1.1679     350     1    100.0   15 
 8/10/26  19:30   16.1   16.2   15.9    85   13.6    0.0    ---   0.00   0.0   ---   16.1   16.2   16.2  1018.6   0.00    0.0    0.023   0.000   24.7    64   17.4   25.3   11.62   1.1689     351     1    100.0   15 
 8/10/26  19:45   15.7   15.9   15.6    86   13.4    0.0     SO   0.00   4.8    SO   15.7   15.8   15.8  1018.6   0.00    0.0    0.027   0.000   24.5    62   16.7   25.0   11.23   1.1705     351     1    100.0   15 
 8/10/26  20:00   15.3   15.7   15.1    84   12.6    0.0    ONO   0.00   1.6   ONO   15.3   15.3   15.3  1018.7   0.00    0.0    0.031   0.000   24.3    64   17.0   24.9   11.64   1.1711     352     1    100.0   15 
 8/10/26  20:15   14.8   15.1   14.6    76   10.6    0.0    ONO   0.00   1.6   ONO   14.8   14.6   14.6  1019.0   0.00    0.0    0.036   0.000   24.1    64   16.8   24.7   11.64   1.1726     350     1    100.0   15 
 8/10/26  20:30   14.6   14.7   14.5    65    8.0    0.0    NNE   0.00   4.8   NNE   14.6   14.0   14.0  1019.3   0.00    0.0    0.039   0.000   23.9    64   16.7   24.6   11.65   1.1735     351     1    100.0   15 
 8/10/26  20:45   14.6   14.7   14.5    63    7.6    0.0     NO   0.00   9.7    NO   14.6   14.0   14.0  1019.4   0.00    0.0    0.039   0.000   23.8    65   16.8   24.5   11.85   1.1743     351     1    100.0   15 
 8/10/26  21:00   14.4   14.5   14.3    63    7.5    0.0    NNO   0.00   9.7    SO   14.4   13.8   13.8  1019.6   0.00    0.0    0.041   0.000   23.7    65   16.7   24.4   11.85   1.1751     352     1    100.0   15 
 8/10/26  21:15   14.1   14.3   13.9    64    7.4    0.0    ONO   0.00   3.2   ONO   14.1   13.5   13.5  1019.8   0.00    0.0    0.044   0.000   23.5    65   16.5   24.2   11.85   1.1762     350     1    100.0   15 
 8/10/26  21:30   13.9   13.9   13.8    61    6.5    0.0    OSO   0.00   6.4   OSO   13.9   13.2   13.2  1019.9   0.00    0.0    0.046   0.000   23.4    65   16.4   24.1   11.85   1.1768     351     1    100.0   15 
 8/10/26  21:45   13.8   13.9   13.8    61    6.4    0.0      O   0.00   8.0    SO   13.8   13.1   13.1  1019.9   0.00    0.0    0.047   0.000   23.3    65   16.3   23.9   11.85   1.1775     350     1    100.0   15 
 8/10/26  22:00   13.6   13.8   13.4    62    6.4    0.0    ---   0.00   0.0   ---   13.6   12.9   12.9  1020.2   0.00    0.0    0.050   0.000   23.1    66   16.4   23.7   12.08   1.1783     350     1    100.0   15 
 8/10/26  22:15   13.4   13.5   13.3    61    6.1    0.0     NO   0.00   9.7   OSO   13.4   12.8   12.8  1020.2   0.00    0.0    0.051   0.000   23.0    66   16.3   23.6   12.08   1.1790     350     1    100.0   15 
 8/10/26  22:30   13.1   13.3   13.1    61    5.8    0.0     NO   0.00  11.3   NNO   13.1   12.4   12.4  1020.2   0.00    0.0    0.054   0.000   22.9    66   16.3   23.4   12.08   1.1792     350     1    100.0   15 
 8/10/26  22:45   12.9   13.1   12.8    62    5.8    0.0     NO   0.00   9.7     N   12.9   12.3   12.3  1020.1   0.00    0.0    0.056   0.000   23.2    65   16.3   23.8   11.85   1.1779     350     1    100.0   15 
 8/10/26  23:00   12.7   12.8   12.6    63    5.8    1.6     NO   0.40  12.9   ONO   12.7   12.1   12.1  1020.3   0.00    0.0    0.059   0.000   23.6    64   16.4   24.3   11.65   1.1765     350     1    100.0   15 
 8/10/26  23:15   12.6   12.6   12.5    64    6.0    1.6     NO   0.40   9.7   NNO   12.6   12.0   12.0  1020.4   0.00    0.0    0.060   0.000   23.9    64   16.7   24.6   11.65   1.1748     352     1    100.0   15 
 8/10/26  23:30   12.4   12.5   12.3    65    6.0    1.6     NO   0.40  14.5     O   12.4   11.8   11.8  1020.4   0.00    0.0    0.062   0.000   24.0    63   16.5   24.6   11.45   1.1748     351     1    100.0   15 
 8/10/26  23:45   12.3   12.3   12.2    65    5.9    1.6     NO   0.40  12.9   NNO   12.3   11.7   11.7  1020.4   0.00    0.0    0.063   0.000   23.9    63   16.4   24.5   11.45   1.1754     350     1    100.0   15 
 9/10/26  00:00   12.2   12.3   12.2    64    5.6    1.6     NO   0.40   9.7    SO   12.2   11.7   11.7  1020.5   0.00    0.0    0.064   0.000   23.7    63   16.3   24.3   11.46   1.1764     351     1    100.0   15 
 9/10/26   0:15   12.2   12.2   12.1    65    5.8    0.0     SO   0.00   8.0   OSO   12.2   11.6   11.6  1020.4   0.00    0.0    0.064   0.000   23.6    63   16.1   24.2   11.46   1.1772     348     1    100.0   15 
 9/10/26   0:30   11.9   12.1   11.8    65    5.6    1.6     NO   0.40   9.7   NNO   11.9   11.4   11.4  1020.5   0.00    0.0    0.067   0.000   23.4    63   15.9   23.9   11.47   1.1782     351     1    100.0   15 
 9/10/26   0:45   11.8   11.8   11.7    65    5.5    1.6     NO   0.40  16.1   NNO   11.8   11.3   11.3  1020.4   0.00    0.0    0.068   0.000   23.2    63   15.8   23.7   11.47   1.1789     351     1    100.0   15 
 9/10/26   1:00   11.7   11.7   11.6    66    5.5    1.6     NO   0.40   9.7    NO   11.7   11.2   11.2  1020.7   0.00    0.0    0.069   0.000   23.1    63   15.6   23.5   11.48   1.1802     350     1    100.0   15 
 9/10/26   1:15   11.4   11.6   11.3    68    5.7    0.0     NO   0.00   6.4    NO   11.4   11.1   11.1  1020.6   0.00    0.0    0.072   0.000   22.9    63   15.5   23.3   11.49   1.1810     351     1    100.0   15 
 9/10/26   1:30   11.1   11.2   11.0    69    5.6    0.0    ---   0.00   0.0   ---   11.1   10.8   10.8  1020.6   0.00    0.0    0.075   0.000   22.7    64   15.5   23.0   11.65   1.1818     350     1    100.0   15 
 9/10/26   1:45   10.9   11.0   10.8    69    5.4    0.0    ---   0.00   0.0   ---   10.9   10.6   10.6  1020.5   0.00    0.0    0.078   0.000   22.5    64   15.3   22.7   11.65   1.1825     351     1    100.0   15 
 9/10/26   2:00   10.7   10.8   10.7    70    5.5    0.0    OSO   0.00   3.2   OSO   10.7   10.4   10.4  1020.4   0.00    0.0    0.079   0.000   22.3    64   15.1   22.4   11.65   1.1836     351     1    100.0   15 
 9/10/26   2:15   10.6   10.7   10.6    70    5.4    0.0     NO   0.00   4.8    NO   10.6   10.3   10.3  1020.3   0.00    0.0    0.080   0.000   22.1    64   15.0   22.2   11.65   1.1844     351     1    100.0   15 
 9/10/26   2:30   10.4   10.6   10.3    71    5.4    1.6     NO   0.40  17.7   NNO   10.4   10.2   10.2  1020.2   0.00    0.0    0.082   0.000   21.9    64   14.8   21.9   11.65   1.1854     351     1    100.0   15 
 9/10/26   2:45   10.5   10.6   10.4    71    5.5    3.2     NO   0.80  12.9   ONO   10.5   10.3   10.3  1020.3   0.00    0.0    0.082   0.000   21.7    64   14.6   21.7   11.65   1.1863     351     1    100.0   15 
 9/10/26   3:00   10.4   10.5   10.3    72    5.6    3.2     NO   0.80  14.5     O   10.4   10.2   10.2  1020.2   0.00    0.0    0.082   0.000   21.5    65   14.6   21.4   11.85   1.1871     351     1    100.0   15 
 9/10/26   3:15   10.2   10.3   10.1    74    5.7    3.2     NO   0.80  12.9    NO   10.2   10.0   10.0  1020.0   0.00    0.0    0.085   0.000   21.6    65   14.7   21.6   11.85   1.1863     350     1    100.0   15 
 9/10/26   3:30   10.0   10.1    9.9    75    5.8    3.2     NO   0.80   9.7   OSO   10.0    9.9    9.9  1020.1   0.00    0.0    0.087   0.000   21.9    64   14.8   21.9   11.65   1.1850     351     1    100.0   15 
 9/10/26   3:45    9.9    9.9    9.9    75    5.7    3.2     NO   0.80  11.3   NNO    9.9    9.8    9.8  1020.1   0.00    0.0    0.088   0.000   22.3    63   14.9   22.4   11.51   1.1836     351     1    100.0   15 
 9/10/26   4:00   10.0   10.1    9.9    75    5.8    4.8     NO   1.21  14.5   NNO    9.8    9.9    9.7  1020.3   0.00    0.0    0.087   0.000   22.6    63   15.2   22.8   11.50   1.1824     352     1    100.0   15 
 9/10/26   4:15   10.0   10.1    9.9    75    5.8    1.6     NO   0.40  12.9   NNO   10.0    9.9    9.9  1020.1   0.00    0.0    0.087   0.000   22.7    62   15.1   23.0   11.29   1.1816     351     1    100.0   15 
 9/10/26   4:30    9.8    9.9    9.7    76    5.7    1.6     NO   0.40  11.3   NNO    9.8    9.7    9.7  1019.9   0.00    0.0    0.089   0.000   22.8    62   15.2   23.2   11.29   1.1808     351     1    100.0   15 
 9/10/26   4:45    9.7    9.7    9.6    77    5.8    1.6     NO   0.40   8.0    NO    9.7    9.6    9.6  1019.9   0.00    0.0    0.090   0.000   22.8    62   15.2   23.2   11.29   1.1808     351     1    100.0   15 
 9/10/26   5:00    9.6    9.6    9.4    77    5.7    0.0    NNO   0.00   8.0     O    9.6    9.4    9.4  1020.1   0.00    0.0    0.091   0.000   22.6    62   15.0   22.8   11.30   1.1821     350     1    100.0   15 
 9/10/26   5:15    9.3    9.5    9.1    78    5.6    0.0    NNO   0.00   3.2   NNO    9.3    9.2    9.2  1020.3   0.00    0.0    0.094   0.000   22.4    62   14.7   22.5   11.30   1.1836     351     1    100.0   15 
 9/10/26   5:30    8.9    9.1    8.8    79    5.5    0.0     NO   0.00   3.2    NO    8.9    8.9    8.9  1020.4   0.00    0.0    0.098   0.000   22.2    62   14.5   22.2   11.31   1.1848     351     1    100.0   15 
 9/10/26   5:45    8.8    8.9    8.8    79    5.4    0.0    ONO   0.00   1.6   ONO    8.8    8.8    8.8  1020.5   0.00    0.0    0.099   0.000   22.4    62   14.7   22.5   11.30   1.1837     351     1    100.0   15 
 9/10/26   6:00    8.9    8.9    8.8    79    5.4    0.0    ONO   0.00   6.4    NO    8.9    8.8    8.8  1020.4   0.00    0.0    0.098   0.000   22.6    61   14.7   22.8   11.14   1.1828     351     1    100.0   15 
 9/10/26   6:15    8.9    8.9    8.8    79    5.4    0.0     NO   0.00   6.4    NO    8.9    8.8    8.8  1020.6   0.00    0.0    0.098   0.000   22.8    61   14.9   23.1   11.13   1.1822     351     1    100.0   15 
 9/10/26   6:30    9.1    9.2    8.9    78    5.4    0.0    ---   0.00   0.0   ---    9.1    8.9    8.9  1020.8   0.00    0.0    0.097   0.000   23.1    62   15.4   23.5   11.28   1.1804     351     1    100.0   15 
 9/10/26   6:45    9.3    9.4    9.2    79    5.8    0.0      O   0.00   3.2     O    9.3    9.2    9.2  1020.9   0.00    0.0    0.094   0.000   23.6    62   15.9   24.2   11.26   1.1779     351     1    100.0   15 
 9/10/26   7:00    9.6    9.9    9.4    76    5.6    0.0     SO   0.00   4.8     O    9.6    9.5    9.5  1021.1   0.00    0.0    0.091   0.000   23.9    62   16.2   24.5   11.25   1.1766     351     1    100.0   15 
 9/10/26   7:15   10.2   10.4    9.9    75    5.9    0.0    OSO   0.00   3.2    NO   10.2   10.1   10.1  1021.3   0.00    0.0    0.085   0.000   24.0    62   16.3   24.6   11.25   1.1763     352     1    100.0   15 
 9/10/26   7:30   10.6   10.8   10.4    72    5.8    0.0    OSO   0.00   4.8   OSO   10.6   10.4   10.4  1021.5   0.00    0.0    0.080   0.000   24.1    62   16.3   24.6   11.24   1.1762     351     1    100.0   15 
 9/10/26   7:45   11.1   11.3   10.8    70    5.8    0.0    OSO   0.00   3.2    SO   11.1   10.7   10.7  1021.6   0.00    0.0    0.076   0.000   24.1    62   16.4   24.7   11.24   1.1760     349     1    100.0   15 
 9/10/26   8:00   11.7   11.9   11.3    69    6.2    0.0     NE   0.00   3.2    NE   11.7   11.3   11.3  1021.6   0.00    0.0    0.069   0.000   24.2    62   16.5   24.8   11.24   1.1755     351     1    100.0   15 
 9/10/26   8:15   12.1   12.3   11.8    69    6.5    0.0    ENE   0.00   4.8     E   12.1   11.6   11.6  1021.7   0.00    0.0    0.065   0.000   24.3    61   16.3   24.8   11.03   1.1754     350     1    100.0   15 
 9/10/26   8:30   12.2   12.3   12.1    69    6.6    0.0    ENE   0.00   4.8     E   12.2   11.7   11.7  1021.8   0.00    0.0    0.064   0.000   24.3    52   13.8   24.4    9.53   1.1787     351     1    100.0   15 
 9/10/26   8:45   12.5   13.1   12.1    68    6.8    0.0      E   0.00   1.6     E   12.5   12.1   12.1  1021.8   0.00    0.0    0.061   0.000   23.8    49   12.4   23.7    9.05   1.1826     350     1    100.0   15 
 9/10/26   9:00   13.6   13.7   13.1    65    7.1    0.0    ENE   0.00   6.4   ENE   13.6   13.0   13.0  1021.8   0.00    0.0    0.050   0.000   23.2    47   11.3   22.9    8.75   1.1860     348     1    100.0   15 
 9/10/26   9:15   14.0   14.3   13.7    64    7.3    0.0    ONO   0.00   1.6     E   14.0   13.4   13.4  1021.8   0.00    0.0    0.045   0.000   22.9    50   11.9   22.6    9.25   1.1866     351     1    100.0   15 
 9/10/26   9:30   14.3   14.6   14.1    63    7.3    0.0    ENE   0.00   4.8   ENE   14.3   13.7   13.7  1021.6   0.00    0.0    0.042   0.000   23.1    51   12.4   22.9    9.38   1.1853     352     1    100.0   15 
 9/10/26   9:45   14.7   14.8   14.6    62    7.5    0.0    ENE   0.00   4.8   ENE   14.7   14.0   14.0  1021.5   0.00    0.0    0.038   0.000   23.3    52   12.9   23.2    9.57   1.1837     351     1    100.0   15 
 9/10/26  10:00   14.9   15.3   14.8    61    7.5    0.0    NNE   0.00   1.6   ENE   14.9   14.3   14.3  1021.3   0.00    0.0    0.035   0.000   23.4    53   13.3   23.5    9.68   1.1823     351     1    100.0   15 
 9/10/26  10:15   15.8   16.1   15.3    58    7.6    0.0      E   0.00   4.8   ENE   15.8   15.1   15.1  1021.3   0.00    0.0    0.026   0.000   23.6    53   13.4   23.6    9.67   1.1817     350     1    100.0   15 
 9/10/26  10:30   16.3   16.4   16.1    54    6.9    0.0     NO   0.00   1.6   ENE   16.3   15.3   15.3  1021.1   0.00    0.0    0.021   0.000   23.7    51   13.0   23.8    9.36   1.1813     352     1    100.0   15 
