                 Temp.  Temp.  Temp.  Hum.   Punt   Vel.   Dir.   Rec.  Vel.  Dir.  Sens.   Índ.   Índ.                  Int. Graus D.Graus D.  Temp.  Hum. Rosada  In.Cal.  EMC     Dens.    Mostr   Tx   Recep.  Int.
  Data    Hora    Ext.   Màx.   Mín.  Ext. Rosada   Vent   Vent   Vent  Màx.  Màx.  Tèrm.  Calor   THW    Bar    Pluja   Pluja  Calor    Fred    Int.  Int.   Int.   Int.    Int.  Int.Aire    Vent   Vent   ISS   Arc.
-------------------------------------------------------------------------------------------------------------------------------------------------------------------------------------------------------------------------
 4/10/26   0:15   17.0   17.0   16.9    97   16.5    3.2    ENE   0.80  14.5   ENE   17.0   17.4   17.4  1021.3   0.40    2.4    0.014   0.000   22.7    67   16.3   23.2   12.29   1.1813     350     1    100.0   15 
 4/10/26   0:30   16.9   17.0   16.9    97   16.5    3.2     NO   0.80   9.7   NNO   16.9   17.4   17.4  1021.1   0.60    3.4    0.014   0.000   22.6    67   16.2   23.0   12.30   1.1818     349     1    100.0   15 
 4/10/26   0:45   16.9   16.9   16.8    97   16.4    1.6     NO   0.40   8.0    NO   16.9   17.3   17.3  1021.0   0.80    3.6    0.015   0.000   22.5    67   16.1   22.9   12.30   1.1822     351     1    100.0   15 
 4/10/26   1:00   16.8   16.8   16.8    97   16.4    1.6     NO   0.40   6.4    NO   16.8   17.3   17.3  1020.9   0.60    3.0    0.016   0.000   22.4    67   16.0   22.7   12.30   1.1826     351     1    100.0   15 
 4/10/26   1:15   16.8   16.8   16.8    97   16.4    0.0     NO   0.00   4.8    NO   16.8   17.3   17.3  1020.6   0.20    1.6    0.016   0.000   22.3    68   16.1   22.7   12.55   1.1823     351     1    100.0   15 
 4/10/26   1:30   16.8   16.8   16.7    97   16.3    1.6     NO   0.40  11.3     E   16.8   17.2   17.2  1020.4   0.40    1.6    0.016   0.000   22.2    68   16.0   22.5   12.55   1.1827     351     1    100.0   15 
 4/10/26   1:45   16.7   16.7   16.7    97   16.2    0.0    NNO   0.00   4.8    NO   16.7   17.1   17.1  1020.2   0.20    1.6    0.017   0.000   22.2    68   16.0   22.4   12.55   1.1827     351     1    100.0   15 
 4/10/26   2:00   16.7   16.7   16.7    97   16.2    0.0      O   0.00   9.7    NO   16.7   17.1   17.1  1020.0   0.00    0.0    0.017   0.000   22.1    68   15.9   22.4   12.55   1.1827     351     1    100.0   15 
 4/10/26   2:15   16.7   16.7   16.7    97   16.2    1.6     NO   0.40   8.0    NO   16.7   17.2   17.2  1019.6   0.20    0.0    0.017   0.000   22.1    68   15.9   22.3   12.55   1.1826     350     1    100.0   15 
 4/10/26   2:30   16.7   16.7   16.6    97   16.2    3.2     NO   0.80  12.9    NO   16.7   17.1   17.1  1019.7   0.00    0.0    0.017   0.000   22.0    68   15.8   22.2   12.55   1.1831     351     1    100.0   15 
 4/10/26   2:45   16.6   16.6   16.6    97   16.1    3.2      E   0.80  16.1     E   16.6   16.9   16.9  1019.9   0.00    0.0    0.019   0.000   21.9    68   15.8   22.2   12.55   1.1835     351     1    100.0   15 
 4/10/26   3:00   16.5   16.6   16.4    97   16.0    3.2      E   0.80  14.5     E   16.5   16.9   16.9  1019.9   0.00    0.0    0.019   0.000   21.9    68   15.7   22.1   12.55   1.1839     351     1    100.0   15 
 4/10/26   3:15   16.4   16.4   16.4    97   16.0    4.8    ENE   1.21  14.5     E   16.4   16.8   16.8  1020.1   0.00    0.0    0.020   0.000   21.8    68   15.7   22.0   12.55   1.1843     351     1    100.0   15 
 4/10/26   3:30   16.4   16.4   16.4    97   16.0    3.2    ENE   0.80  16.1   ENE   16.4   16.8   16.8  1019.9   0.00    0.0    0.020   0.000   21.8    68   15.6   21.9   12.55   1.1845     352     1    100.0   15 
 4/10/26   3:45   16.4   16.4   16.4    97   16.0    1.6    ENE   0.40  11.3     E   16.4   16.8   16.8  1020.1   0.00    0.0    0.020   0.000   21.7    68   15.6   21.8   12.55   1.1849     351     1    100.0   15 
 4/10/26   4:00   16.4   16.4   16.4    97   16.0    1.6      E   0.40  11.3   ESE   16.4   16.8   16.8  1020.2   0.00    0.0    0.020   0.000   21.7    68   15.5   21.8   12.55   1.1854     351     1    100.0   15 
 4/10/26   4:15   16.3   16.4   16.3    97   15.9    1.6     NE   0.40  11.3   ENE   16.3   16.7   16.7  1020.1   0.00    0.0    0.021   0.000   21.6    68   15.4   21.7   12.55   1.1855     351     1    100.0   15 
 4/10/26   4:30   16.3   16.3   16.3    97   15.9    1.6    ENE   0.40  12.9   ENE   16.3   16.7   16.7  1020.0   0.00    0.0    0.021   0.000   21.6    68   15.4   21.7   12.55   1.1854     351     1    100.0   15 
 4/10/26   4:45   16.3   16.3   16.3    97   15.8    1.6    ENE   0.40  12.9     E   16.3   16.6   16.6  1020.1   0.00    0.0    0.021   0.000   21.6    68   15.4   21.6   12.55   1.1858     351     1    100.0   15 
 4/10/26   5:00   16.3   16.3   16.3    97   15.8    1.6    ENE   0.40   9.7     E   16.3   16.6   16.6  1020.0   0.20    0.0    0.021   0.000   21.5    68   15.3   21.6   12.55   1.1860     351     1    100.0   15 
 4/10/26   5:15   16.1   16.3   15.9    96   15.5    0.0     NO   0.00   4.8   NNO   16.1   16.4   16.4  1020.1   0.00    0.0    0.023   0.000   21.5    68   15.3   21.6   12.55   1.1861     351     1    100.0   15 
 4/10/26   5:30   16.2   16.3   15.9    96   15.5    1.6     NO   0.40   6.4    NO   16.2   16.5   16.5  1020.1   0.00    0.0    0.023   0.000   21.4    68   15.3   21.5   12.55   1.1864     351     1    100.0   15 
 4/10/26   5:45   16.3   16.3   16.3    96   15.6    0.0     NO   0.00   6.4    NO   16.3   16.6   16.6  1020.2   0.00    0.0    0.021   0.000   21.4    68   15.2   21.4   12.55   1.1868     352     1    100.0   15 
 4/10/26   6:00   16.3   16.3   16.3    96   15.6    0.0     NO   0.00   4.8    NO   16.3   16.6   16.6  1020.3   0.00    0.0    0.021   0.000   21.4    68   15.2   21.4   12.55   1.1869     351     1    100.0   15 
 4/10/26   6:15   16.3   16.3   16.2    96   15.6    1.6     NO   0.40   6.4   NNO   16.3   16.6   16.6  1020.3   0.00    0.0    0.021   0.000   21.3    68   15.2   21.3   12.55   1.1873     351     1    100.0   15 
 4/10/26   6:30   16.3   16.3   16.2    96   15.6    0.0    NNO   0.00   4.8   ONO   16.3   16.6   16.6  1020.4   0.00    0.0    0.021   0.000   21.3    68   15.2   21.3   12.55   1.1873     351     1    100.0   15 
 4/10/26   6:45   16.3   16.4   16.3    96   15.7    0.0      O   0.00   3.2     O   16.3   16.7   16.7  1020.5   0.00    0.0    0.021   0.000   21.3    69   15.4   21.3   12.84   1.1875     352     1    100.0   15 
 4/10/26   7:00   16.4   16.4   16.4    96   15.8    0.0      O   0.00   3.2     O   16.4   16.8   16.8  1020.8   0.00    0.0    0.020   0.000   21.5    70   15.8   21.7   13.12   1.1863     351     1    100.0   15 
 4/10/26   7:15   16.5   16.6   16.4    97   16.0    0.0      O   0.00   1.6     O   16.5   16.9   16.9  1020.8   0.00    0.0    0.019   0.000   21.7    70   16.0   21.9   13.11   1.1852     351     1    100.0   15 
 4/10/26   7:30   16.6   16.7   16.6    96   16.0    0.0     NO   0.00   4.8    NO   16.6   17.0   17.0  1020.8   0.00    0.0    0.018   0.000   21.9    69   16.0   22.2   12.82   1.1843     351     1    100.0   15 
 4/10/26   7:45   16.4   16.6   16.3    96   15.7    0.0     NO   0.00   3.2    NO   16.4   16.7   16.7  1021.0   0.00    0.0    0.020   0.000   22.3    68   16.1   22.6   12.55   1.1831     352     1    100.0   15 
 4/10/26   8:00   16.4   16.6   16.3    97   16.0    0.0     NO   0.00   3.2    NO   16.4   16.8   16.8  1021.1   0.00    0.0    0.020   0.000   22.9    67   16.4   23.4   12.29   1.1802     351     1    100.0   15 
 4/10/26   8:15   16.7   16.9   16.6    96   16.1    0.0    ENE   0.00   4.8    SE   16.7   17.1   17.1  1021.1   0.00    0.0    0.017   0.000   23.6    66   16.8   24.3   12.06   1.1770     350     1    100.0   15 
 4/10/26   8:30   17.1   17.3   16.9    96   16.5    0.0    ENE   0.00   1.6   ENE   17.1   17.6   17.6  1021.2   0.00    0.0    0.013   0.000   24.1    65   17.1   24.8   11.84   1.1748     351     1    100.0   15 
 4/10/26   8:45   17.3   17.4   17.2    96   16.6    0.0     NE   0.00   3.2   ENE   17.3   17.8   17.8  1021.2   0.00    0.0    0.011   0.000   24.4    64   17.2   25.1   11.63   1.1732     351     1    100.0   15 
 4/10/26   9:00   17.8   18.1   17.5    96   17.1    0.0    ENE   0.00   3.2   ENE   17.8   18.3   18.3  1021.4   0.00    0.0    0.006   0.000   24.8    63   17.3   25.4   11.42   1.1720     350     1    100.0   15 
 4/10/26   9:15   18.3   18.7   18.1    95   17.5    0.0    ENE   0.00   3.2   ENE   18.3   19.0   19.0  1021.4   0.00    0.0    0.000   0.000   24.9    63   17.4   25.6   11.41   1.1711     351     1    100.0   15 
 4/10/26   9:30   18.9   19.3   18.7    92   17.6    0.0    ENE   0.00   4.8     E   18.9   19.7   19.7  1021.6   0.00    0.0    0.000   0.006   25.1    63   17.5   25.7   11.41   1.1707     327     1     95.6   15 
 4/10/26   9:45   19.8   20.3   19.3    89   18.0    0.0    ENE   0.00   4.8     E   19.8   20.7   20.7  1021.4   0.00    0.0    0.000   0.016   25.2    62   17.4   25.8   11.20   1.1700     351     1    100.0   15 
 4/10/26  10:00   20.6   20.8   20.3    86   18.1    0.0     NO   0.00   3.2    NO   20.6   21.6   21.6  1021.1   0.00    0.0    0.000   0.023   25.4    62   17.6   26.1   11.19   1.1685     352     1    100.0   15 
 4/10/26  10:15   21.3   21.6   20.8    83   18.3    0.0    ESE   0.00   6.4    NO   21.3   22.1   22.1  1021.2   0.00    0.0    0.000   0.031   25.6    62   17.8   26.2   11.19   1.1677     351     1    100.0   15 
 4/10/26  10:30   21.6   21.6   21.4    83   18.5    0.0      E   0.00   8.0     E   21.6   22.4   22.4  1021.3   0.00    0.0    0.000   0.034   25.7    62   17.9   26.4   11.18   1.1672     350     1    100.0   15 
 4/10/26  10:45   21.3   21.4   21.2    84   18.5    1.6    ENE   0.40  14.5   ENE   21.3   22.1   22.1  1021.1   0.00    0.0    0.000   0.031   25.7    62   17.9   26.4   11.18   1.1670     351     1    100.0   15 
 4/10/26  11:00   21.3   21.6   21.2    83   18.3    1.6    ENE   0.40  17.7   ENE   21.3   22.1   22.1  1021.1   0.00    0.0    0.000   0.031   25.8    62   17.9   26.4   11.18   1.1667     352     1    100.0   15 
 4/10/26  11:15   21.8   22.1   21.6    82   18.6    3.2    ENE   0.80  16.1   ENE   21.8   22.7   22.7  1021.0   0.00    0.0    0.000   0.036   25.9    62   18.0   26.6   11.18   1.1659     351     1    100.0   15 
 4/10/26  11:30   22.6   22.9   22.1    79   18.7    0.0    ENE   0.00   3.2     E   22.6   23.4   23.4  1020.8   0.00    0.0    0.000   0.044   26.0    62   18.2   26.7   11.17   1.1652     350     1    100.0   15 
 4/10/26  11:45   22.9   22.9   22.7    79   19.1    0.0    ENE   0.00  12.9   ENE   22.9   23.9   23.9  1020.6   0.00    0.0    0.000   0.047   26.0    62   18.2   26.7   11.17   1.1649     351     1    100.0   15 
 4/10/26  12:00   23.1   23.5   22.7    78   19.1    0.0    ENE   0.00   3.2     E   23.1   24.1   24.1  1020.5   0.00    0.0    0.000   0.050   26.0    62   18.2   26.7   11.17   1.1647     351     1    100.0   15 
 4/10/26  12:15   23.9   24.1   23.5    76   19.4    1.6    ENE   0.40  14.5     E   23.9   25.1   25.1  1020.2   0.00    0.0    0.000   0.058   26.2    63   18.6   27.0   11.37   1.1632     352     1    100.0   15 
 4/10/26  12:30   23.3   23.8   22.9    80   19.7    1.6    ENE   0.40  12.9     E   23.3   24.4   24.4  1020.2   0.00    0.0    0.000   0.052   26.2    64   18.9   27.1   11.57   1.1624     351     1    100.0   15 
 4/10/26  12:45   23.1   23.3   22.9    81   19.6    1.6    ENE   0.40  16.1   ENE   23.1   24.1   24.1  1020.0   0.00    0.0    0.000   0.049   26.2    64   18.9   27.1   11.57   1.1622     351     1    100.0   15 
 4/10/26  13:00   23.3   23.4   22.9    81   19.8    1.6    ENE   0.40  14.5    NE   23.3   24.4   24.4  1020.1   0.00    0.0    0.000   0.052   26.2    64   18.9   27.1   11.57   1.1624     351     1    100.0   15 
 4/10/26  13:15   22.8   23.2   22.7    81   19.4    1.6    ENE   0.40  20.9     E   22.8   23.9   23.9  1020.2   0.00    0.0    0.000   0.047   26.2    64   18.8   27.1   11.57   1.1627     351     1    100.0   15 
 4/10/26  13:30   23.4   23.6   23.2    80   19.7    4.8    ENE   1.21  24.1     E   23.4   24.5   24.5  1020.0   0.00    0.0    0.000   0.053   26.2    64   18.9   27.1   11.57   1.1622     351     1    100.0   15 
 4/10/26  13:45   23.5   23.6   23.3    78   19.4    1.6    ENE   0.40  16.1     E   23.5   24.7   24.7  1020.0   0.00    0.0    0.000   0.054   26.3    64   18.9   27.2   11.56   1.1619     351     1    100.0   15 
 4/10/26  14:00   23.7   23.9   23.6    78   19.7    0.0    ESE   0.00   8.0     E   23.7   24.9   24.9  1020.1   0.00    0.0    0.000   0.056   26.3    64   19.0   27.3   11.56   1.1617     351     1    100.0   15 
 4/10/26  14:15   24.3   24.5   23.9    75   19.6    0.0      E   0.00  11.3   ENE   24.3   25.6   25.6  1019.8   0.00    0.0    0.000   0.062   26.4    64   19.0   27.3   11.56   1.1611     351     1    100.0   15 
 4/10/26  14:30   24.6   24.7   24.4    75   19.9    0.0      E   0.00   3.2   ESE   24.6   25.9   25.9  1019.8   0.00    0.0    0.000   0.065   26.4    64   19.0   27.3   11.56   1.1611     352     1    100.0   15 
 4/10/26  14:45   24.3   24.5   24.1    75   19.6    0.0      E   0.00   4.8     E   24.3   25.6   25.6  1019.7   0.00    0.0    0.000   0.062   26.4    64   19.0   27.3   11.56   1.1610     350     1    100.0   15 
 4/10/26  15:00   24.2   24.3   24.1    75   19.5    0.0      E   0.00   4.8   ENE   24.2   25.5   25.5  1019.5   0.00    0.0    0.000   0.061   26.3    64   19.0   27.3   11.56   1.1611     351     1    100.0   15 
 4/10/26  15:15   23.9   24.2   23.5    78   19.9    0.0     NE   0.00  11.3   ESE   23.9   25.3   25.3  1019.6   0.00    0.0    0.000   0.058   26.2    64   18.9   27.1   11.57   1.1618     351     1    100.0   15 
 4/10/26  15:30   23.0   23.4   22.7    79   19.2    1.6    ENE   0.40  14.5     E   23.0   24.0   24.0  1019.8   0.00    0.0    0.000   0.049   26.1    64   18.8   27.0   11.57   1.1626     352     1    100.0   15 
 4/10/26  15:45   22.6   22.7   22.6    80   19.0    0.0      E   0.00  11.3   ESE   22.6   23.6   23.6  1019.8   0.00    0.0    0.000   0.045   26.0    65   18.9   26.9   11.77   1.1628     351     1    100.0   15 
 4/10/26  16:00   22.5   22.7   22.3    80   18.9    1.6    ENE   0.40  12.9   ESE   22.5   23.4   23.4  1019.8   0.00    0.0    0.000   0.043   25.9    65   18.9   26.8   11.78   1.1631     351     1    100.0   15 
 4/10/26  16:15   22.1   22.3   22.1    81   18.7    0.0      E   0.00  11.3     E   22.1   22.9   22.9  1019.7   0.00    0.0    0.000   0.039   25.9    64   18.6   26.7   11.58   1.1637     351     1    100.0   15 
 4/10/26  16:30   22.0   22.1   21.9    82   18.8    0.0      E   0.00   6.4    SE   22.0   22.8   22.8  1019.7   0.00    0.0    0.000   0.038   25.8    64   18.5   26.6   11.58   1.1640     352     1    100.0   15 
 4/10/26  16:45   21.9   22.0   21.8    82   18.7    0.0    ENE   0.00   4.8     E   21.9   22.8   22.8  1019.7   0.00    0.0    0.000   0.038   25.7    64   18.4   26.5   11.58   1.1646     350     1    100.0   15 
 4/10/26  17:00   21.9   22.0   21.9    82   18.7    0.0    ENE   0.00   1.6   ENE   21.9   22.8   22.8  1019.7   0.00    0.0    0.000   0.038   25.7    64   18.4   26.5   11.58   1.1646     351     1    100.0   15 
 4/10/26  17:15   21.7   21.9   21.4    84   18.8    0.0      E   0.00   1.6   ENE   21.7   22.6   22.6  1019.7   0.00    0.0    0.000   0.035   25.7    64   18.3   26.4   11.59   1.1649     349     1    100.0   15 
 4/10/26  17:30   21.2   21.4   21.1    85   18.6    0.0    ---   0.00   0.0   ---   21.2   22.1   22.1  1019.8   0.00    0.0    0.000   0.030   25.6    64   18.3   26.3   11.59   1.1653     350     1    100.0   15 
 4/10/26  17:45   20.8   21.1   20.7    86   18.4    0.0      E   0.00   4.8   ESE   20.8   21.8   21.8  1020.0   0.00    0.0    0.000   0.026   25.6    65   18.5   26.3   11.79   1.1654     352     1    100.0   15 
 4/10/26  18:00   20.6   20.7   20.4    87   18.3    1.6    ENE   0.40  12.9   ENE   20.6   21.6   21.6  1020.2   0.00    0.0    0.000   0.023   25.5    64   18.2   26.2   11.59   1.1663     351     1    100.0   15 
 4/10/26  18:15   20.3   20.4   20.1    88   18.2    3.2      E   0.80  12.9   ESE   20.3   21.3   21.3  1020.2   0.00    0.0    0.000   0.020   25.4    65   18.4   26.2   11.79   1.1662     351     1    100.0   15 
 4/10/26  18:30   20.1   20.1   19.9    89   18.2    1.6    ENE   0.40  11.3     E   20.1   21.0   21.0  1020.3   0.00    0.0    0.000   0.018   25.4    65   18.3   26.2   11.80   1.1667     351     1    100.0   15 
 4/10/26  18:45   19.8   19.9   19.7    90   18.1    3.2    ENE   0.80  14.5   ENE   19.8   20.7   20.7  1020.5   0.00    0.0    0.000   0.016   25.3    65   18.3   26.1   11.80   1.1672     352     1    100.0   15 
 4/10/26  19:00   19.6   19.7   19.4    90   17.9    3.2      E   0.80  12.9   ESE   19.6   20.4   20.4  1020.7   0.00    0.0    0.000   0.013   25.3    65   18.2   26.1   11.80   1.1677     349     1    100.0   15 
 4/10/26  19:15   19.3   19.4   19.2    90   17.6    3.2    ENE   0.80  11.3     E   19.3   20.1   20.1  1020.9   0.00    0.0    0.000   0.010   25.2    65   18.1   25.9   11.80   1.1686     351     1    100.0   15 
 4/10/26  19:30   19.1   19.2   19.1    91   17.6    1.6      E   0.40  11.3     E   19.1   19.9   19.9  1021.1   0.00    0.0    0.000   0.008   25.0    66   18.2   25.8   12.01   1.1694     351     1    100.0   15 
 4/10/26  19:45   18.9   19.1   18.8    91   17.4    3.2    ENE   0.80  11.3   ENE   18.9   19.7   19.7  1021.3   0.00    0.0    0.000   0.006   24.9    66   18.1   25.7   12.01   1.1701     352     1    100.0   15 
 4/10/26  20:00   18.7   18.9   18.4    91   17.2    4.8    ENE   1.21  14.5   ENE   18.7   19.3   19.3  1021.2   0.00    0.0    0.000   0.003   24.8    66   18.0   25.6   12.02   1.1707     350     1    100.0   15 
 4/10/26  20:15   18.4   18.4   18.3    92   17.1    1.6    ENE   0.40  11.3   ENE   18.4   19.0   19.0  1021.3   0.00    0.0    0.000   0.001   24.7    67   18.1   25.5   12.22   1.1710     351     1    100.0   15 
 4/10/26  20:30   18.5   18.5   18.4    92   17.2    3.2    ENE   0.80   9.7     E   18.5   19.2   19.2  1021.4   0.00    0.0    0.000   0.002   24.6    67   18.0   25.4   12.23   1.1717     350     1    100.0   15 
 4/10/26  20:45   18.4   18.4   18.4    92   17.1    1.6    ENE   0.40   9.7    NE   18.4   19.0   19.0  1021.4   0.00    0.0    0.000   0.001   24.4    67   17.9   25.2   12.23   1.1723     351     1    100.0   15 
 4/10/26  21:00   18.3   18.4   18.3    92   17.0    0.0    ENE   0.00   3.2   ENE   18.3   18.9   18.9  1021.3   0.00    0.0    0.000   0.000   24.4    67   17.9   25.2   12.23   1.1725     351     1    100.0   15 
 4/10/26  21:15   18.2   18.3   18.1    92   16.9    0.0    ENE   0.00   6.4   ENE   18.2   18.8   18.8  1021.5   0.00    0.0    0.001   0.000   24.3    67   17.8   25.1   12.24   1.1733     350     1    100.0   15 
 4/10/26  21:30   18.1   18.1   18.1    92   16.7    3.2    ENE   0.80  11.3   ENE   18.1   18.6   18.6  1021.6   0.00    0.0    0.003   0.000   24.2    67   17.7   24.9   12.24   1.1740     350     1    100.0   15 
 4/10/26  21:45   18.0   18.1   17.9    91   16.5    1.6    ENE   0.40   8.0   ENE   18.0   18.5   18.5  1021.8   0.00    0.0    0.003   0.000   24.1    67   17.6   24.9   12.24   1.1746     351     1    100.0   15 
 4/10/26  22:00   17.9   17.9   17.9    91   16.5    3.2    ENE   0.80   9.7    NE   17.9   18.4   18.4  1021.9   0.00    0.0    0.004   0.000   24.0    67   17.5   24.8   12.25   1.1753     351     1    100.0   15 
 4/10/26  22:15   17.9   17.9   17.9    91   16.4    3.2    ENE   0.80  11.3   ENE   17.9   18.4   18.4  1022.1   0.00    0.0    0.005   0.000   23.9    67   17.4   24.8   12.25   1.1758     351     1    100.0   15 
 4/10/26  22:30   17.9   17.9   17.9    90   16.3    3.2    ENE   0.80  11.3   ENE   17.9   18.4   18.4  1022.0   0.00    0.0    0.004   0.000   23.8    68   17.6   24.7   12.55   1.1759     350     1    100.0   15 
 4/10/26  22:45   17.9   18.0   17.9    91   16.5    0.0    ENE   0.00   3.2   ENE   17.9   18.4   18.4  1021.9   0.00    0.0    0.004   0.000   23.9    68   17.6   24.7   12.55   1.1755     350     1    100.0   15 
 4/10/26  23:00   17.9   17.9   17.9    91   16.5    0.0    ---   0.00   0.0   ---   17.9   18.4   18.4  1021.8   0.00    0.0    0.004   0.000   23.9    67   17.4   24.8   12.25   1.1754     352     1    100.0   15 
 4/10/26  23:15   17.9   18.0   17.9    91   16.5    0.0    ---   0.00   0.0   ---   17.9   18.4   18.4  1021.7   0.00    0.0    0.004   0.000   23.9    68   17.6   24.7   12.55   1.1752     350     1    100.0   15 
 4/10/26  23:30   18.1   18.1   18.0    91   16.6    0.0    ---   0.00   0.0   ---   18.1   18.6   18.6  1021.6   0.00    0.0    0.003   0.000   23.8    68   17.5   24.6   12.55   1.1758     351     1    100.0   15 
 4/10/26  23:45   17.8   18.0   17.8    91   16.3    0.0    ---   0.00   0.0   ---   17.8   18.3   18.3  1021.4   0.00    0.0    0.005   0.000   23.7    68   17.5   24.6   12.55   1.1759     351     1    100.0   15 
 5/10/26  00:00   17.8   17.8   17.7    92   16.5    0.0    ---   0.00   0.0   ---   17.8   18.3   18.3  1021.0   0.00    0.0    0.006   0.000   23.7    68   17.4   24.5   12.55   1.1757     351     1    100.0   15 
 5/10/26   0:15   17.8   17.9   17.8    92   16.5    0.0    ENE   0.00   3.2   ENE   17.8   18.3   18.3  1021.0   0.00    0.0    0.006   0.000   23.6    68   17.3   24.4   12.55   1.1762     349     1    100.0   15 
 5/10/26   0:30   17.8   17.9   17.8    92   16.5    0.0    ---   0.00   0.0   ---   17.8   18.3   18.3  1020.8   0.00    0.0    0.005   0.000   23.5    68   17.3   24.3   12.55   1.1763     351     1    100.0   15 
 5/10/26   0:45   17.8   17.8   17.8    92   16.5    0.0      E   0.00   3.2     E   17.8   18.3   18.3  1020.6   0.00    0.0    0.006   0.000   23.4    68   17.2   24.3   12.55   1.1764     349     1    100.0   15 
 5/10/26   1:00   17.8   17.9   17.8    92   16.5    0.0    ENE   0.00   8.0     E   17.8   18.3   18.3  1020.6   0.00    0.0    0.005   0.000   23.4    68   17.1   24.2   12.55   1.1767     351     1    100.0   15 
 5/10/26   1:15   17.8   17.9   17.8    92   16.5    1.6    ENE   0.40  11.3   ENE   17.8   18.3   18.3  1020.4   0.00    0.0    0.005   0.000   23.3    68   17.1   24.1   12.55   1.1767     349     1    100.0   15 
 5/10/26   1:30   17.7   17.8   17.7    93   16.6    0.0    ENE   0.00  11.3   ENE   17.7   18.2   18.2  1020.6   0.00    0.0    0.006   0.000   23.2    68   17.0   23.9   12.55   1.1775     352     1    100.0   15 
 5/10/26   1:45   17.6   17.7   17.6    93   16.5    0.0    ENE   0.00   4.8   ENE   17.6   18.1   18.1  1020.5   0.00    0.0    0.008   0.000   23.2    68   16.9   23.9   12.55   1.1778     350     1    100.0   15 
 5/10/26   2:00   17.5   17.6   17.4    93   16.4    0.0    ---   0.00   0.0   ---   17.5   17.9   17.9  1020.7   0.00    0.0    0.009   0.000   23.1    68   16.9   23.8   12.55   1.1782     350     1    100.0   15 
 5/10/26   2:15   17.3   17.4   17.3    93   16.2    0.0    ---   0.00   0.0   ---   17.3   17.8   17.8  1020.6   0.00    0.0    0.010   0.000   23.1    68   16.8   23.7   12.55   1.1784     350     1    100.0   15 
 5/10/26   2:30   17.4   17.4   17.3    93   16.2    0.0    ENE   0.00   6.4   ENE   17.4   17.8   17.8  1020.2   0.00    0.0    0.010   0.000   23.0    68   16.8   23.6   12.55   1.1783     350     1    100.0   15 
 5/10/26   2:45   17.4   17.4   17.3    93   16.2    0.0    ENE   0.00   8.0     E   17.4   17.8   17.8  1020.1   0.00    0.0    0.010   0.000   22.9    68   16.7   23.6   12.55   1.1784     352     1    100.0   15 
 5/10/26   3:00   17.3   17.3   17.2    92   16.0    0.0    ---   0.00   0.0   ---   17.3   17.7   17.7  1020.2   0.00    0.0    0.011   0.000   22.9    68   16.7   23.4   12.55   1.1788     350     1    100.0   15 
 5/10/26   3:15   17.2   17.2   17.1    93   16.0    0.0    ---   0.00   0.0   ---   17.2   17.6   17.6  1020.1   0.00    0.0    0.012   0.000   22.8    68   16.6   23.4   12.55   1.1790     351     1    100.0   15 
 5/10/26   3:30   17.1   17.2   17.0    93   16.0    0.0     NO   0.00   6.4    NO   17.1   17.5   17.5  1019.8   0.00    0.0    0.013   0.000   22.8    68   16.6   23.3   12.55   1.1790     350     1    100.0   15 
 5/10/26   3:45   16.9   17.0   16.9    94   16.0    0.0     NO   0.00   1.6    NO   16.9   17.3   17.3  1019.5   0.00    0.0    0.014   0.000   22.7    68   16.5   23.2   12.55   1.1790     351     1    100.0   15 
 5/10/26   4:00   16.8   16.9   16.8    94   15.9    0.0    ---   0.00   0.0   ---   16.8   17.2   17.2  1019.5   0.00    0.0    0.016   0.000   22.7    68   16.5   23.2   12.55   1.1792     349     1    100.0   15 
 5/10/26   4:15   16.8   16.8   16.8    94   15.8    0.0      E   0.00   1.6    SE   16.8   17.2   17.2  1019.6   0.00    0.0    0.016   0.000   22.6    68   16.4   23.1   12.55   1.1797     351     1    100.0   15 
 5/10/26   4:30   16.8   16.8   16.8    94   15.8    0.0     NO   0.00   3.2    NO   16.8   17.2   17.2  1019.6   0.00    0.0    0.016   0.000   22.6    68   16.4   23.0   12.55   1.1799     351     1    100.0   15 
 5/10/26   4:45   16.8   16.8   16.8    94   15.9    0.0    ---   0.00   0.0   ---   16.8   17.2   17.2  1019.7   0.00    0.0    0.016   0.000   22.6    68   16.4   23.0   12.55   1.1800     352     1    100.0   15 
 5/10/26   5:00   16.8   16.8   16.8    94   15.8    0.0     NE   0.00   3.2   ENE   16.8   17.2   17.2  1020.0   0.00    0.0    0.016   0.000   22.5    68   16.3   22.9   12.55   1.1807     350     1    100.0   15 
 5/10/26   5:15   16.7   16.8   16.7    93   15.6    1.6    ENE   0.40  11.3   ENE   16.7   17.1   17.1  1019.7   0.00    0.0    0.017   0.000   22.4    68   16.2   22.8   12.55   1.1807     350     1    100.0   15 
 5/10/26   5:30   16.8   16.8   16.8    92   15.5    1.6    ENE   0.40   9.7    NE   16.8   17.1   17.1  1020.1   0.00    0.0    0.016   0.000   22.7    68   16.5   23.2   12.55   1.1796     351     1    100.0   15 
 5/10/26   5:45   16.9   16.9   16.8    92   15.6    0.0    ENE   0.00   4.8   ENE   16.9   17.2   17.2  1019.9   0.00    0.0    0.015   0.000   23.2    67   16.8   23.9   12.27   1.1771     349     1    100.0   15 
 5/10/26   6:00   16.9   17.0   16.9    92   15.6    0.0      E   0.00   1.6     E   16.9   17.3   17.3  1019.8   0.00    0.0    0.014   0.000   23.7    66   17.0   24.5   12.06   1.1746     351     1    100.0   15 
 5/10/26   6:15   16.9   17.0   16.7    91   15.4    0.0     NE   0.00   1.6    NE   16.9   17.2   17.2  1019.8   0.00    0.0    0.015   0.000   24.1    65   17.1   24.8   11.84   1.1732     351     1    100.0   15 
 5/10/26   6:30   16.9   17.0   16.7    92   15.6    1.6    ENE   0.40  11.3   ENE   16.9   17.2   17.2  1020.0   0.00    0.0    0.015   0.000   24.3    65   17.3   24.9   11.84   1.1723     351     1    100.0   15 
 5/10/26   6:45   16.9   17.1   16.8    91   15.5    0.0    ENE   0.00   3.2   ENE   16.9   17.3   17.3  1019.9   0.00    0.0    0.014   0.000   24.7    65   17.6   25.3   11.82   1.1701     350     1    100.0   15 
 5/10/26   7:00   16.8   16.8   16.7    92   15.5    1.6      E   0.40   9.7     E   16.8   17.1   17.1  1020.0   0.00    0.0    0.016   0.000   25.1    65   18.0   25.8   11.81   1.1681     351     1    100.0   15 
 5/10/26   7:15   16.9   16.9   16.8    92   15.6    0.0      E   0.00   4.8     E   16.9   17.3   17.3  1019.8   0.20    0.0    0.014   0.000   25.4    64   18.1   26.1   11.60   1.1665     351     1    100.0   15 
 5/10/26   7:30   16.9   16.9   16.8    93   15.7    0.0      E   0.00   8.0     E   16.9   17.3   17.3  1020.4   0.40    2.2    0.015   0.000   25.6    64   18.2   26.3   11.59   1.1662     350     1    100.0   15 
 5/10/26   7:45   16.8   16.8   16.8    94   15.9    0.0    ---   0.00   0.0   ---   16.8   17.2   17.2  1020.4   0.00    0.8    0.016   0.000   25.5    64   18.2   26.2   11.59   1.1665     351     1    100.0   15 
 5/10/26   8:00   16.8   16.8   16.8    94   15.9    0.0     NO   0.00   3.2    NO   16.8   17.2   17.2  1020.2   0.20    0.8    0.016   0.000   25.4    64   18.1   26.1   11.60   1.1669     351     1    100.0   15 
 5/10/26   8:15   16.8   16.8   16.7    95   16.0    0.0    ENE   0.00   3.2   ENE   16.8   17.2   17.2  1020.2   0.00    0.0    0.016   0.000   25.3    64   18.0   26.0   11.60   1.1675     351     1    100.0   15 
 5/10/26   8:30   16.8   16.9   16.8    95   16.0    0.0      E   0.00   8.0     E   16.8   17.2   17.2  1020.5   0.00    0.0    0.016   0.000   25.1    64   17.8   25.8   11.61   1.1687     349     1    100.0   15 
 5/10/26   8:45   16.9   16.9   16.8    95   16.1    0.0    ENE   0.00   3.2   ESE   16.9   17.3   17.3  1020.9   0.20    0.0    0.015   0.000   25.0    64   17.7   25.7   11.61   1.1698     349     1    100.0   15 
 5/10/26   9:00   16.9   17.0   16.9    95   16.1    0.0    ENE   0.00   6.4   ENE   16.9   17.4   17.4  1020.8   0.00    0.0    0.014   0.000   24.9    64   17.7   25.6   11.61   1.1700     350     1    100.0   15 
 5/10/26   9:15   16.9   17.0   16.9    96   16.3    0.0    ENE   0.00   1.6     E   16.9   17.4   17.4  1020.5   0.00    0.0    0.014   0.000   24.8    65   17.8   25.6   11.82   1.1699     350     1    100.0   15 
 5/10/26   9:30   17.1   17.2   17.0    96   16.5    0.0    ONO   0.00   1.6   ONO   17.1   17.6   17.6  1020.4   0.00    0.0    0.013   0.000   24.7    65   17.7   25.4   11.82   1.1704     351     1    100.0   15 
 5/10/26   9:45   17.2   17.2   17.2    96   16.6    3.2      E   0.80  16.1   ENE   17.2   17.7   17.7  1020.5   0.00    0.0    0.012   0.000   24.6    65   17.5   25.2   11.83   1.1713     351     1    100.0   15 
 5/10/26  10:00   17.3   17.5   17.2    96   16.7    3.2    ENE   0.80  17.7   ENE   17.3   17.8   17.8  1020.4   0.00    0.0    0.010   0.000   24.4    65   17.4   25.1   11.83   1.1718     350     1    100.0   15 
 5/10/26  10:15   17.7   17.8   17.5    95   16.9    0.0    ENE   0.00  11.3     E   17.7   18.2   18.2  1020.4   0.00    0.0    0.007   0.000   24.3    65   17.3   25.0   11.83   1.1724     351     1    100.0   15 
 5/10/26  10:30   18.0   18.2   17.8    95   17.2    0.0    ENE   0.00   6.4   ENE   18.0   18.6   18.6  1020.5   0.00    0.0    0.003   0.000   24.3    65   17.3   25.0   11.83   1.1725     350     1    100.0   15 
