                 Temp.  Temp.  Temp.  Hum.   Punt   Vel.   Dir.   Rec.  Vel.  Dir.  Sens.   Índ.   Índ.                  Int. Graus D.Graus D.  Temp.  Hum. Rosada  In.Cal.  EMC     Dens.    Mostr   Tx   Recep.  Int.
  Data    Hora    Ext.   Màx.   Mín.  Ext. Rosada   Vent   Vent   Vent  Màx.  Màx.  Tèrm.  Calor   THW    Bar    Pluja   Pluja  Calor    Fred    Int.  Int.   Int.   Int.    Int.  Int.Aire    Vent   Vent   ISS   Arc.
-------------------------------------------------------------------------------------------------------------------------------------------------------------------------------------------------------------------------
 9/10/26   0:15   12.2   12.2   12.1    65    5.8    0.0     SO   0.00   8.0   OSO   12.2   11.6   11.6  1020.4   0.00    0.0    0.064   0.000   23.6    63   16.1   24.2   11.46   1.1772     348     1    100.0   15 
 9/10/26   0:30   11.9   12.1   11.8    65    5.6    1.6     NO   0.40   9.7   NNO   11.9   11.4   11.4  1020.5   0.00    0.0    0.067   0.000   23.4    63   15.9   23.9   11.47   1.1782     351     1    100.0   15 
 9/10/26   0:45   11.8   11.8   11.7    65    5.5    1.6     NO   0.40  16.1   NNO   11.8   11.3   11.3  1020.4   0.00    0.0    0.068   0.000   23.2    63   15.8   23.7   11.47   1.1789     351     1    100.0   15 
 9/10/26   1:00   11.7   11.7   11.6    66    5.5    1.6     NO   0.40   9.7    NO   11.7   11.2   11.2  1020.7   0.00    0.0    0.069   0.000   23.1    63   15.6   23.5   11.48   1.1802     350     1    100.0   15 
 9/10/26   1:15   11.4   11.6   11.3    68    5.7    0.0     NO   0.00   6.4    NO   11.4   11.1   11.1  1020.6   0.00    0.0    0.072   0.000   22.9    63   15.5   23.3   11.49   1.1810     351     1    100.0   15 
 9/10/26   1:30   11.1   11.2   11.0    69    5.6    0.0    ---   0.00   0.0   ---   11.1   10.8   10.8  1020.6   0.00    0.0    0.075   0.000   22.7    64   15.5   23.0   11.65   1.1818     350     1    100.0   15 
 9/10/26   1:45   10.9   11.0   10.8    69    5.4    0.0    ---   0.00   0.0   ---   10.9   10.6   10.6  1020.5   0.00    0.0    0.078   0.000   22.5    64   15.3   22.7   11.65   1.1825     351     1    100.0   15 
 9/10/26   2:00   10.7   10.8   10.7    70    5.5    0.0    OSO   0.00   3.2   OSO   10.7   10.4   10.4  1020.4   0.00    0.0    0.079   0.000   22.3    64   15.1   22.4   11.65   1.1836     351     1    100.0   15 
 9/10/26   2:15   10.6   10.7   10.6    70    5.4    0.0     NO   0.00   4.8    NO   10.6   10.3   10.3  1020.3   0.00    0.0    0.080   0.000   22.1    64   15.0   22.2   11.65   1.1844     351     1    100.0   15 
 9/10/26   2:30   10.4   10.6   10.3    71    5.4    1.6     NO   0.40  17.7   NNO   10.4   10.2   10.2  1020.2   0.00    0.0    0.082   0.000   21.9    64   14.8   21.9   11.65   1.1854     351     1    100.0   15 
 9/10/26   2:45   10.5   10.6   10.4    71    5.5    3.2     NO   0.80  12.9   ONO   10.5   10.3   10.3  1020.3   0.00    0.0    0.082   0.000   21.7    64   14.6   21.7   11.65   1.1863     351     1    100.0   15 
 9/10/26   3:00   10.4   10.5   10.3    72    5.6    3.2     NO   0.80  14.5     O   10.4   10.2   10.2  1020.2   0.00    0.0    0.082   0.000   21.5    65   14.6   21.4   11.85   1.1871     351     1    100.0   15 
 9/10/26   3:15   10.2   10.3   10.1    74    5.7    3.2     NO   0.80  12.9    NO   10.2   10.0   10.0  1020.0   0.00    0.0    0.085   0.000   21.6    65   14.7   21.6   11.85   1.1863     350     1    100.0   15 
 9/10/26   3:30   10.0   10.1    9.9    75    5.8    3.2     NO   0.80   9.7   OSO   10.0    9.9    9.9  1020.1   0.00    0.0    0.087   0.000   21.9    64   14.8   21.9   11.65   1.1850     351     1    100.0   15 
 9/10/26   3:45    9.9    9.9    9.9    75    5.7    3.2     NO   0.80  11.3   NNO    9.9    9.8    9.8  1020.1   0.00    0.0    0.088   0.000   22.3    63   14.9   22.4   11.51   1.1836     351     1    100.0   15 
 9/10/26   4:00   10.0   10.1    9.9    75    5.8    4.8     NO   1.21  14.5   NNO    9.8    9.9    9.7  1020.3   0.00    0.0    0.087   0.000   22.6    63   15.2   22.8   11.50   1.1824     352     1    100.0   15 
 9/10/26   4:15   10.0   10.1    9.9    75    5.8    1.6     NO   0.40  12.9   NNO   10.0    9.9    9.9  1020.1   0.00    0.0    0.087   0.000   22.7    62   15.1   23.0   11.29   1.1816     351     1    100.0   15 
 9/10/26   4:30    9.8    9.9    9.7    76    5.7    1.6     NO   0.40  11.3   NNO    9.8    9.7    9.7  1019.9   0.00    0.0    0.089   0.000   22.8    62   15.2   23.2   11.29   1.1808     351     1    100.0   15 
 9/10/26   4:45    9.7    9.7    9.6    77    5.8    1.6     NO   0.40   8.0    NO    9.7    9.6    9.6  1019.9   0.00    0.0    0.090   0.000   22.8    62   15.2   23.2   11.29   1.1808     351     1    100.0   15 
 9/10/26   5:00    9.6    9.6    9.4    77    5.7    0.0    NNO   0.00   8.0     O    9.6    9.4    9.4  1020.1   0.00    0.0    0.091   0.000   22.6    62   15.0   22.8   11.30   1.1821     350     1    100.0   15 
 9/10/26   5:15    9.3    9.5    9.1    78    5.6    0.0    NNO   0.00   3.2   NNO    9.3    9.2    9.2  1020.3   0.00    0.0    0.094   0.000   22.4    62   14.7   22.5   11.30   1.1836     351     1    100.0   15 
 9/10/26   5:30    8.9    9.1    8.8    79    5.5    0.0     NO   0.00   3.2    NO    8.9    8.9    8.9  1020.4   0.00    0.0    0.098   0.000   22.2    62   14.5   22.2   11.31   1.1848     351     1    100.0   15 
 9/10/26   5:45    8.8    8.9    8.8    79    5.4    0.0    ONO   0.00   1.6   ONO    8.8    8.8    8.8  1020.5   0.00    0.0    0.099   0.000   22.4    62   14.7   22.5   11.30   1.1837     351     1    100.0   15 
 9/10/26   6:00    8.9    8.9    8.8    79    5.4    0.0    ONO   0.00   6.4    NO    8.9    8.8    8.8  1020.4   0.00    0.0    0.098   0.000   22.6    61   14.7   22.8   11.14   1.1828     351     1    100.0   15 
 9/10/26   6:15    8.9    8.9    8.8    79    5.4    0.0     NO   0.00   6.4    NO    8.9    8.8    8.8  1020.6   0.00    0.0    0.098   0.000   22.8    61   14.9   23.1   11.13   1.1822     351     1    100.0   15 
 9/10/26   6:30    9.1    9.2    8.9    78    5.4    0.0    ---   0.00   0.0   ---    9.1    8.9    8.9  1020.8   0.00    0.0    0.097   0.000   23.1    62   15.4   23.5   11.28   1.1804     351     1    100.0   15 
 9/10/26   6:45    9.3    9.4    9.2    79    5.8    0.0      O   0.00   3.2     O    9.3    9.2    9.2  1020.9   0.00    0.0    0.094   0.000   23.6    62   15.9   24.2   11.26   1.1779     351     1    100.0   15 
 9/10/26   7:00    9.6    9.9    9.4    76    5.6    0.0     SO   0.00   4.8     O    9.6    9.5    9.5  1021.1   0.00    0.0    0.091   0.000   23.9    62   16.2   24.5   11.25   1.1766     351     1    100.0   15 
 9/10/26   7:15   10.2   10.4    9.9    75    5.9    0.0    OSO   0.00   3.2    NO   10.2   10.1   10.1  1021.3   0.00    0.0    0.085   0.000   24.0    62   16.3   24.6   11.25   1.1763     352     1    100.0   15 
 9/10/26   7:30   10.6   10.8   10.4    72    5.8    0.0    OSO   0.00   4.8   OSO   10.6   10.4   10.4  1021.5   0.00    0.0    0.080   0.000   24.1    62   16.3   24.6   11.24   1.1762     351     1    100.0   15 
 9/10/26   7:45   11.1   11.3   10.8    70    5.8    0.0    OSO   0.00   3.2    SO   11.1   10.7   10.7  1021.6   0.00    0.0    0.076   0.000   24.1    62   16.4   24.7   11.24   1.1760     349     1    100.0   15 
 9/10/26   8:00   11.7   11.9   11.3    69    6.2    0.0     NE   0.00   3.2    NE   11.7   11.3   11.3  1021.6   0.00    0.0    0.069   0.000   24.2    62   16.5   24.8   11.24   1.1755     351     1    100.0   15 
 9/10/26   8:15   12.1   12.3   11.8    69    6.5    0.0    ENE   0.00   4.8     E   12.1   11.6   11.6  1021.7   0.00    0.0    0.065   0.000   24.3    61   16.3   24.8   11.03   1.1754     350     1    100.0   15 
 9/10/26   8:30   12.2   12.3   12.1    69    6.6    0.0    ENE   0.00   4.8     E   12.2   11.7   11.7  1021.8   0.00    0.0    0.064   0.000   24.3    52   13.8   24.4    9.53   1.1787     351     1    100.0   15 
 9/10/26   8:45   12.5   13.1   12.1    68    6.8    0.0      E   0.00   1.6     E   12.5   12.1   12.1  1021.8   0.00    0.0    0.061   0.000   23.8    49   12.4   23.7    9.05   1.1826     350     1    100.0   15 
 9/10/26   9:00   13.6   13.7   13.1    65    7.1    0.0    ENE   0.00   6.4   ENE   13.6   13.0   13.0  1021.8   0.00    0.0    0.050   0.000   23.2    47   11.3   22.9    8.75   1.1860     348     1    100.0   15 
 9/10/26   9:15   14.0   14.3   13.7    64    7.3    0.0    ONO   0.00   1.6     E   14.0   13.4   13.4  1021.8   0.00    0.0    0.045   0.000   22.9    50   11.9   22.6    9.25   1.1866     351     1    100.0   15 
 9/10/26   9:30   14.3   14.6   14.1    63    7.3    0.0    ENE   0.00   4.8   ENE   14.3   13.7   13.7  1021.6   0.00    0.0    0.042   0.000   23.1    51   12.4   22.9    9.38   1.1853     352     1    100.0   15 
 9/10/26   9:45   14.7   14.8   14.6    62    7.5    0.0    ENE   0.00   4.8   ENE   14.7   14.0   14.0  1021.5   0.00    0.0    0.038   0.000   23.3    52   12.9   23.2    9.57   1.1837     351     1    100.0   15 
 9/10/26  10:00   14.9   15.3   14.8    61    7.5    0.0    NNE   0.00   1.6   ENE   14.9   14.3   14.3  1021.3   0.00    0.0    0.035   0.000   23.4    53   13.3   23.5    9.68   1.1823     351     1    100.0   15 
 9/10/26  10:15   15.8   16.1   15.3    58    7.6    0.0      E   0.00   4.8   ENE   15.8   15.1   15.1  1021.3   0.00    0.0    0.026   0.000   23.6    53   13.4   23.6    9.67   1.1817     350     1    100.0   15 
 9/10/26  10:30   16.3   16.4   16.1    54    6.9    0.0     NO   0.00   1.6   ENE   16.3   15.3   15.3  1021.1   0.00    0.0    0.021   0.000   23.7    51   13.0   23.8    9.36   1.1813     352     1    100.0   15 
 9/10/26  10:45   16.7   17.1   16.4    53    7.1    0.0     SE   0.00   4.8    NO   16.7   15.8   15.8  1021.0   0.00    0.0    0.017   0.000   23.8    52   13.4   23.9    9.55   1.1803     351     1    100.0   15 
 9/10/26  11:00   17.3   17.4   17.1    48    6.2    0.0     SO   0.00  14.5   OSO   17.3   16.1   16.1  1020.9   0.00    0.0    0.011   0.000   24.0    52   13.5   24.1    9.55   1.1793     349     1    100.0   15 
 9/10/26  11:15   17.7   17.8   17.5    44    5.3    1.6     SO   0.40  11.3   OSO   17.7   16.4   16.4  1020.8   0.00    0.0    0.006   0.000   24.2    53   14.0   24.3    9.65   1.1780     351     1    100.0   15 
 9/10/26  11:30   18.1   18.3   17.7    44    5.6    0.0     NO   0.00   8.0     O   18.1   16.8   16.8  1020.7   0.00    0.0    0.003   0.000   24.3    53   14.1   24.4    9.65   1.1774     350     1    100.0   15 
 9/10/26  11:45   18.6   18.8   18.3    42    5.4    1.6    OSO   0.40  11.3   OSO   18.6   17.2   17.2  1020.6   0.00    0.0    0.000   0.002   24.4    51   13.6   24.4    9.35   1.1773     352     1    100.0   15 
 9/10/26  12:00   18.9   19.3   18.8    40    5.0    0.0     SO   0.00   9.7   OSO   18.9   17.5   17.5  1020.4   0.00    0.0    0.000   0.006   24.4    49   13.0   24.3    9.03   1.1779     351     1    100.0   15 
 9/10/26  12:15   19.5   19.7   19.3    37    4.4    1.6    NNO   0.40  12.9    SO   19.5   17.9   17.9  1020.3   0.00    0.0    0.000   0.012   24.4    49   13.0   24.3    9.03   1.1777     351     1    100.0   15 
 9/10/26  12:30   19.6   19.8   19.5    36    4.1    3.2    OSO   0.80  12.9    NO   19.6   18.0   18.0  1020.1   0.00    0.0    0.000   0.013   24.4    49   13.0   24.4    9.03   1.1772     350     1    100.0   15 
 9/10/26  12:45   20.0   20.4   19.6    36    4.5    1.6     NO   0.40   9.7    SO   20.0   18.4   18.4  1019.8   0.00    0.0    0.000   0.017   24.5    50   13.4   24.5    9.23   1.1763     352     1    100.0   15 
 9/10/26  13:00   20.6   20.8   20.4    35    4.6    1.6     NO   0.40   9.7    NO   20.6   18.9   18.9  1019.7   0.00    0.0    0.000   0.023   24.6    51   13.7   24.6    9.35   1.1755     351     1    100.0   15 
 9/10/26  13:15   20.6   20.9   20.4    36    5.0    1.6     NO   0.40  14.5   OSO   20.6   18.9   18.9  1019.5   0.00    0.0    0.000   0.023   24.6    49   13.1   24.5    9.03   1.1760     350     1    100.0   15 
 9/10/26  13:30   20.8   21.0   20.7    35    4.8    3.2    OSO   0.80  16.1   NNO   20.8   19.1   19.1  1019.3   0.00    0.0    0.000   0.026   24.6    51   13.8   24.6    9.35   1.1747     349     1    100.0   15 
 9/10/26  13:45   21.3   21.7   20.9    33    4.4    1.6     NO   0.40   9.7   ONO   21.3   19.6   19.6  1019.2   0.00    0.0    0.000   0.031   24.7    47   12.6   24.5    8.72   1.1758     348     1    100.0   15 
 9/10/26  14:00   21.5   21.6   21.4    34    5.0    1.6     NO   0.40  12.9   NNO   21.5   19.8   19.8  1019.2   0.00    0.0    0.000   0.033   24.7    48   13.0   24.6    8.92   1.1751     351     1    100.0   15 
 9/10/26  14:15   21.7   21.9   21.6    33    4.7    1.6     NO   0.40  12.9   NNO   21.7   20.1   20.1  1019.1   0.00    0.0    0.000   0.035   24.8    48   13.0   24.6    8.92   1.1747     351     1    100.0   15 
 9/10/26  14:30   21.7   21.8   21.6    35    5.6    1.6     NO   0.40  11.3   OSO   21.7   20.2   20.2  1018.9   0.00    0.0    0.000   0.035   24.9    49   13.5   24.8    9.01   1.1733     351     1    100.0   15 
 9/10/26  14:45   21.8   22.1   21.7    35    5.7    1.6     NO   0.40   8.0    NO   21.8   20.3   20.3  1018.9   0.00    0.0    0.000   0.036   25.0    50   13.9   24.9    9.21   1.1726     348     1    100.0   15 
 9/10/26  15:00   22.0   22.1   21.8    35    5.8    1.6     NO   0.40   9.7    NE   22.0   20.6   20.6  1018.8   0.00    0.0    0.000   0.038   25.0    50   13.9   24.9    9.21   1.1725     352     1    100.0   15 
 9/10/26  15:15   21.7   21.9   21.6    35    5.6    1.6     NO   0.40  14.5   NNO   21.7   20.2   20.2  1018.8   0.00    0.0    0.000   0.035   25.0    50   13.9   24.9    9.21   1.1725     351     1    100.0   15 
 9/10/26  15:30   21.8   22.0   21.7    34    5.2    1.6     NO   0.40   8.0    SO   21.8   20.2   20.2  1018.6   0.00    0.0    0.000   0.036   24.9    51   14.1   24.8    9.35   1.1725     351     1    100.0   15 
 9/10/26  15:45   21.8   21.9   21.8    34    5.3    1.6     NO   0.40   9.7   NNO   21.8   20.3   20.3  1018.6   0.00    0.0    0.000   0.036   24.8    49   13.3   24.7    9.02   1.1737     351     1    100.0   15 
 9/10/26  16:00   21.9   22.2   21.8    43    8.8    0.0     SO   0.00   3.2   SSO   21.9   20.9   20.9  1018.6   0.00    0.0    0.000   0.038   24.7    50   13.5   24.6    9.22   1.1740     351     1    100.0   15 
 9/10/26  16:15   21.6   21.8   21.4    44    8.8    0.0    OSO   0.00   8.0   OSO   21.6   20.5   20.5  1018.7   0.00    0.0    0.000   0.034   24.7    51   13.9   24.7    9.35   1.1737     351     1    100.0   15 
 9/10/26  16:30   21.0   21.4   20.8    45    8.6    0.0     SO   0.00   4.8   OSO   21.0   19.8   19.8  1018.7   0.00    0.0    0.000   0.028   24.6    51   13.8   24.6    9.35   1.1740     351     1    100.0   15 
 9/10/26  16:45   20.8   20.9   20.7    45    8.5    0.0    OSO   0.00   3.2   OSO   20.8   19.7   19.7  1018.8   0.00    0.0    0.000   0.026   24.6    52   14.0   24.6    9.53   1.1740     351     1    100.0   15 
 9/10/26  17:00   20.2   20.8   19.6    49    9.2    0.0    OSO   0.00   3.2   OSO   20.2   19.4   19.4  1018.9   0.00    0.0    0.000   0.020   24.5    52   14.0   24.6    9.53   1.1744     351     1    100.0   15 
 9/10/26  17:15   19.2   19.6   18.7    52    9.1    0.0     SO   0.00   3.2    SO   19.2   18.4   18.4  1018.8   0.00    0.0    0.000   0.009   24.4    52   13.9   24.5    9.53   1.1746     352     1    100.0   15 
 9/10/26  17:30   18.4   18.7   18.1    54    8.9    0.0    ---   0.00   0.0   ---   18.4   17.7   17.7  1018.9   0.00    0.0    0.000   0.001   24.3    53   14.1   24.4    9.65   1.1749     351     1    100.0   15 
 9/10/26  17:45   17.7   18.1   17.5    56    8.8    0.0    ---   0.00   0.0   ---   17.7   17.1   17.1  1019.0   0.00    0.0    0.006   0.000   24.2    53   14.0   24.3    9.65   1.1756     351     1    100.0   15 
 9/10/26  18:00   17.3   17.5   17.2    58    9.0    0.0    ---   0.00   0.0   ---   17.3   16.7   16.7  1019.1   0.00    0.0    0.010   0.000   24.2    53   14.0   24.3    9.65   1.1761     351     1    100.0   15 
 9/10/26  18:15   17.0   17.2   16.8    58    8.7    0.0      O   0.00   1.6     O   17.0   16.3   16.3  1019.3   0.00    0.0    0.014   0.000   24.1    53   13.9   24.3    9.65   1.1765     351     1    100.0   15 
 9/10/26  18:30   16.7   16.8   16.7    58    8.4    0.0    OSO   0.00   1.6   OSO   16.7   16.0   16.0  1019.2   0.00    0.0    0.017   0.000   24.0    54   14.1   24.2    9.85   1.1767     351     1    100.0   15 
 9/10/26  18:45   16.7   16.7   16.7    59    8.7    0.0    OSO   0.00   1.6   OSO   16.7   16.0   16.0  1019.3   0.00    0.0    0.017   0.000   23.9    54   14.0   24.1    9.85   1.1774     350     1    100.0   15 
 9/10/26  19:00   16.6   16.7   16.4    58    8.3    0.0    ENE   0.00   1.6   ENE   16.6   15.9   15.9  1019.5   0.00    0.0    0.018   0.000   23.8    55   14.2   24.0   10.05   1.1778     350     1    100.0   15 
 9/10/26  19:15   16.2   16.4   16.1    61    8.7    0.0    ENE   0.00   3.2   ENE   16.2   15.6   15.6  1019.5   0.00    0.0    0.022   0.000   23.7    55   14.1   23.9   10.06   1.1784     350     1    100.0   15 
 9/10/26  19:30   15.8   16.1   15.5    65    9.2    0.0    ENE   0.00   1.6     E   15.8   15.3   15.3  1019.5   0.00    0.0    0.027   0.000   23.6    55   14.0   23.8   10.06   1.1786     350     1    100.0   15 
 9/10/26  19:45   15.3   15.5   15.1    67    9.2    0.0    ENE   0.00   1.6   ENE   15.3   14.8   14.8  1019.5   0.00    0.0    0.032   0.000   23.6    55   14.0   23.8   10.06   1.1787     350     1    100.0   15 
 9/10/26  20:00   14.9   15.1   14.9    69    9.3    0.0    ENE   0.00   6.4   ENE   14.9   14.5   14.5  1019.6   0.00    0.0    0.035   0.000   23.6    55   14.0   23.8   10.06   1.1787     347     1    100.0   15 
 9/10/26  20:15   14.9   14.9   14.8    69    9.2    1.6    ENE   0.40   8.0    NE   14.9   14.4   14.4  1019.8   0.00    0.0    0.036   0.000   23.6    56   14.3   23.8   10.26   1.1789     351     1    100.0   15 
 9/10/26  20:30   14.8   14.9   14.6    69    9.1    0.0    ENE   0.00   4.8   ENE   14.8   14.3   14.3  1019.8   0.00    0.0    0.037   0.000   23.4    56   14.1   23.6   10.27   1.1798     348     1    100.0   15 
 9/10/26  20:45   14.3   14.6   14.2    70    8.9    0.0     NE   0.00   9.7    NE   14.3   13.9   13.9  1019.8   0.00    0.0    0.042   0.000   23.3    56   14.1   23.5   10.27   1.1801     351     1    100.0   15 
 9/10/26  21:00   14.3   14.3   14.3    71    9.1    0.0    ENE   0.00   8.0     E   14.3   13.9   13.9  1019.9   0.00    0.0    0.042   0.000   23.6    56   14.3   23.8   10.26   1.1788     347     1    100.0   15 
 9/10/26  21:15   14.3   14.3   14.3    70    8.9    0.0    ENE   0.00   3.2   ENE   14.3   13.9   13.9  1020.1   0.00    0.0    0.042   0.000   24.0    55   14.4   24.3   10.04   1.1773     351     1    100.0   15 
 9/10/26  21:30   14.3   14.3   14.3    70    8.9    0.0    ---   0.00   0.0   ---   14.3   13.8   13.8  1020.1   0.00    0.0    0.042   0.000   24.3    55   14.7   24.5   10.02   1.1759     352     1    100.0   15 
 9/10/26  21:45   14.3   14.3   14.2    71    9.1    0.0    ---   0.00   0.0   ---   14.3   13.9   13.9  1020.2   0.00    0.0    0.042   0.000   24.4    55   14.8   24.6   10.01   1.1754     351     1    100.0   15 
 9/10/26  22:00   14.1   14.2   13.9    72    9.1    0.0    ENE   0.00   1.6   ENE   14.1   13.7   13.7  1020.0   0.00    0.0    0.044   0.000   24.5    54   14.6   24.6    9.83   1.1750     351     1    100.0   15 
 9/10/26  22:15   13.9   14.0   13.8    72    9.0    0.0    ---   0.00   0.0   ---   13.9   13.6   13.6  1020.0   0.00    0.0    0.046   0.000   24.7    54   14.7   24.8    9.82   1.1741     351     1    100.0   15 
 9/10/26  22:30   13.6   13.8   13.4    73    8.8    0.0    ---   0.00   0.0   ---   13.6   13.2   13.2  1019.9   0.00    0.0    0.050   0.000   24.7    54   14.7   24.8    9.82   1.1740     350     1    100.0   15 
 9/10/26  22:45   13.2   13.4   13.1    75    8.9    0.0    ---   0.00   0.0   ---   13.2   12.9   12.9  1019.9   0.00    0.0    0.053   0.000   24.8    54   14.8   24.9    9.82   1.1735     351     1    100.0   15 
 9/10/26  23:00   13.2   13.3   13.1    74    8.6    0.0    ---   0.00   0.0   ---   13.2   12.8   12.8  1019.8   0.00    0.0    0.054   0.000   24.8    54   14.9   24.9    9.82   1.1731     351     1    100.0   15 
 9/10/26  23:15   13.3   13.4   13.3    73    8.6    0.0    ---   0.00   0.0   ---   13.3   12.9   12.9  1019.8   0.00    0.0    0.052   0.000   24.8    54   14.9   24.9    9.82   1.1731     350     1    100.0   15 
 9/10/26  23:30   13.3   13.4   13.2    73    8.5    0.0    ---   0.00   0.0   ---   13.3   12.9   12.9  1019.8   0.00    0.0    0.053   0.000   24.7    54   14.8   24.8    9.82   1.1737     350     1    100.0   15 
 9/10/26  23:45   13.2   13.2   13.1    74    8.6    0.0    ---   0.00   0.0   ---   13.2   12.8   12.8  1019.8   0.00    0.0    0.054   0.000   24.5    55   14.9   24.7   10.01   1.1744     352     1    100.0   15 
10/10/26  00:00   13.0   13.1   12.9    75    8.7    0.0    ---   0.00   0.0   ---   13.0   12.7   12.7  1019.5   0.00    0.0    0.056   0.000   24.2    55   14.6   24.4   10.03   1.1755     351     1    100.0   15 
10/10/26   0:15   12.8   12.9   12.7    75    8.5    0.0    ---   0.00   0.0   ---   12.8   12.6   12.6  1019.6   0.00    0.0    0.057   0.000   23.9    55   14.3   24.2   10.05   1.1770     348     1    100.0   15 
10/10/26   0:30   12.6   12.7   12.5    76    8.4    0.0    ---   0.00   0.0   ---   12.6   12.3   12.3  1019.7   0.00    0.0    0.060   0.000   23.7    56   14.4   24.0   10.26   1.1779     351     1    100.0   15 
10/10/26   0:45   12.3   12.5   12.2    77    8.4    0.0    ---   0.00   0.0   ---   12.3   12.1   12.1  1019.8   0.00    0.0    0.062   0.000   23.4    56   14.2   23.7   10.27   1.1795     351     1    100.0   15 
10/10/26   1:00   12.1   12.2   11.9    78    8.3    0.0    ---   0.00   0.0   ---   12.1   11.8   11.8  1019.7   0.00    0.0    0.065   0.000   23.2    56   14.0   23.4   10.27   1.1805     351     1    100.0   15 
10/10/26   1:15   12.1   12.2   11.9    77    8.2    0.0    ---   0.00   0.0   ---   12.1   11.9   11.9  1019.6   0.00    0.0    0.065   0.000   23.0    57   14.0   23.2   10.41   1.1812     351     1    100.0   15 
10/10/26   1:30   12.2   12.3   12.2    76    8.1    0.0    ---   0.00   0.0   ---   12.2   11.9   11.9  1019.4   0.00    0.0    0.064   0.000   22.8    57   13.9   22.9   10.43   1.1819     351     1    100.0   15 
10/10/26   1:45   12.3   12.4   12.3    76    8.2    0.0    ---   0.00   0.0   ---   12.3   12.1   12.1  1019.2   0.00    0.0    0.062   0.000   22.6    57   13.7   22.6   10.44   1.1827     351     1    100.0   15 
10/10/26   2:00   12.3   12.4   12.2    77    8.4    0.0    ---   0.00   0.0   ---   12.3   12.1   12.1  1019.1   0.00    0.0    0.062   0.000   22.4    58   13.7   22.3   10.66   1.1834     350     1    100.0   15 
10/10/26   2:15   12.0   12.2   11.9    72    7.1    0.0    ---   0.00   0.0   ---   12.0   11.7   11.7  1019.0   0.00    0.0    0.066   0.000   22.2    58   13.6   22.1   10.67   1.1841     352     1    100.0   15 
10/10/26   2:30   11.8   11.9   11.4    73    7.1    0.0    ---   0.00   0.0   ---   11.8   11.4   11.4  1018.8   0.00    0.0    0.068   0.000   22.3    58   13.6   22.2   10.67   1.1837     350     1    100.0   15 
10/10/26   2:45   11.3   11.4   11.3    73    6.7    0.0    ---   0.00   0.0   ---   11.3   11.1   11.1  1018.6   0.00    0.0    0.073   0.000   22.6    57   13.7   22.6   10.44   1.1820     350     1    100.0   15 
10/10/26   3:00   11.6   11.9   11.3    71    6.5    0.0    ---   0.00   0.0   ---   11.6   11.2   11.2  1018.5   0.00    0.0    0.071   0.000   22.9    57   14.0   23.1   10.42   1.1802     350     1    100.0   15 
10/10/26   3:15   12.2   12.6   11.9    68    6.5    0.0    ---   0.00   0.0   ---   12.2   11.8   11.8  1018.4   0.00    0.0    0.064   0.000   23.2    56   13.9   23.3   10.28   1.1792     350     1    100.0   15 
10/10/26   3:30   12.4   12.7   11.9    70    7.1    0.0    ---   0.00   0.0   ---   12.4   12.0   12.0  1018.3   0.00    0.0    0.062   0.000   23.3    56   14.0   23.4   10.27   1.1786     350     1    100.0   15 
10/10/26   3:45   11.6   11.9   11.4    74    7.1    0.0    ---   0.00   0.0   ---   11.6   11.3   11.3  1018.2   0.00    0.0    0.071   0.000   23.4    56   14.2   23.7   10.27   1.1776     350     1    100.0   15 
10/10/26   4:00   11.4   11.4   11.1    74    6.9    0.0    ---   0.00   0.0   ---   11.4   11.1   11.1  1018.1   0.00    0.0    0.072   0.000   23.6    56   14.3   23.8   10.26   1.1769     351     1    100.0   15 
10/10/26   4:15   10.7   11.1   10.3    76    6.7    0.0    ---   0.00   0.0   ---   10.7   10.6   10.6  1018.1   0.00    0.0    0.079   0.000   23.6    55   14.0   23.8   10.06   1.1770     349     1    100.0   15 
10/10/26   4:30   10.3   10.4   10.2    77    6.4    0.0    ---   0.00   0.0   ---   10.3   10.2   10.2  1018.2   0.00    0.0    0.084   0.000   23.7    55   14.1   23.9   10.06   1.1765     352     1    100.0   15 
10/10/26   4:45   10.3   10.4   10.2    76    6.3    0.0    ---   0.00   0.0   ---   10.3   10.2   10.2  1018.2   0.00    0.0    0.083   0.000   23.8    55   14.2   24.0   10.05   1.1763     351     1    100.0   15 
10/10/26   5:00   10.7   11.2   10.2    74    6.3    0.0    ---   0.00   0.0   ---   10.7   10.5   10.5  1018.2   0.00    0.0    0.079   0.000   23.8    55   14.2   24.0   10.05   1.1762     351     1    100.0   15 
10/10/26   5:15   11.4   11.7   11.2    72    6.5    0.0    OSO   0.00  11.3   OSO   11.4   11.1   11.1  1018.4   0.00    0.0    0.072   0.000   23.8    55   14.2   24.1   10.05   1.1761     351     1    100.0   15 
10/10/26   5:30   11.8   11.8   11.7    72    6.9    0.0    ---   0.00   0.0   ---   11.8   11.4   11.4  1018.4   0.00    0.0    0.068   0.000   23.7    55   14.1   23.9   10.06   1.1767     351     1    100.0   15 
10/10/26   5:45   11.4   11.8   11.1    74    7.0    0.0    ---   0.00   0.0   ---   11.4   11.2   11.2  1018.3   0.00    0.0    0.072   0.000   23.7    55   14.1   23.9   10.06   1.1767     349     1    100.0   15 
10/10/26   6:00   11.1   11.1   11.0    74    6.6    0.0    ---   0.00   0.0   ---   11.1   10.8   10.8  1018.3   0.00    0.0    0.076   0.000   23.8    55   14.2   24.0   10.05   1.1763     351     1    100.0   15 
10/10/26   6:15   10.9   11.0   10.8    76    6.9    0.0    ---   0.00   0.0   ---   10.9   10.8   10.8  1018.4   0.00    0.0    0.077   0.000   23.8    54   14.0   24.1    9.85   1.1765     350     1    100.0   15 
10/10/26   6:30   10.6   10.8   10.5    77    6.7    0.0    ---   0.00   0.0   ---   10.6   10.5   10.5  1018.5   0.00    0.0    0.080   0.000   23.9    54   14.0   24.1    9.85   1.1764     351     1    100.0   15 
10/10/26   6:45   10.9   11.4   10.7    75    6.7    0.0    ---   0.00   0.0   ---   10.9   10.7   10.7  1018.6   0.00    0.0    0.077   0.000   24.2    55   14.6   24.4   10.03   1.1747     352     1    100.0   15 
10/10/26   7:00   12.2   12.9   11.4    71    7.1    0.0    ---   0.00   0.0   ---   12.2   11.8   11.8  1018.6   0.00    0.0    0.064   0.000   24.6    55   15.0   24.8   10.00   1.1725     351     1    100.0   15 
10/10/26   7:15   13.6   14.2   12.9    67    7.5    0.0    ONO   0.00   1.6   ONO   13.6   13.1   13.1  1018.8   0.00    0.0    0.050   0.000   24.8    55   15.1   24.9    9.99   1.1718     350     1    100.0   15 
10/10/26   7:30   14.3   14.5   14.2    66    8.1    0.0      E   0.00   4.8   ENE   14.3   13.8   13.8  1019.0   0.00    0.0    0.042   0.000   24.9    55   15.2   25.1    9.98   1.1715     351     1    100.0   15 
10/10/26   7:45   14.3   14.7   14.2    66    8.1    0.0    ENE   0.00   1.6   ENE   14.3   13.8   13.8  1019.0   0.00    0.0    0.042   0.000   24.9    55   15.2   25.1    9.98   1.1715     351     1    100.0   15 
10/10/26   8:00   14.9   15.3   14.7    65    8.4    0.0      S   0.00   1.6     S   14.9   14.4   14.4  1018.9   0.00    0.0    0.035   0.000   24.9    55   15.2   25.1    9.98   1.1714     351     1    100.0   15 
10/10/26   8:15   15.4   15.6   15.2    65    8.8    0.0      S   0.00   1.6     S   15.4   14.9   14.9  1019.0   0.00    0.0    0.031   0.000   24.8    55   15.2   25.0    9.98   1.1717     351     1    100.0   15 
10/10/26   8:30   15.9   16.0   15.7    64    9.1    0.0    ENE   0.00   3.2   ESE   15.9   15.4   15.4  1019.0   0.00    0.0    0.025   0.000   24.8    55   15.1   24.9    9.99   1.1721     351     1    100.0   15 
10/10/26   8:45   16.0   16.2   15.8    64    9.2    0.0    ENE   0.00   3.2   ENE   16.0   15.5   15.5  1019.0   0.00    0.0    0.024   0.000   24.7    55   15.1   24.9    9.99   1.1723     352     1    100.0   15 
10/10/26   9:00   16.5   16.7   16.2    63    9.4    0.0    ENE   0.00   3.2   ENE   16.5   16.0   16.0  1019.0   0.00    0.0    0.019   0.000   24.7    55   15.0   24.8    9.99   1.1727     351     1    100.0   15 
10/10/26   9:15   16.8   16.9   16.7    62    9.5    0.0    ENE   0.00   3.2   ENE   16.8   16.3   16.3  1019.0   0.00    0.0    0.016   0.000   24.7    54   14.7   24.8    9.82   1.1730     350     1    100.0   15 
10/10/26   9:30   17.2   17.3   16.9    61    9.6    0.0     NE   0.00   3.2    NE   17.2   16.6   16.6  1019.1   0.00    0.0    0.012   0.000   24.6    53   14.3   24.7    9.65   1.1741     350     1    100.0   15 
10/10/26   9:45   17.4   17.7   17.3    61    9.8    0.0     NO   0.00   3.2    NO   17.4   16.9   16.9  1019.1   0.00    0.0    0.010   0.000   24.6    52   14.1   24.7    9.52   1.1741     351     1    100.0   15 
